0.271929406659
0.282192054045
0.324246933281
0.3796972378
0.314631238104
0.292549654542
0.288978403762
0.366636427615
0.351661423728
0.393374664755
0.353037944768
0.46174712698
0.423331978563
0.369167215674
0.483626341774
0.417924097156
0.339074497404
0.400772172709
0.429623048523
0.345904116521
0.343582785403
0.349547370147
0.55618974462
0.53940749725
0.463469697493
0.520560118997
0.47031405434
0.446899187737
0.423856098955
0.450498620355
0.414213157154
0.472592098912
0.39849112118
0.516442204128
0.440115887903
0.497695822743
0.440611554074
0.5089334834
0.487019392893
0.412094243553
0.544957751601
0.440262513157
0.402018209453
0.352524997678
0.486636311233
0.440667499089
0.45949396545
0.399622253442
0.35859599864
0.328955615624
0.475036642887
0.43004404451
0.31442086641
0.322597441989
0.430765843668
0.463310917226
0.403933529888
0.334639903768
0.408570845234
0.426038010765
0.474634624107
0.4615190628
0.502912029047
0.426420304597
0.430639234519
0.463340114169
0.527155458246
0.463158216394
0.450521721798
0.372021394372
0.453196585625
0.426817246329
0.433959758668
0.420774329024
0.528216239487
0.500602459424
0.45238635374
0.440943206284
0.363798594643
0.452693092519
0.402340794412
0.533200591825
0.505402762573
0.539901750912
0.534889571953
0.517778769654
0.556331930095
0.528908063814
0.536233486551
0.453758614154
0.489864717039
0.525770213425
0.507972104118
0.560177315407
0.465936841538
0.447812232442
0.394452085402
0.365745035963
0.396808854747
0.413115048622
