0.830835427557
0.946815480865
0.976343315322
0.9446015749
0.98
0.946063265242
0.898331863896
0.966676019302
0.919440205201
0.920660940402
0.904000486394
0.82184455931
0.901424435007
0.979671633191
0.98
0.970252711682
0.844668074707
0.816742295567
0.888463135834
0.826526668667
0.820406823899
0.952208239424
0.892101371043
0.893858346714
0.866943197282
0.770006806247
0.98
0.86882390765
0.914152351261
0.975025575135
0.712406823899
0.762771605371
0.974067418541
0.645751333311
0.587624901234
0.848418626569
0.891426276522
0.635406823899
0.547406823899
0.681624901234
0.798032574198
0.958516751347
0.846118562283
0.888394981548
0.98
0.98
0.911376760694
0.921650660259
0.978811404752
0.98
0.884399640396
0.979762081774
0.813091036769
0.780424258037
0.617624901234
0.671624901234
0.653051039361
0.814468922744
0.694624901234
0.656406823899
0.897430878746
0.965791739763
0.799333511264
0.853414206675
0.827250199389
0.715624901234
0.829103408809
0.496321688578
0.802137033177
0.92680366478
0.791709477172
0.947119728429
0.98
0.932960567923
0.98
0.859352082158
0.856827520065
0.966603054709
0.857021495272
0.98
0.979600056776
0.971699856831
0.98
0.98
0.924601745067
0.914364409139
0.822196736328
0.785406823899
0.978320849159
0.834840329622
0.98
0.977164875091
0.806406823899
0.978320849159
0.98
0.714931924299
0.726624901234
0.839082801004
0.971306562327
0.962237808465
