0.733624901234
0.934149666852
0.87129369582
0.98
0.98
0.941621963835
0.895501497505
0.972350279261
0.98
0.906449156362
0.98
0.98
0.971527655615
0.97080735693
0.908508526058
0.947555050273
0.98
0.976376579395
0.837369254059
0.892729717643
0.621659937798
0.580624901234
0.947936539498
0.888434678619
0.776468916475
0.98
0.98
0.833848508129
0.976412013275
0.962543337037
0.658276725456
0.873793671211
0.967823986823
0.878524706459
0.686369183012
0.962223122328
0.768421147667
0.817134150061
0.905526046772
0.948975257117
0.917356245175
0.871296611453
0.959245789198
0.964768677838
0.929412217318
0.979376981332
0.923354531747
0.98
0.98
0.98
0.973560828108
0.891626146407
0.853137457493
0.943121269928
0.98
0.734085299542
0.797177375334
0.527624901234
0.97870151804
0.979793644274
0.862378919931
0.850001214509
0.852624901234
0.98
0.98
0.872265018712
0.847145906248
0.870866205878
0.836047777161
0.884764683903
0.771406823899
0.949187361952
0.939983780789
0.90512598031
0.879588112149
0.98
0.871368279891
0.783522645976
0.941927653875
0.896700741392
0.877681568002
0.90391232328
0.944248154458
0.94412273155
0.943202750367
0.9436000025
0.975267946564
0.951716186955
0.837371363871
0.884764683903
0.908809430202
0.960856592388
0.976970990424
0.941901256986
0.937976276398
0.975524901619
0.925792839003
0.974157535277
0.967239311601
0.899996532002
