0.822632884105
0.813385986958
0.777433254085
0.735584731617
0.704930670555
0.655262128592
0.608952569013
0.489755284591
0.455249093569
0.36505444461
0.440579276275
0.33207355358
0.369391997191
0.309988920714
0.278588895014
0.344965869339
0.344047546105
0.378352065424
0.417171638907
0.404145944853
0.429759275884
0.496257295514
0.459842244682
0.471720512634
0.424899546991
0.422460335201
0.462702826077
0.42559815407
0.424784878896
0.510726973689
0.503003214163
0.476874016107
0.478810112166
0.499623994808
0.43482334902
0.426509048994
0.423300255915
0.397250163556
0.362430196994
0.385608675838
0.401133414158
0.393602797892
0.395470506745
0.416457513643
0.33371034242
0.214151336149
0.210291804444
0.178904008489
0.122643401581
0.0758736498298
0.125930575507
0.0825932761314
0.111192056326
0.0705076975457
0.102369504781
0.142595668663
0.163708537229
0.120966180982
0.0964396410567
0.154904626729
0.184536957366
0.134698388774
0.113093625189
0.0894709713138
0.115619136304
0.152877451473
0.235310741249
0.25261057184
0.245623523788
0.278910726383
0.334616929007
0.328776993692
0.322123382123
0.333092077787
0.327814846141
0.354012972947
0.354956494486
0.443438397762
0.420616224665
0.427681846801
0.404933993467
0.420373038619
0.419536539738
0.399107089132
0.389963567555
0.438426863298
0.404788531559
0.425370077675
0.395694752294
0.370457429153
0.387483982187
0.387829504225
0.398857719396
0.369720274229
0.398736038729
0.3508386244
0.360884649064
0.365070983911
0.389450547131
0.388186131185
