0.980901059064
0.910338924603
0.862888810731
0.874032741759
0.849472223981
0.848244802545
0.845151831541
0.845527306015
0.8154071468
0.821366501415
0.786438891198
0.734129850644
0.742237308192
0.741390315903
0.693453173034
0.754115964921
0.757237581183
0.796613189836
0.781461095234
0.757972542976
0.754713932861
0.721899792333
0.729169291541
0.735595552217
0.711999008253
0.634952813745
0.680552382872
0.654859441035
0.658819082583
0.697306134168
0.67843027183
0.705810241071
0.717045104097
0.694149175559
0.714709774847
0.674375894615
0.653166858424
0.640581962996
0.631751900827
0.695787050403
0.694454679232
0.685640021416
0.70817718875
0.724392115869
0.746011222783
0.756588271462
0.744159655262
0.737159461056
0.707228359151
0.714206501283
0.613149051059
0.660244498518
0.634795213987
0.658697268522
0.614696819471
0.661708578287
0.647922337363
0.673049594958
0.640507234726
0.657906121908
0.652032834937
0.663317488076
0.668355549664
0.675820943257
0.702113492308
0.701893422269
0.662587008593
0.669839414848
0.696671416637
0.691371486199
0.675932123535
0.665961289439
0.673052042683
0.659211601378
0.605048382997
0.603363789688
0.577535098504
0.621036199555
0.560657413977
0.564292119048
0.576789177716
0.528518091433
0.556501612346
0.57203544837
0.544490591164
0.566311755743
0.577730138008
0.629006743303
0.664974019271
0.718893934643
0.735372083651
0.691684549339
0.667107299718
0.681711586228
0.604026103581
0.603863653983
0.61653937585
0.572471096301
0.632167665737
0.683263163338
