0.979821282374
0.931070081139
0.911976367172
0.867924740039
0.834121792669
0.827548039241
0.782750250064
0.768282398898
0.768096629853
0.78520641608
0.756981325045
0.746183151318
0.664397206128
0.62553775795
0.636943313033
0.648143069211
0.603390508954
0.594105975664
0.582531988939
0.562342290238
0.561928121624
0.508795251827
0.516567618809
0.573001599022
0.698748327461
0.596513756255
0.639264171733
0.617454754319
0.505535839961
0.477281703498
0.558842411722
0.575971947028
0.541486146523
0.595393756965
0.585197198559
0.668824406678
0.59423168972
0.583169038944
0.617537065022
0.59259214292
0.667577149062
0.620743242863
0.610772200236
0.607281797195
0.58545644642
0.714541744509
0.63280785853
0.625276338144
0.631979261807
0.61839545574
0.614773374387
0.666419108702
0.684387663879
0.661913176783
0.646253251711
0.627712191757
0.645040854128
0.704619302105
0.700593693551
0.668510188446
0.658391519641
0.643779438692
0.640001184067
0.643546853474
0.617535553957
0.625977612024
0.634719371446
0.654438134077
0.663286658483
0.662438403621
0.702541046651
0.676357122125
0.707120609347
0.65922930398
0.704697641231
0.720269544183
0.697140844414
0.682445364828
0.703816706144
0.696322976521
0.724867525494
0.738805639909
0.713987633588
0.726626048415
0.70709364014
0.695936403655
0.674742244819
0.626149750862
0.608732943579
0.600594731212
0.575373289522
0.573579933656
0.596814281453
0.562356930282
0.508309123289
0.515777445276
0.49953947934
0.546439034315
0.592608729811
0.568325619427
