0.261325208312
0.29892744712
0.380928436606
0.364594658829
0.490573422404
0.540722321728
0.506446494351
0.54922176692
0.377943171904
0.406613257338
0.400307656338
0.413543996515
0.385179584237
0.333328686708
0.306593506242
0.442948242548
0.641885046349
0.50642622703
0.488612345842
0.484317861136
0.491865994968
0.363671929843
0.389484357648
0.409984235898
0.298551890398
0.631273757074
0.52013831784
0.506910727894
0.451660261531
0.55683583266
0.490349898712
0.41312017962
0.317277168928
0.429150153975
0.378055271981
0.453964855869
0.368239207106
0.482118857463
0.625195724019
0.417261937745
0.390612928195
0.529853627202
0.422075710191
0.462464685369
0.388579808654
0.329687677326
0.370098620587
0.380725300436
0.375245553983
0.477035114474
0.490625396693
0.453408997604
0.390458625093
0.346345742855
0.314090699857
0.465491025216
0.336163900472
0.292704667028
0.373861522923
0.24542850086
0.306020733493
0.384600134589
0.548116431781
0.462185703171
0.457418106153
0.424724796231
0.388867085983
0.449573148829
0.482816532403
0.407378209995
0.344201677185
0.242647334603
0.29044019802
0.284917034744
0.323284413238
0.290065901049
0.355084969792
0.249348047401
0.235667553059
0.258684687525
0.316031045782
0.36833752098
0.382132189361
0.373360427517
0.401575980842
0.327326551325
0.386465111164
0.438198108816
0.514320200128
0.510894263662
0.547124744114
0.549064455237
0.433718217387
0.406538256733
0.466328377268
0.488839328677
0.417816141962
0.35567591681
0.548400453637
0.482967102519
