0.28261130962
0.358498840516
0.497714617581
0.510775886221
0.496382795929
0.467137228075
0.481085693016
0.428485563579
0.383060060454
0.417109049482
0.340168935025
0.262108239309
0.35980545602
0.288097348062
0.352803730795
0.426125429626
0.420348732662
0.509062443836
0.517146190598
0.497028299356
0.388693051
0.59725024091
0.515229525935
0.492557897135
0.460074112704
0.260433335556
0.232658168373
0.371488082652
0.443473817826
0.396219655083
0.400794217552
0.323768468726
0.360617834814
0.5453015148
0.557512559631
0.441199844168
0.539549927524
0.473596703373
0.298480599417
0.408726059805
0.464878831015
0.501053154792
0.497132744373
0.418621217128
0.408074508237
0.386053872486
0.387456545055
0.365827542895
0.488780846854
0.533140201013
0.571419316165
0.562487925074
0.437865250259
0.422410468521
0.390281305124
0.403439876189
0.395816141368
0.3298046657
0.368649572197
0.396075282846
0.516594068342
0.561604080675
0.501467301278
0.551421366106
0.485491770701
0.440035598388
0.400195685202
0.493233855884
0.526481199057
0.462844189806
0.531937702489
0.453085617695
0.434692521556
0.403084791256
0.47327193267
0.451899601743
0.451126405189
0.427626703548
0.370636035841
0.39901806372
0.25874013926
0.432389120321
0.603173938285
0.575942763075
0.472453419506
0.466176600407
0.434339629048
0.41335372212
0.442522200619
0.588183207189
0.506439077412
0.551005006074
0.573493058072
0.489556332999
0.326134710454
0.273618366462
0.271367817576
0.25762617979
0.222328798715
0.319262666092
