0.315177172347
0.297494396623
0.39923652166
0.463624511327
0.323220874214
0.416064106145
0.586100525541
0.550518545139
0.577222639795
0.38160245116
0.42504404035
0.515979806787
0.415278875336
0.402763058575
0.389984288378
0.349880318145
0.330132168096
0.269755544332
0.325107415935
0.344465185926
0.383480489996
0.426842291586
0.432802650883
0.351673869892
0.321497925851
0.23377917848
0.269462880655
0.366387694411
0.396552730611
0.278309008384
0.266901322214
0.349174777026
0.259856834869
0.383543140591
0.433901962097
0.363003064015
0.393515357502
0.522285323109
0.384497998798
0.416059645615
0.267851834412
0.236636158912
0.235238940157
0.355155489798
0.312518647822
0.380330260194
0.538538525873
0.440698911364
0.485247239051
0.533010121939
0.304230461093
0.440429527853
0.387138828149
0.443743801249
0.363046958276
0.510350798518
0.393788033473
0.386830099671
0.385234941982
0.428439531351
0.392742133011
0.28752712577
0.343193680579
0.310125705484
0.365525964563
0.405516721169
0.394988191241
0.360458272236
0.34991094864
0.262303342544
0.243004635227
0.253311973486
0.238843953097
0.394422079449
0.495235368881
0.464307399972
0.494759184536
0.448756480613
0.443012582265
0.355910630814
0.390921490966
0.45641678916
0.465772062636
0.60748491957
0.552398907129
0.43750868876
0.474498969846
0.531096350795
0.476200951101
0.503955166961
0.501617026302
0.474085591477
0.531108568655
0.464599332185
0.469426663252
0.474982369948
0.487983073152
0.558499253542
0.538713869057
0.47249706853
