0.986934176934
0.921023053052
0.763802517381
0.810897435897
0.751843904633
0.705742717743
0.748402100038
0.639213074038
0.527042562776
0.467063563733
0.45938111308
0.357215458802
0.380769230769
0.440435323283
0.424276525513
0.396092387934
0.465615128826
0.469359805149
0.461355414987
0.472896553376
0.494738676621
0.472610211426
0.579708441235
0.588590935065
0.55301546169
0.502550988235
0.546720845978
0.538114260009
0.483734167366
0.521982889772
0.519518881229
0.512965811966
0.541785558838
0.455054531397
0.406863861838
0.425180906916
0.458869614673
0.494544984256
0.502366846604
0.588536739747
0.678664757007
0.672904457089
0.681768662053
0.660153312046
0.586187320525
0.559613850693
0.603327720433
0.576763240974
0.547832059256
0.434178692284
0.418856263503
0.363020348284
0.376602995708
0.463461538462
0.466223012486
0.452950683477
0.480946371473
0.512126435826
0.537286355181
0.568042259182
0.545786738155
0.56134481445
0.615590553564
0.652035355193
0.680128205128
0.65772751178
0.637381997382
0.649126673232
0.651217979113
0.61766654115
0.603594347384
0.56463307437
0.445375705665
0.637353812749
0.534405162247
0.615432250064
0.474407463157
0.460371319808
0.259976152266
0.319946091841
0.290569233201
0.330961892114
0.362606837607
0.386360773729
0.441424262319
0.448224484172
0.439993404336
0.463316878645
0.491372694557
0.592905569537
0.533301436196
0.538979927503
0.519715286307
0.49684733338
0.580834189597
0.482413559308
0.568892041042
0.512051282051
0.527540637804
0.449190283401
