0.993887825138
0.913310424449
0.766271854272
0.705481395797
0.746233959813
0.788657284732
0.583831989885
0.309017897325
0.239046394573
0.584917568647
0.60036417968
0.541994962657
0.60989010989
0.444553733606
0.581172213277
0.670463002621
0.44796206733
0.346558453604
0.413594517835
0.432733872102
0.487045179188
0.413655043362
0.456330012141
0.495871964718
0.572330457616
0.544224817123
0.498273375747
0.489493279531
0.515746538029
0.534429865377
0.514788012882
0.601804776867
0.571809390901
0.641950549451
0.675964821096
0.750484408805
0.681379186011
0.778759624001
0.706718775456
0.580657985921
0.638428185849
0.603033344565
0.640520686679
0.713755559451
0.693263908211
0.776613597403
0.744871794872
0.787246309911
0.62163270716
0.611720244131
0.670897435897
0.523278876369
0.496461477259
0.520953860743
0.588666666667
0.64698212001
0.712324947879
0.705502766521
0.66413243608
0.653846153846
0.745720732879
0.813951820156
0.824980728659
0.759668010984
0.789706751286
0.731786201675
0.676376433087
0.620483754162
0.737132989265
0.774762008973
0.834272672376
0.810760609057
0.80967647564
0.82995074224
0.797092400092
0.758141950258
0.732603706946
0.742684397112
0.773529867635
0.759640441448
0.65304048583
0.75048296243
0.73552294197
0.653781449466
0.731398497301
0.766556450899
0.799842780027
0.786862448234
0.753193011982
0.774476202655
0.734919174235
0.628922219791
0.737068698253
0.762264507422
0.757902390244
0.787839136302
0.795336909495
0.61422172809
0.724474172468
0.734729048474
