0.990225792726
0.913206851142
0.865315002249
0.871832193674
0.795142417142
0.769049410147
0.754575168691
0.761849392713
0.75169877732
0.752289819517
0.747705978043
0.778185145285
0.593801149137
0.628169050063
0.497234924803
0.618743786055
0.698376290079
0.708606112156
0.690013726277
0.716255586553
0.71945802969
0.582995393369
0.758790233959
0.777121187584
0.768959384891
0.774052387232
0.718718848403
0.817727075853
0.745675933423
0.75956315061
0.723396732765
0.756282620677
0.705494770884
0.649414086035
0.557577650814
0.684266428372
0.659844816476
0.650225614626
0.693394209247
0.63404752769
0.636709401709
0.636994223778
0.588686326002
0.643083658557
0.61995196631
0.510902267382
0.498402858034
0.445252411033
0.424097864203
0.4309425811
0.48919405322
0.413495020298
0.48256656454
0.499782416888
0.577302844266
0.557857132436
0.5743632661
0.643617088749
0.615330999015
0.617521367521
0.613113722711
0.581753036437
0.519731945653
0.440171839856
0.552711541501
0.612256487256
0.568095737438
0.562244973719
0.516223610829
0.482393389341
0.462922377843
0.518041847516
0.574116732117
0.641479266778
0.686363077653
0.6505578919
0.65531162585
0.639548893023
0.494856456014
0.498461599251
0.612896961739
0.588431044967
0.537918080023
0.601942594118
0.59080099938
0.56055889898
0.515782857757
0.540253513996
0.603183546777
0.647358952087
0.629529677133
0.668071342598
0.65483619652
0.59028340081
0.624492535045
0.619512535889
0.489746448747
0.529846197044
0.531784471744
0.550374687298
