0.988805962556
0.880576367861
0.745924908425
0.678692569087
0.670608481964
0.595109372451
0.53623791808
0.515141025641
0.471684547908
0.383961400382
0.446907155896
0.120491814255
0.0607024838604
0.0889968261215
0.0315869437167
0.0136465922383
0.0272022322701
0.0971230482299
0.0619971820475
0.105228070175
0.0247668690958
0.070811856147
0.159247638327
0.107030674399
0.0256336913837
0.0251816065632
0.0987093773936
0.0250998468104
0.0820917678812
0.0724001167159
0.130048391509
0.0638786385985
0.0250223583908
0.037170341394
0.0125
0.119244127731
0.0381634752161
0.0125
0.0255671203303
0.0632894736842
0.109912025386
0.0505896888792
0.147832184411
0.202775358354
0.285235691785
0.268144212219
0.156912073172
0.0772437564806
0.0795638860448
0.109609920112
0.169991170745
0.0970679601158
0.037621183937
0.0248587828719
0.0559943926496
0.0258050482439
0.051256525933
0.0368809471704
0.0550394141973
0.0480769230769
0.0478495276653
0.0599930244009
0.0369548246917
0.0127052649816
0.0716349983587
0.050639591765
0.0248548984207
0.0698717948718
0.0734569974833
0.196135882846
0.197891337481
0.127749662618
0.123399593926
0.158012820513
0.207063351813
0.251044935624
0.0807692307692
0.0808825910931
0.0446761133603
0.0482335777073
0.0969865047233
0.0703625396652
0.0372064230222
0.0441373144399
0.0480908784384
0.102450869898
0.090396834081
0.127063741301
0.0483603238866
0.137465996071
0.142156552645
0.147756485984
0.0855038883568
0.0127857320884
0.074713815898
0.132226653775
0.180112487645
0.239205272363
0.245192307692
0.347073684272
