0.811983390088
0.767610719474
0.754566617246
0.759433999632
0.732471268537
0.704142875632
0.650939662946
0.641618866854
0.64408217096
0.633134324039
0.666721163262
0.696029230098
0.718554721681
0.672958813893
0.584674496175
0.699280121492
0.719926436646
0.743282122111
0.728154259246
0.744131427577
0.750039034839
0.744287579184
0.711819232749
0.71869328481
0.733664337422
0.690170575044
0.685958335753
0.65055690486
0.66290100012
0.58798300466
0.538873128109
0.444565379095
0.452228484084
0.429755086008
0.424724599334
0.410896933969
0.431894843068
0.327838940875
0.371116934889
0.314372173233
0.256400836022
0.331480573002
0.21177921828
0.313582821571
0.317717512379
0.3678262263
0.343052204352
0.388777517579
0.390419373567
0.506235214973
0.558106249838
0.576023554582
0.624415049249
0.582845259898
0.608331100214
0.624154812106
0.60324668171
0.604351964581
0.590443909693
0.620924229015
0.600612560626
0.530622959749
0.541441309284
0.537567654916
0.569990948228
0.478261922445
0.458010498534
0.520788035964
0.525482160839
0.556384870151
0.622916135054
0.624122699477
0.591408396458
0.484854659261
0.515904708738
0.497425676791
0.525614396592
0.524220576413
0.470062623961
0.497984999329
0.463479105151
0.514006532332
0.500502846729
0.479206628191
0.443698881714
0.366860874419
0.359553608276
0.303747808769
0.372514447629
0.398984911555
0.373162931261
0.325491995061
0.274046889157
0.314514681258
0.290293869942
0.253302997532
0.286060913699
0.332896595881
0.29223807334
0.230063624083
