0.807943290877
0.784893869659
0.716333489594
0.680267292439
0.675887503653
0.678236871296
0.652111577009
0.651089379459
0.665715649207
0.647494097426
0.591887133643
0.613242305993
0.653146972211
0.621677809392
0.619986169702
0.554268493839
0.557533655978
0.566263016529
0.62271857728
0.606108506531
0.586858799941
0.553085721446
0.570017934317
0.550742595694
0.473695547505
0.50825749437
0.487357499466
0.499946209407
0.408522321846
0.408657030888
0.429430286247
0.442805158063
0.507164592595
0.514050548328
0.479542088759
0.423813830028
0.441489746929
0.487471803003
0.464067414481
0.420615513878
0.427599157467
0.263712152059
0.0765640681828
0.126379031449
0.18465683677
0.314740336788
0.271317133563
0.364710574018
0.383126787248
0.29581556676
0.333245370067
0.339921740231
0.302307812778
0.0
0.0
0.0
0.0
0.0
0.0
0.0
0.0
0.0
0.0
0.0
0.0
0.0
0.0
0.0
0.0
0.0
0.0
0.0
0.0
0.0
0.0
0.0
0.0
0.0
0.0
0.0
0.0
0.0
0.0
0.0
0.0
0.0
0.0
0.0
0.0
0.0
0.0
0.0
0.0
0.0
0.0
0.0
0.0
0.0
0.0
0.0
