5.28945121974e+283
1.73132275718e+252
4.08309369819e+037
2.94204323611e+015
2.20415842987e+014
3.68223594018e+012
9.83220039884e+227
1.49712429311e+024
101.661552734
3.91645392008
0.483430055196
11.060623088
2.00263019182
0.969380566987
1.33348090553
39.757960768
0.237679098933
8.8449186699
18.2085559627
2.31107007187
1.92718378436
0.459906828564
7411075727.28
4.1063517672e+240
3.40531343155e+107
4.9278873183e+096
1.80190123192e+139
3.53329231996e+076
1.18857983156
9291.53402414
22.1791312095
10.4854423959
16.9126632167
8.07107253958
0.512825515282
39.7074956286
0.481012053881
0.436884407332
1.47615683102
536.500302862
0.305765716824
6.82400793049
1.22501728592e+096
5.1099144327
1.08256043209e+183
3.39569431773
0.311373671013
0.274884405356
2.28612996287e+015
0.368163356706
1.28205078843e+037
46.7484387865
1.92892643288
35.5079519965
61748.7626254
7761.99670224
8.67604657117e+024
12.2327722433
153461.582722
138199.921222
0.254593082193
0.179088379129
0.172658789721
0.123223403876
1.9154260141
0.219151229016
0.175062973128
0.150849358688
0.202206850355
0.175962951747
0.125815048036
0.122198167009
0.125738921918
0.196927691545
0.194051616586
0.194559723073
0.126716210077
0.124206281163
0.0885994402627
0.222657608692
0.125804823451
0.183007889499
0.160132897503
0.161134106877
0.27878876658
0.3041233534
0.265735914157
0.155185272173
0.17605288909
0.203328460813
0.125145132333
0.218383616054
0.188068905995
0.163002929931
0.109642685658
0.103881609705
0.158184417893
0.108367331533
0.0608080210126
0.135577532317
