1.01908670588e+294
5.53400249518e+300
5.75230287881e+302
3.42280314989e+022
5.41794153817e+023
2.69320750196e+206
3.40282510638e+271
27.3109530505
2.53002582673e+252
145.767428125
8.68955692906
5.38669645944e+300
1.22951309908
2.08629309515
1.65604439623e+270
6.67643500169e+226
1.27271876233e+255
5.6815915724e+253
1.23709315204e+231
1.32027763691e+302
1.05180977834e+253
4.76518807954e+252
3.37049398363
1.08984280794e+178
2.04061309054e+025
5.41777691687e+252
3.74407205616e+273
4500.87331064
5932033518.39
9.56007939307
3.78231585851e+290
9.52261097333
0.748056267505
0.272817635833
1.22468372765e+049
0.383936626174
0.214679291302
2.0924637252e+042
2.49185246047e+042
7.33560301289e+042
7.03902173713e+042
6.04717261813e+042
1.95682654685e+032
2.02448347811
0.0523924877736
0.111608788975
0.156546641061
0.399028110064
0.396944033234
0.221656864597
0.153714961466
0.777578706203
0.106122741466
0.124249686925
0.134509390045
0.532594889882
0.557956893988
0.155636612415
0.317828672725
0.230767777192
0.281817690993
3.93994448141e+295
4.38235810436
0.303007382268
0.252724147282
0.586215842105
6.18455731697
1.45360016198e+125
0.967858421708
0.526436743988
5.53827265632
8.46963600418
2.27204982357
2.61478478485
1.94750551879
1.1657680656
0.713276430407
1.69186427556
0.637233026949
2.51160532804
10.7346011195
4.06245156783
0.607677662173
5.64282697549
0.38897005779
0.707314444443
0.894064856914
3.07819662385
4.98028211263e+292
0.217271825621
0.11804801979
1.1040087017
0.19894109328
0.281448222545
0.158468042561
0.162197042055
0.158255237899
1.8373741051
0.347334980702
1.20884093812
