5.89720895367e+287
5.32454700684e+293
7.9106609701e+199
2.49599048105e+304
8.09468968897e+019
5.74528896902e+271
1.85756713844e+289
3032.31663162
9.29987039058e+226
4.28925462266e+302
1302.20632246
1.03469360213e+277
7.49140990895e+260
69664447.2349
1.39514159993e+260
4.68531482755e+239
0.429575903992
1.25630771207e+228
0.529545092366
0.390625980527
0.166523831319
2568497.4939
1.63081867726e+015
0.159970548365
9.15919612013e+173
3.78432913443e+135
2.16079564917e+125
1.1500263511e+298
1.82281792968e+153
2.4074376707e+198
2.44163044823e+255
2.67635450484e+176
1.74280922756e+142
8.70726179272e+287
4.32124015496e+027
1.02305500658e+196
1.82399515786e+212
3.90784706087e+284
1.7998398701e+206
3.12784391667e+302
6.86888413631e+297
1.47642015338e+261
3.89769117262e+300
1.27520659111e+302
1.01970869491e+304
6.54083963667e+303
1.22543257896e+300
3.61711348529e+300
1.33921631856e+268
0.0133227335235
0.00344204096241
0.0251951845185
5.32876843279e+252
19.9730045246
3.8101845847
2.23432768081e+273
6.16593859839e+047
0.0
0.376163512022
140666924861.0
0.0
0.00540137095617
2.51334733331
103.147219024
1493091.8392
2.00814573837e+209
5.27508857592e+186
1988.54989303
7.19121946376e+237
249.116033572
3.80828764117e+261
3.41307645436
0.0876108213566
94.3069877389
75622.1645742
0.446732676131
0.547576459963
0.182373905454
5.90999443772e+034
1.3309282241
0.311735356086
4.06507466686e+294
2.18554278559
0.0881673849834
0.00964637522826
0.166793398828
0.537045488065
2.18605089266
0.750556481961
0.288121101066
69.5241711846
0.0237165408529
0.148061226732
0.0502092733819
0.513384288278
0.272575941522
0.513479252801
0.928580227499
3.69828581489
5.42135162922
