6.98010582709e+282
8307738282.52
16.4588339321
4.41544968083
2.32218083905e+047
7.35510483529e+046
42036742.6675
6.72561735821
1.82131137899
4.23913385958e+124
4.43549449414e+060
42.0246021129
5.09124995153
11.2220698572
4.13531693423e+036
8.19888740083e+050
2.31688698931e+041
3.80286931718e+060
2.15468942323e+125
9.0200211382e+140
1.96493698776e+012
4.40303879531
44.8797374221
0.36792735155
21.2045922685
7.8077661147e+068
0.0799432773548
18.210053555
9.05280171016e+029
3.39741142862e+014
964.933866142
1.16276376092e+038
136692.692263
1.82505824716e+023
5.58863042093e+181
1.44227507782e+126
2.17759165462e+253
1.11759176889e+302
2.93656869e+081
16.1881604228
11.4510998132
6.41168399035e+024
6.20654040688e+044
1.21910725366
116.014467167
2907.13702577
3.5958484068
642635.044746
0.664780513721
2814146.47391
1.20348860898
0.639266887367
0.167035297737
491.408718277
949479875049.0
18431790426.4
2.84216824829e+019
1.92305790582e+032
4.97155997347e+041
2.54539007049
1.08321880394
1.41198077531
1.03841636627
25.0924401683
3.20370756576
4.64273612149
0.11388550902
237.071854851
8681588.20142
0.0230071607097
0.16992098528
4.89567768629e+035
32.4856970447
0.423901324199
0.45599038284
4.62100362777e+205
9.44449496428e+032
1.25058939279e+043
164.360997654
0.650744694736
1.05582895869e+021
2.27872608287
1.16509611315e+016
5.55307709494
1.82533926885
0.619042827508
0.105579735837
0.127268151801
0.416132645206
1.08162639038e+018
10.2019200676
59.5368225917
0.531983690828
2.29746760361e+034
2.51494941216e+036
3.22539761048e+061
2.38963951035e+105
1.26707829086e+018
0.56518493049
0.448636875647
