8.13068661421e+267
2.34418077043e+301
4.06439781486e+034
3.70409345202
27.4393936343
2.14560619323e+252
2.07322872524
1.90268316056
2.41648201038
12.1918162786
2.47414081989
1.55343686695
0.829876505558
0.354674393192
0.823111126812
3251857540.07
1.04741671754e+199
1.24354075193e+164
4.06643475038
4.15131483813
3.71047691874
7.35994892714
2.7954730536
5.3501536916
0.93730735933
0.484645506369
25209922820.2
0.735232550147
3.22187141131e+020
3.77417192921e+020
0.529353400075
0.849885666865
0.417032142045
0.387780223391
0.193067085302
0.254491515625
0.305436664489
0.972376793513
1.81867133736
0.157522350993
1.16478642138
1.63722598446
1.45765589333
0.727520972113
0.487822120927
0.817967933719
0.787885830615
0.333430378266
0.129536791563
0.47564692213
1.69719635022
1.11050808094
0.984786878265
0.491249894737
0.366447146865
0.0193076579342
0.286162885425
0.653777619916
1.36869217713
13.1176239457
10.8020468523
51.0006358602
2.20076232524e+050
0.150255802636
0.180256981529
1.18122719366e+036
7.62581710783
0.761070153358
1.79066827728
0.134711643738
2.35132169385
0.315974731206
0.374249660109
1.9645218331
3.8523829168
3.81214370653
5.37147668478
2.78102715213e+039
6.68515962139
8.59978966354
283.429999431
26.3144361489
56.0268721241
113.199724677
58.081645806
4.02969137593e+046
2.09618432504e+047
2.85141763267
12.822816332
3.95922336495
8.59104069336
5.30436123579
4.62053772729
4.36828313993
0.607712558094
8.26004865144e-005
34.8488659024
38.2434138763
30.6681608073
15.1796432832
