0.762325131461
0.98
0.979133184697
0.98
0.931352289893
0.945173512721
0.975604258655
0.941104605978
0.957652861592
0.967308990925
0.979708314097
0.98
0.971987517892
0.944829967984
0.976579184031
0.924935931489
0.929615427387
0.98
0.927378752935
0.955514804665
0.774495659232
0.705177375334
0.875672341347
0.80574317176
0.978276194546
0.928735491062
0.972431349068
0.976294128889
0.98
0.973395620207
0.98
0.949518331994
0.976033123414
0.98
0.98
0.979708314097
0.865686860985
0.98
0.98
0.98
0.98
0.975811404752
0.970855521994
0.98
0.973921529249
0.908948043582
0.929799556171
0.897072319701
0.951634510082
0.968067418541
0.98
0.977214659453
0.98
0.98
0.98
0.98
0.98
0.98
0.98
0.98
0.98
0.979603597242
0.960401633866
0.968679536089
0.968802240944
0.98
0.98
0.98
0.98
0.98
0.98
0.98
0.98
0.978320849159
0.972755996317
0.81620576386
0.936287353561
0.966516751347
0.98
0.976704648122
0.975676019302
0.97913973327
0.922863181111
0.959314963567
0.840008942377
0.91012780976
0.933145189023
0.98
0.98
0.952386245378
0.913241969861
0.98
0.98
0.875402182378
0.976787350102
0.98
0.977181225484
0.965217421579
0.727939287092
0.972472921263
