0.283620742615
0.368392251666
0.440441608206
0.492442549407
0.434210698396
0.480120035858
0.526175817185
0.504299937078
0.553722302624
0.545266547489
0.557519234183
0.545060362407
0.581803018414
0.551268951464
0.57293456744
0.488857815137
0.589534640655
0.629080695112
0.578208986078
0.654436084194
0.74251655467
0.679028309974
0.593977900817
0.534258029257
0.541996376916
0.680761988556
0.637746851185
0.561206743078
0.542357502627
0.512019216437
0.563211239889
0.523015389526
0.403900986717
0.39751728289
0.401578007886
0.353144948377
0.540847983569
0.546700691934
0.602745887044
0.538765308483
0.599558489605
0.584991955108
0.628817180842
0.637656046003
0.529881944841
0.555973449311
0.589343928809
0.564735663168
0.648606523234
0.571892309615
0.598434387463
0.536369466615
0.613240403022
0.607139228852
0.634382212215
0.629471365337
0.643202235125
0.639034662879
0.622822065625
0.718513115493
0.633099436759
0.567410860167
0.518051022688
0.554496672056
0.678675479683
0.671385915444
0.618635845589
0.554040765936
0.498976821621
0.444357228615
0.415884828378
0.496330063055
0.48285246327
0.493730460306
0.537139655778
0.569211910178
0.540471988635
0.665446633657
0.707038797436
0.630096253536
0.533531210009
0.648098721686
0.649027496459
0.482632086628
0.535812463457
0.464419984041
0.600705506174
0.528105571359
0.574036402399
0.539671972841
0.572743235974
0.50057505233
0.502268055034
0.553131994337
0.56653653321
0.573463837494
0.656298288298
0.537082519529
0.614772795209
0.604026057506
