0.744959077039
0.851703252383
0.98
0.964245114228
0.921198704303
0.949245114228
0.98
0.760951820247
0.783829267609
0.978789513719
0.790216035682
0.905784986823
0.975307636563
0.895041607494
0.966666248967
0.979751169824
0.776987954944
0.242985152758
0.80829094253
0.677985152758
0.656548191303
0.758021331205
0.98
0.843803872528
0.904538647755
0.788136882201
0.718083180587
0.242985152758
0.579840254797
0.870182999095
0.924199100494
0.979706975526
0.968454205498
0.772013712944
0.769797536626
0.761637978266
0.242985152758
0.517759452187
0.799403179089
0.805057286299
0.961818939203
0.890317403605
0.788254272774
0.242985152758
0.242985152758
0.579859798913
0.907691043765
0.98
0.98
0.959349730322
0.98
0.969168516117
0.98
0.98
0.98
0.920065792066
0.786372747933
0.896230903257
0.931038507758
0.965145986048
0.739150695691
0.98
0.752387130614
0.242985152758
0.527264482483
0.61048757847
0.378774582301
0.69848757847
1.0
0.784530172739
0.969229544684
0.966041810188
0.98
0.98
0.98
0.98
0.94543482592
0.926773406783
0.977418945283
0.874577100808
0.9019615233
0.911955419726
0.753850268059
0.924931571892
0.932080329009
0.784530172739
0.94518072544
0.242985152758
0.242985152758
0.656562080595
0.934738771444
0.971521628707
0.962442505301
0.98
0.977602258672
0.902737824222
0.814037170828
0.958415470502
0.951109958373
0.971880156165
