3.60924491631e+253
3.21391728388e+288
1.63576083868e+191
8.43046151187e+253
1.06690085133e+254
3.59909389382e+291
30.2633491964
17304222117.1
421372.74892
4.28839547135e+012
87.6885642437
18.184402346
5.43555633645
0.88653867373
1.18525942899e+111
1741.76510793
2.03081003641e+019
3.73794822634e+027
4.33366311738e+080
1.20519237983e+052
2.79773266075e+023
2.08683683693
0.817202361694
564036727.896
4.34463803508
1.40218103143e+041
101.929398604
2364.74388973
2.17039773884e+016
4.94461362978e+232
3.35920948926e+243
6.51963114099e+125
3.60377918621e+114
8.02189662598e+081
4.63068894607e+049
8054.87653943
1.32319706583e+055
77236.6228939
1.80635959412e+021
1.84181613738e+031
0.837335548501
7.18250013494e+239
0.815657563455
9167.58718061
0.537794059985
0.419152410677
3.29022984132
7.41740858184
10.9831877783
0.651430298465
0.571020487404
0.701962258081
0.710292475284
0.679468135938
0.864277900725
0.649444460392
1.53068927717e+263
0.502812676748
0.543196644539
0.489106917066
0.656471597467
0.665086385289
0.615399866441
0.612598991258
0.595733783846
1.16141752332
2.27586718981
0.639905364634
0.849748486685
0.473734874882
0.444279214081
0.494386413919
7.70681888467
6.43657994781
4.25260438104
0.075005246479
22.7431380669
0.0
0.0
0.0
0.0
0.0
0.0
0.0
0.0
0.0
0.0
0.0
0.0
0.0
0.0
0.0
0.0
0.0
0.136443066743
47.8470184296
0.0
0.0
0.0
0.0
