1.12294510734e+250
2.88655630366e+294
5.06335635217e+253
6.0054703201e+253
8.39783861948e+252
6.12830381558e+125
3.58409239803e+252
4.72314077032e+086
2.12913328989e+268
4.00519696656e+294
2.69150232315e+253
6.51300251194e+288
9.49142595856e+253
3.29672914085e+302
1.78899593975e+288
4.89140347473e+298
7.09474023348e+285
9.052912893e+268
8.36434834531e+259
1.60506593841e+253
2.34664811544e+300
6.25131035232e+262
5.25963433028e+253
1.6587000818e+297
1.79818414513e+286
1.5905487715e+274
1.83692286991e+295
1.34867055547e+287
9.19173721351e+253
1.40664796022e+269
6.10966024908e+297
5.17033947005e+262
2.42582928026e+299
4.04392061903e+288
1.94587598423e+292
8.81822317512e+301
1.53945089717e+267
8.03878078972e+255
3.19024541631e+253
6.94149344755e+303
2.02387260617e+254
1.22176247765e+128
202.201655798
6125676228.62
5.85110835353e+294
2.35085215143e+253
9.55406092188e+024
2.3779618101
2.27330463958e+303
4.39645330924e+304
1.0181395991e+127
1.12783177286e+276
8.16142574985e+301
1.45518976944e+303
46879572.2838
5.44775736975
1.04033679578e+277
8.19066520004e+300
2.78856566798e+274
9.89522711355e+268
1.18441849613e+291
5.48491378698e+290
1.80630409113e+175
1.74768123144e+177
3.26352248249
2.5120553209e+093
1.08051971404e+253
3.99556730754e+269
5.14325719703e+241
8.99191694827e+252
5.33921218755e+072
3.44702349528
6.64804568458e+286
5.07170839731e+068
1.65171976643e+252
9.99187000678e+098
8.38066122373e+112
1.34337120363e+176
1.84696140879e+031
4.31756191143e+096
0.0
0.0
0.0
0.0
0.0
0.0
0.0
1764.0339013
5.19664542646e+288
5.76556291273e+304
1.65977230268e+304
7.47883194732e+266
2.2973797737e+252
0.0
0.0
0.0
0.0
0.0
0.0
0.0
