2.44867574247e+253
1.80542469449e+275
1.68501185369e+215
2.03532269012e+027
2.85420701452e+263
39.745092032
1.70524923622e+192
0.551253004494
0.825259212137
1.89573859328
0.509834686119
0.811822234149
0.456750857765
1.38311255597
0.602537822952
0.954458769935
5.59734729907
1.22595886053e+050
1.56245162045
5.49492258224
9.53544366973e+237
0.460185982456
13.4256864726
0.773342322442
0.697893886543
0.128448711565
0.0720060155086
0.0523325527613
0.0580741651101
0.00822961692272
0.480497489113
0.455549725151
0.0274332086232
0.0660940872407
0.383177247168
2.26166248559
0.0272102594816
0.110312188985
0.000274721936846
0.0739058674339
0.209454854401
0.554309250957
0.0254729421405
0.00899899299231
0.0355925444386
0.0631943518016
0.484834402145
0.194823671668
0.326844830961
0.290142677085
0.353656668723
0.196212936177
0.10172596914
0.112352836299
0.0858545841204
1.50031857686e+301
7.33452193911
0.296861916369
0.295482231156
0.76914317823
0.332635229717
0.385559265541
0.21715189708
0.290820832035
0.0902225532368
0.455627785362
0.278858690244
0.465122127887
0.282318392866
0.520868903358
0.98739715946
1.03182659698
0.90864921394
1.04587159586
0.800623884683
1.02814706491
0.743493048269
0.618231340804
0.442020734627
0.977164610406
0.916315506765
0.585719136907
0.754489584472
0.961248251715
0.84719503786
0.809214553231
0.481998219514
0.587322205427
0.680235827462
0.790279797089
0.665623178769
0.650673854954
0.613527605284
0.697329792951
0.748594739837
0.308166466843
0.822807219617
0.71185528594
0.666061634096
1.38370014099
