4.18080914808e+301
4.60060962435e+045
7.08228720851e+252
1.21157214517e+030
6.8788599043e+294
6.97508187431e+228
4.04070392053e+090
1.56498188927e+110
3.71342580832e+297
9.20655758003e+270
5.23914204581e+088
6.26035112882e+042
2.66361048225e+014
3.43603652256e+232
8.26585832108e+190
2.84924274842e+233
6.49348762214e+018
8.67745346981e+041
2.45391222501e+038
5.47384831851e+012
1639985077.91
14.1328689771
29.8921131875
30.7689494501
9.86035744356
9.64686696788
8109.54221635
1.48377263603e+016
4.77538253042
29.4111639261
172.242313392
157.970094009
20.6938904256
24.20369444
4.58427646282
2.53550064384e+043
42.3851069464
1.73698416226e+304
15.7008264053
1.01674532254e+253
4.75607941534e+062
1.57641911093e+253
12.7763680697
18.7253450269
1.09121610697e+021
4.65742495884e+039
6283.79474166
3.34456671407e+294
6.93774808657
0.595541877593
3.61032420696
1.73627395987
22259975.171
3.38197067471e+230
0.747498229205
0.177466575911
0.137079836753
0.0434419664528
0.015141791751
0.348518511129
0.038184430512
0.0
0.0
0.0
0.0
0.0
0.0
0.0
0.0
0.0
0.0
0.0
0.0
0.0
0.0
0.0
0.0
0.0
0.0
0.0
0.0
0.0
0.0
0.0
0.0
0.0
0.0
0.0
0.0
0.0
0.0
0.0
0.0
0.0
0.0
0.0
0.0
0.0
0.0
0.0
