9.39129820295e+046
2.43682322325e+301
2.46559718827e+236
3.68688992824e+036
2.90916612099e+225
2.31916606992e+251
2.96082243366e+253
5.01907548845e+253
2.07778398859e+287
1.13233401978e+190
5.61111603936e+046
4.99956745624e+056
16051652.9385
58.9033647763
2.00827640813e+031
3.4528870476e+049
4.95092814461e+019
9.31638670171e+252
49326.1550149
282629583636.0
5.45810786741e+031
957066.179023
1.54501274647e+014
45.0865065819
492617.651143
2.4350344942e+199
6.53517363341e+206
1.3779243917e+206
1.0168833024e+304
16109637883.9
73.8396168327
156.592711537
135.811900455
49.3359889588
165.31771386
51.1769765135
66.3776763239
60.4244703501
48.4088706442
83.9404891398
3.5070198733e+020
4.86991327913e+252
4.92012490733e+056
7.81532890108e+015
43.9398720717
3.03508118157e+253
1.84734566625e+037
7.45426619009e+021
3.948559126e+015
1.54474522969e+253
55.2072016154
51.1912623416
50.2513907572
2.0613425377e+014
63.8376027212
63.0067122107
46.9622012551
64.8964004108
5.06591753945e+028
65.6398028976
2.95013340311e+256
64.0170636831
1.23379551683e+063
113.690726312
49.7502752343
2.84597563807e+253
8.91442664743e+024
52.7410048032
59.3872702414
57.3781331823
378688.650945
53.8973427858
1.459076639e+161
92.9522422558
3.2604099488e+034
45.4990494383
46.7703645473
49.1442600095
50.2071674773
80.0438674244
61.1232370273
50.9516302593
6.99471864508e+029
1.26736540706e+031
70.5749373601
5.87582987107e+041
1.29969343673e+255
60.7305184915
6.52707131748e+252
6.86714321174e+030
8.95871790188e+281
1.46386763928e+014
548.706529844
2.89219878032e+253
2.36417363083e+013
4.17561699992e+030
6.34606897558e+039
2.84135262477e+044
4.14439560703e+050
1.89193895887e+036
