0.806164969486
0.978981895361
0.962004801669
0.918353428912
0.956708686117
0.752620987107
0.912123558775
0.929675132867
0.975467202353
0.973149243659
0.954251812522
0.964150155907
0.98
0.98
0.98
0.98
0.98
0.979
0.931508540485
0.98
0.972198125423
0.98
0.98
0.98
0.98
0.97444488948
0.932471327164
0.936218073453
0.82846952376
0.977311238187
0.959548222024
0.940356297394
0.616100284741
0.883607481557
0.969648897002
0.979
0.930744327509
0.896147758965
0.789980939775
0.775628184637
0.958650153832
0.846305148862
0.979400790221
0.98
0.98
0.98
0.98
0.965205579234
0.951739676112
0.959705965727
0.733007815176
0.94902673353
0.973968510094
0.97659455668
0.98
0.98
0.970465313706
0.968741665836
0.98
0.978029857246
0.975505329156
0.98
0.670985152758
0.830627324731
0.929155173002
0.843623191487
0.892928981987
0.813208556709
0.68348757847
0.978498648308
0.913918084614
0.977513313391
0.976592500805
0.894981071869
0.948517985491
0.754565641965
0.884689242179
0.850998467308
0.853284258666
0.919198477119
0.900887962874
0.72049065845
0.857338050296
0.921743798563
0.922290343448
0.98
0.904872280811
0.932391400856
0.968118581651
0.953828237239
0.886224535222
0.907508907679
0.970048888538
0.492113264034
0.681595857475
0.889625762312
0.937827165513
0.713475450403
0.242985152758
0.242985152758
