0.631746296385
0.736034737426
0.834490600234
0.98
0.966343369701
0.973464605578
0.98
0.97576725587
0.966924292381
0.944939080703
0.868400856403
0.98
0.98
0.976486619815
0.98
0.98
0.976129168986
0.937492429637
0.971541181897
0.865480958572
0.749849462015
0.955527355884
0.975539815209
0.822749514443
0.965976728963
0.890317403605
0.948183346321
0.925136628026
0.880178755055
0.98
0.98
0.917331921969
0.979
0.971900116312
0.978790573517
0.960467338491
0.98
0.974129425303
0.971605359746
0.927852366968
0.977855376448
0.975610625442
0.922383974018
0.694120833238
0.879492764459
0.76787190864
0.979998623095
0.868373556443
0.926105142228
0.979575401881
0.77069907621
0.855566488957
0.979693814694
0.911654803804
0.98
0.98
0.961502702212
0.976751619982
0.912745395898
0.952193505457
0.98
0.98
0.98
0.98
0.98
0.919964548416
0.916034077838
0.942639264737
0.94518072544
0.897956940959
0.521985152758
0.823316645882
0.953630610734
0.940349730322
0.90613538547
0.979138410572
0.974194170223
0.975240216249
0.98
0.880211606989
0.952812301429
0.921685851566
0.91287252449
0.970295205837
1.0
0.964835246537
0.98
0.98
0.98
0.98
0.977616080797
0.98
0.961927652666
0.98
0.958763330717
0.98
0.8779615233
0.97818297643
0.782503807372
1.0
