0.979062391082
0.903601191576
0.854411635089
0.84002148145
0.797389085158
0.757232476607
0.748333010861
0.726287975715
0.728257960882
0.659912353751
0.716987765439
0.727385684225
0.726183168722
0.753756439516
0.646406874686
0.561082168904
0.588314082733
0.60624251527
0.630700172013
0.653849963773
0.64001605552
0.681759408079
0.653965233508
0.681575275485
0.702180330114
0.6637775463
0.695247313771
0.660461548702
0.479962158093
0.462585484162
0.388794035819
0.453460026884
0.405992326276
0.477704402977
0.48297741326
0.5428256694
0.629871308247
0.679208483536
0.672668540059
0.683855223065
0.714391964672
0.701590587553
0.689910497589
0.683825465302
0.692497908969
0.70531322868
0.70771602088
0.692882871345
0.751754630473
0.738504198145
0.754245914633
0.710747771964
0.63062022626
0.662593823813
0.679224085453
0.658284395544
0.668105381217
0.712458816181
0.697296093135
0.715203650204
0.710213920595
0.713258365328
0.708496416751
0.736794494348
0.709973054226
0.742450248154
0.745961949564
0.750651111381
0.753831576403
0.710156461877
0.717795607211
0.67243053606
0.690139667037
0.701479317882
0.731536467191
0.758381227267
0.748808463227
0.73429003772
0.704834783466
0.689169873523
0.635983264643
0.653895190663
0.640686634347
0.628704796509
0.622694837596
0.661649057837
0.676500185816
0.675942561546
0.612325649471
0.657392722189
0.66029475202
0.668489095913
0.650503405131
0.66859321991
0.710204680736
0.654639756954
0.652268538486
0.658143028658
0.706590112553
0.736416413227
