0.979208256789
0.904340582562
0.811658565229
0.772204518318
0.780534998087
0.764352496367
0.723081204949
0.686918909791
0.656716422838
0.638710046336
0.642342226057
0.606121861928
0.6136843017
0.532971787
0.600635448436
0.679429518323
0.723772090698
0.724183735695
0.717561054172
0.704952681735
0.675365024882
0.685313516042
0.670317910829
0.655263404427
0.651486772611
0.697612154802
0.69202241919
0.743360033461
0.74630945499
0.74714242383
0.73184146088
0.730718038377
0.6456164903
0.699971297168
0.676253794382
0.609159804103
0.614534650718
0.591975798288
0.59182406663
0.636703688453
0.608065142217
0.585656548778
0.642703165952
0.637923046968
0.583659733839
0.589879087817
0.586282738949
0.611166370554
0.708753620785
0.694225121285
0.657007390315
0.70890017704
0.66836875093
0.680088358075
0.677474198146
0.581361193175
0.595173720322
0.6445850216
0.613725929994
0.649346928025
0.644132263182
0.636922749859
0.626491719216
0.614120682124
0.646233153777
0.640215969752
0.636413199968
0.667788384459
0.630163552405
0.605913638902
0.625021477293
0.647861170369
0.676839346734
0.628086085817
0.637057875297
0.657652860398
0.646929595312
0.667861604291
0.700054680424
0.725746713283
0.714865106716
0.720155492301
0.735363850323
0.739853014208
0.726257687843
0.732520033071
0.745179397471
0.74609281193
0.724414983845
0.726956200269
0.703457567612
0.714700837769
0.672660135279
0.685164065259
0.690521279906
0.71900158228
0.683432649374
0.683226964709
0.670317520567
0.731346250271
