0.978050059696
0.902348267132
0.859736162075
0.840064102308
0.786886122358
0.80015143964
0.755389656927
0.732275691231
0.725502269822
0.787080652881
0.752138679735
0.74576493426
0.750941458003
0.695608305562
0.714006479258
0.703457705051
0.70509406647
0.710866284876
0.702178257397
0.675281795874
0.672695836081
0.667404064261
0.694672447009
0.728842725645
0.73996842625
0.709846119794
0.722551793651
0.716731168475
0.700458393308
0.665770023513
0.693434097407
0.713585720396
0.644053910908
0.662360784654
0.672058760086
0.739729199154
0.735951118749
0.683850751791
0.694263758727
0.714487936168
0.67173261695
0.680182478396
0.703264646788
0.673346429521
0.662269175872
0.673307838546
0.634557967602
0.692208099952
0.720961712199
0.714027255553
0.728334384516
0.705634832483
0.744386262243
0.724602470637
0.710125074679
0.719945815265
0.733288912224
0.735807648894
0.706353629574
0.716261138844
0.719262186778
0.697359277421
0.699675409415
0.680853487232
0.677569786283
0.69275662445
0.693103934348
0.674312878292
0.680527570466
0.693659633976
0.719818725441
0.68843409698
0.709161083654
0.713270688227
0.684860037953
0.698932040081
0.698519983999
0.724097415496
0.71993594203
0.663556118591
0.714794280613
0.675057554677
0.691019562495
0.693983404951
0.68409582203
0.709306625182
0.716654071312
0.699305914229
0.723368095497
0.706442048618
0.72518136501
0.694946965896
0.712324592309
0.763734900794
0.758525462378
0.696999033644
0.659129075908
0.689873443443
0.72591545199
0.72423762015
