0.979791538078
0.905648802227
0.856188582144
0.856732227205
0.828576291516
0.800863740888
0.783031715715
0.764762839101
0.783838012775
0.79022561332
0.733800689231
0.746650441033
0.741428440159
0.73631220356
0.758277420228
0.643096186908
0.674664461381
0.77327289693
0.794795190818
0.772276212253
0.745467196326
0.750697689798
0.730992874628
0.752751365795
0.734152640723
0.741659405978
0.704717567322
0.642485840361
0.582564630036
0.537269524388
0.624223409102
0.671493864658
0.671005374864
0.644155794949
0.647472783469
0.628927314815
0.655148218377
0.790675611161
0.741561588273
0.749534058289
0.761224854206
0.754171112359
0.743812334639
0.741264265284
0.793551138414
0.701390131762
0.715942048885
0.708921483603
0.698757122747
0.553549244789
0.561601886654
0.59479380962
0.575421943331
0.550859590864
0.575594477927
0.637055096671
0.69046685287
0.605802949777
0.60711077306
0.692621863348
0.720882079798
0.729948489994
0.730653625721
0.635762735072
0.657491261843
0.655116535271
0.654693610879
0.685351627249
0.686162425039
0.684311931514
0.66596943544
0.711221157753
0.684704307577
0.651968393186
0.653038617496
0.659408414696
0.665692418661
0.62837731475
0.580694457094
0.608306460718
0.609746817373
0.651528607568
0.664300794073
0.677036473181
0.683282642835
0.712173692707
0.718297321082
0.630907929209
0.660715039844
0.682995091172
0.679187765329
0.66584199614
0.703485053527
0.651673740889
0.660914512505
0.747399391504
0.704731829767
0.698027155939
0.665535109102
0.669017920112
