0.980736861753
0.934739986931
0.882318702094
0.859769341006
0.777024942963
0.782364380708
0.715123458664
0.736664634415
0.730389513097
0.699661985634
0.611885881457
0.636343455578
0.672536947579
0.677335717398
0.701766061284
0.696520716699
0.68739562857
0.686011220348
0.678282491067
0.702440742449
0.686865960115
0.626285287792
0.652452354259
0.690013672717
0.717627349402
0.605791910409
0.689065311632
0.675050991797
0.700405021374
0.719903441138
0.648256271311
0.651422955464
0.666015323497
0.588415325965
0.576261057633
0.537929842796
0.64673714571
0.674650343402
0.639061383817
0.714169097613
0.691735194522
0.624625487081
0.665258471489
0.563397166266
0.496867289395
0.488599584044
0.579510066273
0.576581803309
0.626827196919
0.622334743687
0.598902029107
0.580313161678
0.540149865513
0.574159829124
0.589443197814
0.534449031609
0.495960177651
0.524219247453
0.482568361668
0.589665272131
0.575947184257
0.594063346067
0.54236028739
0.556948231556
0.545130183342
0.632200802671
0.637567821153
0.672837150304
0.695362464787
0.705030232707
0.694316258973
0.691811750593
0.676338018139
0.664634885952
0.65158654661
0.616533592226
0.607180602141
0.60136602699
0.608282299313
0.6313058131
0.691438144525
0.706733907822
0.731673809311
0.73844040001
0.7175867099
0.719832710471
0.678115647693
0.705596220436
0.638816222981
0.627870029415
0.62073591448
0.670757127095
0.666712571768
0.658321616178
0.650325014138
0.661453565266
0.707760639472
0.720624634193
0.703914771764
0.716122296693
