1.32037121978e+253
2.36597838572e+184
1.91846328841e+191
5.43088078332e+255
8.30127123287e+256
1.01902239012e+257
2.85165344056e+268
9.94837496375e+262
4.50512207337e+301
3.43256948334e+184
7.34722098792e+213
6.86993547298e+184
1.94815405785e+053
9.35176635759e+039
8.24447088293e+200
2.09025029839e+201
4.785959626e+199
7.2401529305e+242
1.18136262356e+193
6.28193650507e+026
319.913693502
33.7646923067
3.6737092215e+298
1.6759219487e+253
1.3391943913e+048
3.84351970827e+132
4.7439532318e+281
7.76942663059e+139
6.34201973408e+140
8.81832780518e+071
568.829874896
2.53085154407e+062
1.90120546992e+065
7.99878828457e+104
6.0746955856e+119
5.44748841592e+137
8.92365266527e+176
5.20051487761e+199
1.61450851385e+239
3.34900828093e+263
2.64765495233e+304
1.58941730864e+076
4.0332275469e+115
53242690.2831
575825977.464
9.05766197785e+035
1.8651993323e+102
5.67498177226e+139
1.41286092991e+198
1.25563883508e+188
4.34835968322e+226
4.4835132042e+216
1.3057425189e+271
1.00783820036e+102
1.60205775143e+135
3.60196249746e+174
6.7300997505e+240
2.17327117126e+278
7.17356072532e+102
1.01099923783e+130
2.40442333485e+169
5.25251701064e+208
1.03878239098e+246
1.97525841365e+285
1.65930438041e+303
1.59227386372e+265
4.72344760847e+298
2.23488311412e+221
3.37570837241e+163
2.19728152947e+160
5.51415999532e+113
2.19963164011e+129
1.00354348374e+110
5.82597062222e+035
9.47418100311e+074
4.25715663003e+126
1.11509296639e+115
4.53668893445e+099
5.14275630985e+125
6.58912646773e+149
2.3319789866e+189
9.14214936943e+125
1.66224309381e+142
5.94327975335e+083
1.70831311e+123
5.21804958751e+162
1.54862359888e+036
3.70259279101e+072
7.75100245747e+111
2.08021089553e+148
8.12889477762e+130
1.1336786973e+099
1.92058819903e+062
0.214567353788
0.258373349687
0.114303940974
0.173436371025
0.0847928504327
0.0
0.0241823129252
