0.803293005903
0.769566447739
0.754982825986
0.76046890486
0.729084988816
0.697252798324
0.679932783428
0.683338885467
0.690759487773
0.692783587597
0.598836800452
0.672395963575
0.694039677531
0.703678526857
0.699572767861
0.687354133234
0.735693976142
0.69861289985
0.699041297847
0.688384207261
0.648433035554
0.631752886453
0.609206650807
0.565180995079
0.523240476627
0.536361870969
0.583003111884
0.542729850432
0.52620187886
0.552088129929
0.531185042419
0.515798979868
0.494115134795
0.540795988781
0.526729265582
0.498827613745
0.482884477767
0.473548085456
0.508509029142
0.499775683371
0.511184575463
0.536018534801
0.590450108653
0.591883847841
0.570750209108
0.61316384991
0.606409783637
0.643730497222
0.638886563691
0.633742912127
0.640036390912
0.648392733499
0.632352068853
0.62860109458
0.627431056855
0.623313291441
0.593694101457
0.603088840599
0.553858924849
0.602325033615
0.612851032048
0.602087372358
0.60147803309
0.581000783287
0.542825615485
0.542815926031
0.502111305132
0.429337273082
0.387546162868
0.390544363716
0.472538491619
0.542190262605
0.58331438911
0.562030363697
0.553757567885
0.521601925084
0.541262602608
0.536647100751
0.504720793152
0.547656313305
0.560027234165
0.558238227841
0.542203785853
0.507101419848
0.435292864015
0.453888151534
0.509784673934
0.531985523989
0.516476817881
0.495428893641
0.503882596559
0.539734153899
0.531627399581
0.5228475893
0.473796026461
0.526542152267
0.561470262975
0.522380775847
0.518149362133
0.565047879481
