0.807223739774
0.761946464059
0.721109517448
0.673090204598
0.688792136499
0.662022467714
0.681495667491
0.663760449001
0.629825615401
0.578308455471
0.51837465997
0.534237911616
0.530964719969
0.554994035347
0.56857380888
0.62042299914
0.635955397135
0.666005386529
0.661496339563
0.635649449867
0.584320310661
0.652039815742
0.657310034261
0.618918625872
0.631960027436
0.626546801118
0.602808942476
0.640234182854
0.631422292776
0.619582613495
0.623847809086
0.601245616448
0.600271874479
0.598830066892
0.622964153309
0.604896351682
0.577590156415
0.579488091798
0.537764386832
0.556423111531
0.582217668887
0.580392920215
0.613831553978
0.640340298313
0.62882983637
0.619272848767
0.626570980276
0.636642124244
0.612326137617
0.630790275308
0.609450027808
0.613918046987
0.614271340332
0.637905288467
0.635229108834
0.667290231448
0.683135735598
0.65669246769
0.663439785631
0.669178295764
0.66679128161
0.711488129032
0.691445088665
0.691121865908
0.646687401373
0.655827116618
0.647308959917
0.640301006885
0.6103409424
0.631424990736
0.643412321371
0.654666609325
0.66417688974
0.637167737279
0.647169651029
0.645436061442
0.663281046486
0.679737397701
0.650404303519
0.660021832352
0.630085115727
0.646408013823
0.642218311483
0.638227470145
0.664107140518
0.650857451252
0.679974003905
0.678076497738
0.675317579843
0.655582415843
0.630082892318
0.584409897114
0.520656442951
0.611096178668
0.535883784709
0.530356782709
0.580945842843
0.601119686409
0.577576474321
0.565665416901
