0.808503356517
0.78373666635
0.777804521129
0.770796356884
0.759382275207
0.696682987022
0.720723136874
0.727930281984
0.706853343177
0.701056176851
0.632174873946
0.596858254425
0.590011844696
0.571862832184
0.532449782718
0.502698998712
0.449106767605
0.465938249006
0.491711594399
0.519561627871
0.510761628601
0.523528906793
0.515812807863
0.432201561675
0.479931882182
0.468886264176
0.513528026862
0.582146651197
0.531546439704
0.488236297901
0.459931346998
0.483130895019
0.342757161298
0.249055651235
0.278835973899
0.535858507238
0.494384707653
0.57773159868
0.591413858532
0.556567813384
0.521235262443
0.57151435959
0.56709777505
0.543454462886
0.508897825988
0.494770098802
0.49995801412
0.517048511672
0.540263375199
0.56403977024
0.538442542587
0.534393211034
0.449249133495
0.466446648795
0.481377615077
0.470268486289
0.434814441713
0.451455338175
0.440653562637
0.419820028808
0.436787407571
0.483914305463
0.456269592672
0.472390188156
0.45475348541
0.394282369519
0.449655986095
0.465019812011
0.478441861241
0.420006730329
0.405472029593
0.462094342279
0.385096353379
0.454700306486
0.420121497214
0.430522557347
0.454383728842
0.465521202418
0.453043380888
0.418655096719
0.434405751988
0.399991569345
0.426315516844
0.37866591964
0.305169429603
0.267123715015
0.318634664524
0.326853755826
0.311221379882
0.302532088999
0.321538847379
0.261180489833
0.358615505295
0.392903164795
0.418194148166
0.442607024956
0.416078724757
0.455078484351
0.414173879081
0.42504652333
