0.805907033241
0.765086565998
0.764092922339
0.765619780066
0.715773852651
0.70645401949
0.678485561965
0.746979012561
0.688888704005
0.668941221415
0.667132199293
0.688989569948
0.597236461616
0.605938356137
0.624448166756
0.61280098009
0.525476548304
0.534804203987
0.505191549612
0.583066370753
0.486956665912
0.571745237874
0.605937889944
0.624118590721
0.637388154957
0.610249507548
0.576894645113
0.595638931475
0.59611365724
0.574743362719
0.597218014247
0.607030776352
0.613241700115
0.612486162381
0.607907283635
0.621329840021
0.649186399465
0.648282024949
0.616561984163
0.607780662877
0.601431252988
0.577357000132
0.592592290064
0.599142477937
0.62397452625
0.614728707774
0.614294495884
0.575382446494
0.572704758724
0.578035265746
0.587967824819
0.563222120246
0.585936319485
0.601605535973
0.579468206279
0.598384219208
0.568429040971
0.580085985334
0.577448538143
0.532054017313
0.560514048411
0.503565465952
0.560119217362
0.549339926859
0.577381641238
0.575651317544
0.593487820085
0.573757702272
0.56545533998
0.555189327821
0.562622580268
0.539056700861
0.537634467659
0.6028237726
0.514306405655
0.482469822957
0.500102713734
0.446309664019
0.421424228524
0.362760464134
0.460532043786
0.340778181406
0.446939142861
0.476246492925
0.490623763266
0.398768021258
0.48288249332
0.424128713069
0.471017728069
0.48762475381
0.442999792984
0.46969865818
0.483193301661
0.532770131354
0.539173166212
0.56703649852
0.563080506863
0.547757794137
0.594787917765
0.570142578379
