0.807204283139
0.776316393003
0.783149956632
0.764174507165
0.754325814294
0.756790043066
0.727422150375
0.740231730622
0.69905820117
0.748746456406
0.727010057429
0.708607581497
0.712469483081
0.722310241507
0.717152177255
0.665185425721
0.650470813848
0.604802032595
0.618866035053
0.590031012022
0.592393678148
0.595070119787
0.450021576848
0.517116135718
0.521272072166
0.511641562851
0.508682750785
0.578897949403
0.567990527161
0.592669887453
0.597932046122
0.560835315546
0.572817076653
0.553126788978
0.506471775296
0.527840403832
0.551740564156
0.555680437146
0.580808739481
0.587008644425
0.606009666029
0.628481064536
0.606182995412
0.604936830376
0.60690593872
0.625185958717
0.649538426663
0.644224219132
0.626724901765
0.622204953829
0.613349976163
0.599069059138
0.598164114609
0.584462616934
0.550675001471
0.546958916831
0.535414516948
0.523047433968
0.526837347265
0.563026199375
0.590189183341
0.53546581482
0.535099922178
0.419021089245
0.455912383552
0.416865866553
0.417701000521
0.423677613201
0.432620140453
0.421988571304
0.4404719575
0.448683422009
0.462069612372
0.469419478569
0.472549081719
0.467159344412
0.468740598901
0.430811713635
0.427017183767
0.418466493908
0.392269129714
0.357233807576
0.335824602547
0.327866477905
0.280034096205
0.239506035734
0.116582615986
0.212847405834
0.1015961259
0.186663968721
0.164398793688
0.198399462283
0.281882666166
0.300558860193
0.297159311994
0.280311421565
0.283478148931
0.357256485526
0.403461683938
0.438182391007
