0.287290742163
0.354973998999
0.479290988463
0.473952296758
0.403071504039
0.420494341577
0.465019148918
0.447981848886
0.420421038285
0.385613944722
0.323236539829
0.360797874651
0.395898635135
0.423648399715
0.423317935608
0.384694793122
0.397692504045
0.324716456002
0.447495856425
0.505622453096
0.470074754211
0.377220979763
0.493800347719
0.36834843763
0.351651901736
0.443713113824
0.397244747366
0.442974938202
0.389694343297
0.377015788932
0.316297206431
0.346156063417
0.293634760921
0.35489751546
0.507645082521
0.465219184726
0.52783564267
0.504711262586
0.398549337372
0.465984570534
0.449480296586
0.425911532496
0.351626503838
0.333266048479
0.333379893793
0.217345868264
0.229106344109
0.329145859819
0.376721216718
0.442341112306
0.462736785115
0.386415488863
0.438683077274
0.405852484797
0.505002381906
0.403352208042
0.416192420293
0.487017116246
0.416792234898
0.482718349741
0.495188748146
0.483288394423
0.333561904413
0.290626626703
0.321327533894
0.436046348302
0.51210051593
0.462704137251
0.430390766591
0.376889977924
0.374211159597
0.453528720448
0.396618633415
0.433019306266
0.486433880121
0.420712459382
0.271639314983
0.259608948549
0.3640091595
0.301470123555
0.255477751913
0.26184729365
0.287701136325
0.28634694106
0.264334231513
0.29157679705
0.416838823322
0.284546565715
0.4312442305
0.416162277861
0.368319084581
0.363643049333
0.495238191171
0.468503816732
0.446617059704
0.567511284696
0.494975532034
0.370343569758
0.361636592831
0.443177763951
