0.294951507992
0.333228338523
0.392728145168
0.389473966395
0.366547269435
0.439084210932
0.41337295467
0.365013837407
0.32286165468
0.242928839188
0.333417303229
0.368040907267
0.365342358479
0.369959142436
0.389296158038
0.382168841968
0.324199864599
0.370572057396
0.408136007667
0.478969897733
0.421581151245
0.551146851332
0.409067672405
0.367961625799
0.387931450651
0.337799343494
0.310747870503
0.444165294258
0.421864893893
0.448290401707
0.446011832589
0.471608677666
0.406092813832
0.480568203473
0.407895164998
0.479776862593
0.356238477859
0.45863904514
0.513579582912
0.528181134632
0.509283500343
0.432398749975
0.481112749525
0.462422442915
0.544588648575
0.491518082978
0.561128926675
0.528629092574
0.523953710976
0.410624929237
0.448322556095
0.432634650204
0.472577557343
0.497551777157
0.437421412816
0.500789580139
0.476934063774
0.540487141144
0.47530079557
0.460963261834
0.487291510001
0.530942801199
0.5097104928
0.496208931054
0.518652905301
0.48154191067
0.489706400922
0.57251199956
0.408060039566
0.545711969026
0.417225436229
0.428319802645
0.518497539641
0.469378687113
0.56565637441
0.454976548519
0.416689942812
0.461787654301
0.486736101778
0.442111182509
0.455638912203
0.438781932026
0.418975843056
0.405709880797
0.43245285262
0.449304258967
0.476434240189
0.36657392041
0.403682027429
0.508933131765
0.483024194469
0.423334092884
0.505550314847
0.42400142238
0.448324020871
0.434463474104
0.379998535771
0.378740070078
0.409186824711
0.437404154525
