0.300276613565
0.460409844452
0.416918874306
0.352027835233
0.462865948655
0.39950003248
0.334868738651
0.431100366399
0.416116188825
0.380287628897
0.408508759324
0.425818831649
0.453498117596
0.398669663319
0.446775682728
0.377302481352
0.392607705371
0.333304969305
0.376305373649
0.398803341001
0.586326001479
0.488963381411
0.499360584209
0.452600512408
0.463333012944
0.417350024558
0.403797942078
0.449857892273
0.445821514714
0.327351868955
0.271803288863
0.330114257178
0.278389087616
0.280251883558
0.416180575188
0.500553500959
0.370116252743
0.460325133037
0.480160063043
0.459061097241
0.377349214142
0.395116717239
0.443523382253
0.514624617097
0.388375618018
0.421491709357
0.461510788372
0.397530163228
0.457792575554
0.409847299362
0.370702578315
0.35544310011
0.45115077812
0.427998964832
0.515702739638
0.442880411089
0.429192449182
0.36979144345
0.415927815029
0.46667566283
0.438169880312
0.449565996271
0.459315457429
0.37375251255
0.350394489954
0.434560294102
0.291699315718
0.282773943012
0.391305254106
0.299324701391
0.397401421531
0.28363324554
0.275344147983
0.393605011297
0.390502525834
0.525592001424
0.453922402786
0.354423950473
0.392332050358
0.293441622474
0.275264352374
0.266946925177
0.436381019999
0.459056687004
0.346859987844
0.419074530387
0.373770916068
0.291256728595
0.318659310417
0.262305730137
0.30131140096
0.459028757667
0.454379494466
0.416195043009
0.37983684177
0.40101829245
0.421138266964
0.346014210372
0.448391030519
0.389790291607
