0.270535363117
0.316061997358
0.363841952853
0.350310132449
0.4241507956
0.387801417201
0.431166895468
0.408073850841
0.34141464218
0.367335452496
0.288224418876
0.398509400124
0.388050733859
0.368626144242
0.469618381058
0.395523991355
0.353517441022
0.381373217244
0.422644675351
0.472771736739
0.473692668779
0.396144049289
0.481668815966
0.416157198037
0.541946755812
0.545906980018
0.465591542487
0.516064563399
0.489576153422
0.401619601205
0.49807908389
0.587781003776
0.440080454923
0.501738175281
0.489580584851
0.425592894352
0.470790925353
0.502506990149
0.519243391948
0.46036384718
0.516190612809
0.520877216524
0.506909981575
0.565115425819
0.428644789826
0.486863230729
0.464744413585
0.516769245492
0.554019767834
0.570597500233
0.459791374144
0.495459021358
0.504159677235
0.538311903766
0.511777148329
0.455455720624
0.477921244454
0.385312655825
0.408069692142
0.535734271853
0.514452964381
0.396713257475
0.413266646459
0.550724623877
0.560242782941
0.450633580264
0.511183303058
0.458211142785
0.483478979076
0.463340081683
0.521414836265
0.536274517587
0.523106974575
0.554002599527
0.486491140946
0.398746849505
0.497938767012
0.466466717302
0.47885444839
0.405793096197
0.405930954357
0.469221462832
0.39197782844
0.460755534713
0.45922784316
0.442491784578
0.429898251469
0.385457774207
0.532896980081
0.544129622572
0.435558842083
0.453967761663
0.460390441445
0.451010654819
0.469950730719
0.397338669332
0.489897285304
0.413070868053
0.456492085444
0.50572691159
