0.808466396481
0.753448156056
0.765534200021
0.775368974778
0.721101177075
0.686291435726
0.675255011524
0.698372118455
0.675867386927
0.681498573781
0.609994151618
0.691121100303
0.587631780103
0.548571672571
0.374293931764
0.323984838979
0.165862151335
0.203416097588
0.124915733469
0.100841698514
0.30247792516
0.128545211385
0.0625132696788
0.0439702734657
0.115648775051
0.0902310986962
0.113314833339
0.0407258049608
0.0626358995861
0.0297919046762
0.0282717833612
0.0455982387601
0.0321625954112
0.0392451772992
0.0385507711122
0.0410018190895
0.0697659898078
0.0156427576884
0.0809119783195
0.0684779808657
0.108571064048
0.168635760379
0.232689048197
0.0546736031801
0.0448848838806
0.0
0.0336931290895
0.100270962099
0.0467965823531
0.0598756089404
0.118411117866
0.110026676176
0.0624598348665
0.456126348884
0.258552056689
0.0337542183477
0.0134427069935
0.0343676203742
0.0692392026053
0.0559493936306
0.0487240702941
0.166052183045
0.0652775748304
0.0585738531014
0.0274251589022
0.0308971723025
0.0451208270226
0.0603279359634
0.0270135123163
0.0695946132415
0.0994830440703
0.0933088759103
0.136301606623
0.199297188955
0.250940716682
0.36229236313
0.320143706487
0.226278465903
0.176799178772
0.203148695068
0.332267220324
0.295544179483
0.120889571201
0.20198053236
0.156410880285
0.171376984461
0.313213425473
0.173286155457
0.118849141394
0.0437960431855
0.0593125409699
0.0210410202423
0.044510544975
0.125013615628
0.214195346861
0.202777166933
0.255977674364
0.183653436428
0.114051508745
0.138030304411
