0.989956037279
0.883987645971
0.878338327974
0.900382385584
0.904092007477
0.879434356371
0.871895414576
0.886133012888
0.82893310242
0.72027544451
0.77468678605
0.728046124204
0.777562451335
0.760085151593
0.768217284837
0.739526078208
0.647312452383
0.776285493089
0.846400825302
0.848391319139
0.816112973432
0.7833540954
0.694218067103
0.61059179668
0.711831321478
0.746733993284
0.787308912569
0.687008973814
0.698688172087
0.722808652348
0.691492684492
0.779842288885
0.811646685698
0.780347565368
0.784733630529
0.792743482391
0.815982296076
0.791439145832
0.808789392771
0.804031772643
0.791374444988
0.783223485
0.779221773422
0.763547139676
0.792162797028
0.763337175025
0.762465840388
0.773080350525
0.776867887179
0.636331330888
0.673015412158
0.628493396872
0.639779809093
0.72845564226
0.723154403442
0.700466616251
0.752648825445
0.703445775658
0.592978911593
0.807892883635
0.749928408958
0.746990265945
0.789247187514
0.769117000702
0.73236322797
0.763692855628
0.753156559249
0.749938203386
0.757092342057
0.772813765848
0.776900578725
0.789594211434
0.78993921915
0.778508390683
0.711089731444
0.687329237234
0.668697662088
0.679603386057
0.672661133223
0.577580588751
0.541208410246
0.525931400376
0.462732742904
0.494661764189
0.532602318167
0.531582064854
0.607416783152
0.540776188771
0.498932163934
0.533947426818
0.511051445318
0.539966676425
0.577647209643
0.586206237078
0.671665685031
0.605987484701
0.68863414129
0.621275717183
0.596065057697
0.556954839571
