0.991135682481
0.897431120725
0.848375619823
0.864498789946
0.83794833266
0.847630180763
0.843788987488
0.892915654823
0.898342675478
0.903176098756
0.806782176964
0.782363251817
0.767606865335
0.765431092384
0.763987891529
0.759613400522
0.769231545037
0.784668343407
0.769932306244
0.748708401743
0.72043061146
0.706597521114
0.739929989936
0.727436968349
0.75091014332
0.77349696197
0.682759343614
0.630453505521
0.697489512079
0.728002720842
0.750375070704
0.813437763009
0.788534584397
0.798861343714
0.822590598314
0.802398323845
0.817979778521
0.792989826034
0.811939340164
0.630959800208
0.813591159405
0.745456794204
0.80333310352
0.897344543241
0.919934146751
0.925687748668
0.962970812959
0.893434865755
0.833044253213
0.799089759955
0.783632733548
0.782966772029
0.751556419018
0.75363815549
0.745962812842
0.770728013532
0.690952405509
0.741325691951
0.770920677227
0.685803679879
0.6790782369
0.758105909294
0.761669939587
0.80046763948
0.877051882715
0.883536478692
0.856047018012
0.861071996215
0.85036961243
0.835920696439
0.884672014949
0.885482549823
0.864932488016
0.897988046832
0.89270083957
0.9097002977
0.910984377117
0.918809308662
0.927061877526
0.947926229584
0.931456013613
0.854547519816
0.85170616007
0.80572812598
0.803941655124
0.712486736606
0.730039763196
0.671089238912
0.643416762032
0.6716922108
0.633614563127
0.60279939798
0.60494264035
0.567591093251
0.539015458356
0.589598752152
0.647846140238
0.550177966616
0.574475235625
0.589776751897
