0.980167611645
0.95004684537
0.892862078611
0.881989180225
0.835106203263
0.848212448363
0.839971254817
0.805608684287
0.77062666133
0.759021597843
0.745470747765
0.705155535526
0.717171325786
0.734693161044
0.743057709228
0.684202830637
0.672679117023
0.62996477026
0.709588449911
0.654003342169
0.59826458762
0.653821872203
0.670335267535
0.701770277224
0.778218435504
0.731236060497
0.721807919015
0.729215657903
0.740228374114
0.663838576026
0.643106404913
0.637233456486
0.635740785395
0.665275094039
0.666651840672
0.692980425021
0.68983040127
0.688368955791
0.733244046285
0.713542753746
0.687709925863
0.702719310951
0.713590069339
0.715951880538
0.639376668367
0.646293504751
0.548362348933
0.523754473835
0.490494216758
0.538196693222
0.557884499971
0.611169974007
0.662634979086
0.610242002144
0.630087000589
0.606993895687
0.622315987501
0.607795414406
0.628278348087
0.576342196832
0.55995600394
0.656465021593
0.598350471174
0.556138556909
0.56350488207
0.598922122962
0.6621717168
0.666800812256
0.699349839735
0.670854321842
0.653306357255
0.640152564344
0.635516672963
0.607799775911
0.642796858472
0.665385385448
0.584641180859
0.643912198209
0.662117221591
0.613374568585
0.605395430119
0.622171992791
0.5930025519
0.650220574794
0.690935230741
0.684907664898
0.672133606191
0.648573275714
0.648738784771
0.658478419245
0.608308228281
0.66153064699
0.650688908509
0.66201786409
0.597011108374
0.547988251561
0.521801333322
0.543688140061
0.591823670002
0.634808376687
