0.981850025468
0.948841607768
0.906162372762
0.879568288396
0.87733583753
0.868185759857
0.857114507967
0.853022658445
0.847688646644
0.795201226361
0.796764072646
0.76878704063
0.741069262903
0.762997048821
0.76969410068
0.789703453553
0.810969665568
0.811583672853
0.819369604609
0.822037204326
0.806815165326
0.805281026098
0.822040062518
0.806048202952
0.792263055938
0.73351391421
0.684308886058
0.615658510013
0.591088717039
0.570507488097
0.573182782894
0.563975829492
0.567580098677
0.596358122551
0.620739131756
0.626609703703
0.538871275085
0.585394723768
0.612648695582
0.66688580463
0.610575281886
0.664812690012
0.647793374718
0.604014271857
0.579029766647
0.600005332929
0.583147264143
0.618502606468
0.654872154017
0.621164446313
0.670477944116
0.653024111923
0.645600629771
0.695095968838
0.707689540774
0.717376618336
0.687418802728
0.716398213947
0.676726382583
0.658561071235
0.649071824329
0.64152092793
0.639973852238
0.614857899312
0.661198865896
0.690336777709
0.690715085582
0.644036835099
0.648978507365
0.660537388939
0.676894733661
0.657645707
0.659498072089
0.662032493134
0.67708101815
0.676246703782
0.667510626266
0.64002562775
0.637710585323
0.639456762027
0.696229084522
0.693375879886
0.649653564006
0.615308273683
0.657909500682
0.665403296624
0.671449264078
0.660110378052
0.703343369141
0.704101190644
0.681606939319
0.681744092168
0.676304072549
0.678749592759
0.675157173247
0.676991699201
0.658938281798
0.676577486716
0.726408273279
0.720356413426
