0.977051987954
0.91675167717
0.844369931043
0.838847835984
0.846747271773
0.819442478319
0.820942045685
0.82511675351
0.821888671543
0.812896114032
0.796924887751
0.793865941048
0.809642574878
0.777504603535
0.78983282516
0.772103529433
0.754029328748
0.756714821196
0.742037438215
0.725618718723
0.70513809925
0.708598397606
0.623349177223
0.623892187634
0.588440022219
0.693937572824
0.566052695778
0.569894412383
0.59502667917
0.661522308114
0.664863277329
0.680941732911
0.642270957317
0.714309183193
0.693012346845
0.705364207436
0.744570181824
0.754062398884
0.766774002874
0.762113868434
0.754804904277
0.74648961076
0.706438055739
0.712157291192
0.713652187721
0.717930868874
0.724226444224
0.72662988291
0.757787552414
0.727475325123
0.720005087608
0.751487188995
0.748807006024
0.722032068351
0.695500284606
0.66740511697
0.70685972804
0.699640774946
0.72725103405
0.713618903746
0.675252602783
0.646593808344
0.629016029592
0.647395944365
0.687638788145
0.683114884649
0.681562621038
0.71137547341
0.7034983834
0.754380907535
0.729286911749
0.718446084822
0.722060837084
0.701403529929
0.698894957099
0.716766314887
0.751062821338
0.704975481385
0.721036672539
0.743208644971
0.743502356171
0.752788267654
0.699636371134
0.786236290685
0.815392058603
0.75562519409
0.762227000099
0.71533794191
0.682870316691
0.577838784576
0.469639575646
0.498738115946
0.599630744178
0.651262677942
0.664217601362
0.645234930124
0.719178921613
0.71222594399
0.716353240866
0.70467795568
