0.97723415711
0.935432129655
0.895342477339
0.893405974276
0.885223990444
0.861935727192
0.854781153316
0.825932294992
0.80172871743
0.798448280461
0.785023456568
0.781456526895
0.648104070418
0.643133312423
0.761980759769
0.695752691459
0.656035045081
0.67960881615
0.714474465991
0.750687621822
0.692593101079
0.691908141139
0.701546626158
0.685192681989
0.657077378902
0.629736986668
0.650761538104
0.666276732785
0.690159983437
0.691104605212
0.728189449828
0.718244968751
0.704576205407
0.687212044839
0.709902168781
0.700276869878
0.67020115476
0.695528440345
0.667531247217
0.680955129255
0.652280778454
0.601206630323
0.561651450476
0.622889891609
0.559605131587
0.524449627668
0.580177713379
0.535786369567
0.515344788398
0.511262352987
0.510192918908
0.580815143796
0.601534278552
0.597451739992
0.576645285318
0.578746884082
0.578804967088
0.673184341228
0.683710172887
0.666239422573
0.654515441082
0.601363785529
0.651567441057
0.719471042421
0.761532082468
0.712572854737
0.717221937985
0.7318459922
0.698268525397
0.683164333506
0.65287464975
0.659210921318
0.657261415247
0.737731428275
0.742418397679
0.687965738687
0.675607868785
0.67895659936
0.668680802453
0.664910999633
0.63314371617
0.587381035975
0.557010242452
0.597329943725
0.607029291999
0.60828372872
0.637283132383
0.621634039237
0.6168371057
0.609901851108
0.562080758672
0.617378695151
0.644048973456
0.686139170094
0.71606917873
0.710940118689
0.708239375288
0.698491528199
0.703499216371
0.717027077888
