0.981653620163
0.955029740865
0.889917386078
0.879785474815
0.857151281425
0.853703973407
0.827011341042
0.804996976055
0.78796833916
0.754552498501
0.755453417633
0.643479171728
0.622399356666
0.681495555197
0.680184978236
0.720908052083
0.773597214419
0.760694750421
0.759264965311
0.739181717532
0.7392226624
0.676978358049
0.704466950573
0.732000447088
0.747436849716
0.74559804857
0.753802539979
0.727520564642
0.780688227141
0.763763710262
0.748629386711
0.748018356514
0.750302366031
0.752559802703
0.769081617593
0.759427470888
0.793829906646
0.784256841922
0.806892255853
0.829456514076
0.828981765985
0.837216772375
0.82154081688
0.79569459911
0.761641792223
0.759385240052
0.728680923667
0.71694600454
0.703350650105
0.663180683876
0.703107205392
0.768399369266
0.6884774879
0.647649696643
0.617122034478
0.616195027802
0.648810326133
0.663433520217
0.640300185936
0.656344847252
0.70313299019
0.690534152459
0.681506273714
0.648492026599
0.652734452704
0.657040769294
0.668819408307
0.668700787835
0.627152025259
0.641224987543
0.647795272255
0.641698809254
0.662195217253
0.676218806351
0.66828819469
0.680726991411
0.68508843104
0.677942207212
0.688895603083
0.668992170842
0.677501910774
0.707262751191
0.637098593719
0.683136926393
0.570707822736
0.605034124025
0.59279820895
0.582378996504
0.558152928384
0.548914310986
0.554077235119
0.575644705159
0.61272316901
0.580007201989
0.644170087604
0.613052810599
0.63790054285
0.627275829771
0.660766013778
0.687992300114
