0.980247260417
0.911812131129
0.897658136963
0.896248542198
0.877291378517
0.848158102046
0.842941327444
0.802867397983
0.799547382063
0.803350817087
0.810078703116
0.782896550747
0.761214253069
0.671822336112
0.673715819239
0.740038442064
0.692179313812
0.622267277779
0.631250945371
0.629395056871
0.630114961332
0.691880829634
0.718772359065
0.741638245535
0.722317959086
0.636363038162
0.659273195656
0.703195669807
0.683694690569
0.623071810669
0.712435854821
0.710541435741
0.719460325404
0.620851028972
0.646545813823
0.67974576628
0.703208046408
0.704444169946
0.686403904054
0.698603833755
0.680020614076
0.672674436334
0.719633636328
0.692611024629
0.690369387601
0.683471927442
0.658411842866
0.692535398769
0.724755460784
0.711699560705
0.737663037347
0.766377809557
0.759747813324
0.706822298965
0.666655605492
0.650012210639
0.68300270169
0.656780324991
0.702074442667
0.662769467856
0.663786101059
0.725573071777
0.708241554391
0.601449651548
0.63521794183
0.65529245698
0.656765139002
0.662731841064
0.661109687298
0.7364193587
0.698728968389
0.706151338543
0.705274708282
0.712940962939
0.733752492575
0.692519595974
0.700182592842
0.645712820978
0.646551654596
0.693866664896
0.704487742908
0.662720153562
0.675425379085
0.681791647558
0.701022164452
0.691546270809
0.646267638352
0.662083551961
0.663252132933
0.621054876351
0.647645832619
0.620282821414
0.603238164118
0.565650307513
0.555694113025
0.478131873042
0.477883985305
0.492300719881
0.561464529126
0.569616358565
