0.981099486613
0.935940397066
0.869005625039
0.87099286832
0.862985919829
0.85683434785
0.829501508532
0.80396888092
0.79661178008
0.759388746562
0.730016552499
0.68613364378
0.724822921172
0.724006617546
0.711810357181
0.693005729445
0.678599549514
0.707496287321
0.68756230161
0.650251279029
0.611181073216
0.649839355994
0.663485260092
0.603811146567
0.610249397497
0.645424851709
0.653757685577
0.72360071676
0.597564874818
0.513039092645
0.512797759948
0.577160693556
0.627886616136
0.595381117449
0.615193665895
0.672478178664
0.724354420606
0.765964392924
0.769825083804
0.704509722587
0.673619386461
0.679227483688
0.69167113459
0.674807853476
0.650291457907
0.569509555911
0.617462689595
0.664401364183
0.698654819552
0.660724295278
0.658226830814
0.677535093959
0.679698459994
0.736411493177
0.659766292148
0.568539707921
0.522623492334
0.612497691249
0.638585898257
0.732840263599
0.737003236843
0.710356224847
0.743615433956
0.789729297587
0.786211123343
0.785293696134
0.784589455875
0.779949806855
0.780291399698
0.726996313711
0.744948169426
0.738810625123
0.736277104906
0.746631260714
0.705080068604
0.664511458882
0.663316616487
0.683268956707
0.695062004025
0.698365434312
0.698583401758
0.714551941492
0.709875957952
0.692531583664
0.658173859079
0.679113085008
0.689355897234
0.700477895683
0.734410933075
0.722418303599
0.709579580917
0.68031986979
0.695438907451
0.6806537652
0.694114434788
0.729489218531
0.692085535977
0.690916170244
0.777695787497
0.796349237958
