0.978795728175
0.885830045807
0.881770977139
0.871278713638
0.870062411844
0.862407869957
0.841777046645
0.829472822196
0.827182594423
0.822619556866
0.791695618744
0.782960893581
0.765240957782
0.745555644903
0.744933701703
0.760086215225
0.770292083649
0.764733136361
0.758046621002
0.753218542403
0.794098402925
0.770797074689
0.752640622153
0.738127224941
0.706927724656
0.751576190826
0.728516234622
0.731084842598
0.692636281448
0.705032696095
0.749684143792
0.768344066653
0.764165209738
0.741806064699
0.741744177146
0.754555696725
0.727750757822
0.787109429451
0.78518891807
0.734609864087
0.747318188418
0.74339235436
0.737528499015
0.766931332389
0.769445590261
0.737845450459
0.762462552075
0.762089085123
0.780971514947
0.784462521908
0.731554768328
0.707358555908
0.714518882035
0.719298501315
0.707583686773
0.71468231898
0.739773301245
0.764856455736
0.764875428481
0.739374774788
0.75599231107
0.745098670891
0.739167292854
0.669860732807
0.644939101346
0.6618859731
0.632357146448
0.610879152488
0.621415641844
0.640878261035
0.647635078848
0.698293429246
0.694125271794
0.690418350601
0.706688992638
0.713058038167
0.754618321593
0.709333638558
0.741436706977
0.746264107494
0.750681941683
0.688906023188
0.678690962673
0.67351672467
0.675483205654
0.670786009504
0.642233718083
0.669552932757
0.672110237131
0.686154876332
0.702486330114
0.71983207323
0.721825956388
0.707670419958
0.74737499158
0.776897384005
0.794751979459
0.750279753793
0.765771575412
0.749079665359
