0.979667593384
0.896221311082
0.797029236664
0.809441511415
0.752656396602
0.767428436277
0.759477542188
0.748006754154
0.767864230767
0.761420309818
0.74259562663
0.733785658288
0.781739156071
0.776539769122
0.769122592671
0.778165402754
0.759762267297
0.736735031047
0.755673849054
0.755355375148
0.758430920657
0.758167061575
0.753761719888
0.758493865933
0.709704107668
0.682703162782
0.711246195436
0.635729505357
0.61538438791
0.637642828082
0.643869242653
0.614570686095
0.611538359387
0.636476127413
0.535232982136
0.577307402734
0.555335847665
0.586089765711
0.602797896398
0.532938536728
0.653446281144
0.692604786324
0.666487561685
0.654540213351
0.644399435681
0.662236592528
0.673909070498
0.64526466093
0.607572700494
0.579260448413
0.596638400631
0.607446549787
0.641626578842
0.622918978948
0.655988784841
0.647151655965
0.63015435375
0.664049915958
0.667824362047
0.716412531057
0.694070944286
0.715354291335
0.757439710692
0.769972322741
0.75003409559
0.817924031422
0.765720451538
0.723466034665
0.710781983335
0.682685632075
0.679090810511
0.670414667719
0.7541346411
0.675282374451
0.695897176198
0.662688847779
0.670125322889
0.722169448473
0.723317234045
0.72283131635
0.696026657742
0.690660371554
0.6845985654
0.676079628322
0.690743678038
0.694088017174
0.702808981342
0.705053148223
0.711530613426
0.750002365585
0.732998500079
0.738378902516
0.646664955615
0.650545067877
0.631188175519
0.627772085291
0.631663498157
0.570407479868
0.57075314439
0.525220349935
