0.980710489917
0.916678467067
0.879819070468
0.867240545886
0.831924811008
0.809251183906
0.763735431442
0.761741563331
0.731963775944
0.718415138739
0.710812501217
0.702753105104
0.739412730087
0.739950102054
0.76803456674
0.732323153826
0.717992032414
0.703795148017
0.724531409358
0.702390225733
0.708678218713
0.70773981851
0.72651252593
0.739179236493
0.719823008209
0.718470865765
0.708974235239
0.729800132847
0.754547986196
0.760950484291
0.758113235074
0.742149507941
0.720406185213
0.748696052908
0.769186089146
0.777689680135
0.782157534435
0.790314261416
0.786947747764
0.788546719012
0.798827787864
0.79991526651
0.807402073081
0.797113603336
0.792575493186
0.770929014815
0.756399008204
0.756988898573
0.761928795856
0.740512156756
0.746978994653
0.712437594837
0.694357497784
0.705196871006
0.729049794864
0.731264808846
0.719972324945
0.734036412085
0.712756458347
0.701022350852
0.704950503857
0.704282698496
0.695240617167
0.70805812788
0.699980669331
0.697409420403
0.700220234202
0.70837038641
0.737131420066
0.729335583693
0.707211938612
0.710647148074
0.706211687834
0.707797787089
0.680424524061
0.614458038705
0.53849787638
0.529493067678
0.511965936752
0.530308202252
0.548234013784
0.565041026919
0.58274177517
0.627726119786
0.604394620093
0.635651396229
0.638277976107
0.665419339725
0.683523679877
0.690846068512
0.705442969733
0.712749399048
0.726662862415
0.728122414416
0.703902740732
0.693905569372
0.694028787986
0.701665168142
0.704799539012
0.73706494074
