0.979789216928
0.917079886906
0.837776231888
0.833645857748
0.821240452197
0.805132934702
0.74748883703
0.750547841398
0.709694810145
0.670116643573
0.658074556483
0.677704036759
0.686716182762
0.694286949589
0.709577922096
0.649031905638
0.674408539509
0.596858396212
0.593182439198
0.66903139824
0.696759603091
0.668923440034
0.670147445418
0.682250307631
0.663455215985
0.637680207048
0.580071553951
0.572133233915
0.624187551869
0.605953638318
0.572128493809
0.56894264872
0.610559738993
0.608171465814
0.594338208407
0.618484526726
0.619993496357
0.635591192192
0.632735733832
0.620787637776
0.658708653654
0.697338833418
0.671232724122
0.687615087269
0.689890212184
0.674802323555
0.689680368237
0.683054604033
0.692093080685
0.677853121812
0.703003630364
0.707708534205
0.706977705792
0.689271349966
0.687171977969
0.681698688504
0.668112221357
0.636726215019
0.678640607516
0.679272184899
0.689598068133
0.707167010735
0.680034947812
0.703695308136
0.700483600533
0.705166779523
0.728534696824
0.746487419441
0.763249074628
0.772754717469
0.758739126536
0.725784565496
0.73765548156
0.781312275742
0.780751744504
0.773055515843
0.778407960557
0.790959831024
0.787115136214
0.781978770953
0.791222599924
0.795103753994
0.810332017038
0.795967370367
0.777396142327
0.759842613496
0.756570356411
0.745963269565
0.715626768381
0.735468535826
0.736034830032
0.724506624879
0.720319145931
0.662883438752
0.696281222904
0.676087169287
0.664103202165
0.706108833265
0.748479347983
0.757228249564
