0.977435897436
0.865121493964
0.808544158734
0.773450390356
0.812772814243
0.779290148448
0.805182857351
0.671633249444
0.682595951417
0.762564102564
0.747129824561
0.665247342889
0.646340488558
0.56641025641
0.558523222818
0.651966891241
0.674774987431
0.719736944232
0.686370966918
0.714482051282
0.676626910311
0.635819746872
0.665198020039
0.640330306015
0.668974358974
0.544324966262
0.504373892111
0.486985866347
0.443453711201
0.433717058759
0.380792318634
0.408205128205
0.434578298136
0.476923076923
0.433705802969
0.486391363023
0.544220483642
0.57045846008
0.57271093571
0.533825363825
0.512820512821
0.461420870263
0.380125984572
0.432489206406
0.422557354926
0.472133347923
0.471120107962
0.506448582996
0.46380565829
0.49319614108
0.479743589744
0.319079307171
0.347576615748
0.427948717949
0.449743589744
0.486666666667
0.502564102564
0.536394915563
0.514908998067
0.529256119754
0.570297443192
0.537153118764
0.607342125584
0.651370628929
0.470558178496
0.582790419769
0.58286099865
0.617948717949
0.596153846154
0.596900419448
0.519136586789
0.527574893493
0.564843643368
0.485641025641
0.529333216617
0.488974358974
0.490714758483
0.489077462888
0.499490450659
0.435035897436
0.49566405628
0.460833988645
0.435775886007
0.477843780623
0.471273308051
0.394694252161
0.449571390013
0.449743589744
0.413152882206
0.481989736194
0.49441352041
0.528309781324
0.469560799477
0.505635943636
0.514499595142
0.496332345069
0.55834155451
0.506302411546
0.522887179487
0.543438158703
