0.982051282051
0.897168112589
0.847356909946
0.781171390013
0.679785155196
0.743422937107
0.610548732538
0.587494736842
0.620263223547
0.617421271474
0.56939414232
0.621460115986
0.646208877704
0.510451799978
0.491966261808
0.512813765182
0.446945748988
0.555930634278
0.666274224022
0.646124842251
0.663948717949
0.52721127038
0.623846153846
0.603627454135
0.620252631579
0.581847773279
0.642434280434
0.601649662618
0.519320560236
0.628974358974
0.595641025641
0.518205128205
0.515621694569
0.538717948718
0.496533333333
0.533579122871
0.43687600166
0.476017011343
0.450048305796
0.458974358974
0.441136521137
0.425382186235
0.431282051282
0.396966261808
0.445560053981
0.337284705179
0.407636977058
0.435973009447
0.496821862348
0.479957121494
0.546618403945
0.575660458839
0.485128205128
0.507073013094
0.53358974359
0.570194988511
0.477858934238
0.375272305504
0.397984778301
0.378763667311
0.538974358974
0.584871794872
0.533846153846
0.479420615356
0.595558434548
0.630224178603
0.594615384615
0.637486099865
0.660152970785
0.496153846154
0.534493893083
0.555128205128
0.525761960341
0.456171605475
0.466958164642
0.39764068522
0.484079136511
0.518220323157
0.504102564103
0.497840755735
0.495384615385
0.554336944232
0.580512820513
0.587328048465
0.523846153846
0.582570310391
0.544523295765
0.496923076923
0.562051282051
0.473045614035
0.509843119233
0.51781754386
0.433441295547
0.462293243851
0.485384615385
0.449976000292
0.543220512821
0.508205128205
0.563456410256
0.564204362257
