0.981538461538
0.904818105555
0.87641025641
0.807132523617
0.725574517027
0.70468138746
0.493076923077
0.551421424664
0.414102564103
0.429183032425
0.475391632928
0.517146288799
0.502233468286
0.517142240216
0.450664244812
0.445338518854
0.485562753036
0.483040215924
0.398136834811
0.531814136867
0.459082102345
0.399280138703
0.503975174596
0.584871794872
0.639191093117
0.652267206478
0.637435897436
0.61375623883
0.572051282051
0.631282051282
0.410362767626
0.407165225955
0.45676691382
0.548548683212
0.523533486523
0.528249932524
0.598974358974
0.520512820513
0.597630083525
0.629194331984
0.553474080211
0.545014844804
0.553076923077
0.594770850202
0.600959784076
0.64079886202
0.662077980815
0.598159900791
0.581473916338
0.54607812671
0.613637286665
0.630594854222
0.588405145683
0.647988594498
0.528662618084
0.58359915381
0.499158230295
0.460809123293
0.530157219077
0.568065652697
0.561299485721
0.513302425502
0.497179487179
0.414343659217
0.538411204727
0.501499463836
0.527132275595
0.606014396351
0.51803047495
0.508981106613
0.566851012146
0.614029329735
0.458043367254
0.479954645817
0.374027841165
0.435316635664
0.349692983672
0.410183204495
0.343333333333
0.355212709304
0.442320539116
0.452571120108
0.436666666667
0.464842523495
0.396148444693
0.329647678448
0.300851551957
0.379595161153
0.354260719141
0.423799682544
0.414574751763
0.412229842798
0.546555465587
0.433364912281
0.413535892548
0.437597840756
0.362564102564
0.399543589744
0.465588124157
0.482820512821
