0.979694826481
0.91980332658
0.876864262705
0.863372547252
0.84616944619
0.813065588936
0.783748225913
0.787966956358
0.773181910502
0.717290928298
0.691996103077
0.658257881369
0.737052450347
0.764463353184
0.658377180355
0.636199123497
0.669990253133
0.660783571034
0.65981056397
0.664365576456
0.694227746012
0.658346623205
0.683679744219
0.683698916062
0.643708922408
0.69497205663
0.721251721485
0.724891987388
0.735992478388
0.737048494097
0.71685001896
0.682718608534
0.691931237724
0.676176904453
0.673320838262
0.677639210914
0.693015318147
0.654254645115
0.678400309017
0.693557559103
0.693463335774
0.726628851707
0.706724849616
0.69554321751
0.702768716452
0.710314096881
0.698729034877
0.694939480537
0.702658840873
0.717688711772
0.728797314704
0.676999366687
0.645413472574
0.572988038877
0.553386181379
0.583245889166
0.59256337655
0.620419133967
0.583084742578
0.598586740405
0.665163630535
0.635462249984
0.644014550391
0.646582692205
0.660415667132
0.716072690101
0.720282480786
0.713833686817
0.737692743957
0.693624431856
0.703146718898
0.62548438408
0.617673805542
0.56136151127
0.53971926412
0.58567276276
0.587986992421
0.60993613316
0.629866265732
0.601508179125
0.629153045126
0.667475085709
0.660817677377
0.693405241517
0.695075417474
0.70378148497
0.691153211993
0.716502860331
0.731243340385
0.734337823325
0.74468121132
0.751270009841
0.758712816559
0.73087345071
0.735002973934
0.770492263685
0.757655168663
0.725227403986
0.723561259427
0.73274508131
