0.842611380898
0.969497749145
0.98
0.965983608294
0.899106074705
0.882992670578
0.904553527505
0.959033830909
0.953051208348
0.897956940959
0.973245114228
0.952399679991
0.877942428429
0.94239418075
0.835817325331
0.918051645045
0.72349065845
0.784530172739
0.9019615233
0.902614692459
0.952029403779
0.98
0.98
0.98
0.977598718206
0.9762929753
0.977613833066
0.975913665714
0.966997219305
0.978807389041
0.971475556772
0.929612453666
0.915636638429
0.439187844431
0.511034397642
0.98
0.753985152758
0.737185352001
0.956391255833
0.869688549365
0.952129194417
0.878792644333
0.957822917423
0.713474838659
0.672966109013
0.760207643406
0.965179090321
0.602134457077
0.881750421042
0.936900462596
0.922645322113
0.778102247399
0.850707058156
0.925524929836
0.898509524581
0.98
0.857396792629
0.847420351026
0.693467788179
0.826041031912
0.941329361576
0.942880206886
0.931105796232
0.959091650701
0.977129168986
0.872522289384
0.977250425932
0.971205262752
0.98
0.853311461439
0.828861492949
0.902714895707
0.87566599805
0.967756150214
0.871999843046
0.903825187107
0.976591978331
0.830255325487
0.891494490878
0.979652449714
0.966557704183
0.9689793682
0.965819741444
0.874414736173
0.685451729519
0.98
0.977100486205
0.973087913063
0.960397110104
1.0
0.930598291008
0.939217368032
0.970979472631
0.98
0.98
0.77421819301
0.967121269874
0.869316656791
0.86019541392
0.865873659469
