0.833198003857
0.84924444529
0.978733844147
0.846119549098
0.672602462071
0.822512111777
0.970340390804
0.877551298282
0.933044323459
0.978774820845
0.964630232303
0.872893142067
0.910500601347
0.979
0.953330503417
0.78807849647
0.98
0.954561126733
0.98
0.962543636771
0.98
0.974558915578
0.821112713073
0.733314000482
0.969094492089
0.98
0.920430542447
0.797557806463
0.98
0.98
0.98
0.966167064794
0.975864490487
0.970629402435
0.974948486045
0.827768696425
0.942014094311
0.90492724432
0.927852366968
0.98
0.913265906149
0.9019615233
0.937818136398
0.793076073073
0.98
0.98
0.98
0.954249730322
0.913677094726
0.971419595156
0.95725477353
0.945082587454
0.964379352902
0.923178529752
0.875966870555
0.977559728719
0.971793003225
0.98
0.851356102319
0.856556980034
0.936819770517
0.977908028715
0.97220522037
0.98
0.967884028098
0.932011821792
0.930692828071
0.977706450905
0.98
0.98
0.979799250815
0.98
0.921542655439
0.98
0.98
0.97576725587
0.98
0.98
0.943422034112
0.976587615928
0.975311279187
0.910163101252
0.858740604634
0.976556340974
0.975583459919
0.98
0.98
0.979129168986
0.973763164388
0.97818297643
0.979
0.960275936538
0.956253028214
0.954710883565
0.821545885956
0.905607695662
0.949040376981
0.870182999095
0.974129425303
0.945159323782
