0.861570997927
0.938186721495
0.967327285284
0.98
0.98
0.841302081472
0.843840168326
0.846038395316
0.956132279098
0.585737800006
0.8804889411
0.98
0.98
0.98
0.974365564113
0.970794399803
0.967024123339
0.926189262339
0.596694229605
0.601268339326
0.840890500622
0.911317403605
0.952393188184
0.906408544452
0.895445381977
0.757340643887
0.908252980412
0.842541854197
0.898480161847
0.98
0.98
0.876444726432
0.875756567672
0.98
0.690960071296
0.671548591374
0.890884890271
0.937626732167
0.926740328273
0.979766409726
0.713292273608
0.975721610529
0.98
0.969901928255
0.946491492714
0.968295558708
0.98
0.971671746857
0.977151489389
0.938095472749
0.939291498205
0.98
0.97443027227
0.855103302754
0.821421291068
0.878331774351
0.85765449055
0.894670150089
0.810698065895
0.954780293323
0.626869478732
0.834659962185
0.797833788126
0.780540202039
0.918749456847
0.900305145667
0.805269586343
0.961205473993
0.944121337936
0.966839244971
0.94868310918
0.98
0.98
0.977256836173
0.973872326552
0.934773333927
0.807654747997
0.373925824669
0.53933532905
0.634138017917
0.803036522998
0.86715765462
0.607562665751
0.656055266123
0.919382515212
0.98
0.974356554312
0.968875496128
0.963461589114
0.97959866231
0.899008896737
0.98
0.98
0.971428512139
0.98
0.98
0.98
0.836641062181
0.911629666296
0.98
