0.839035551309
0.909234890813
0.844596545956
0.856282128236
0.966499811932
0.98
0.969004276915
0.98
0.932962575561
0.98
0.845796571027
0.80749065845
0.98
0.938984306194
0.837050878276
0.98
0.911800198624
0.966130531367
0.967052165173
0.98
0.961029108412
0.98
0.98
0.961943814053
0.47257650746
0.907508907679
0.465317716489
0.609888734434
0.840956432037
0.966187772731
0.98
0.98
0.893580385525
0.816249236786
0.98
0.965907490446
0.850709595406
0.977272891185
0.966087070318
0.977261558419
0.933627860501
0.98
0.977616080797
0.98
0.918051645045
0.864836654048
0.978738073287
0.928085371591
0.979706975526
0.887650498414
0.886401480625
0.95504507145
0.98
0.98
0.98
0.98
0.904565749152
0.96650804906
0.924779705399
0.841962834168
0.488620471081
0.408406323193
0.607028725407
0.868105502711
0.939976567223
0.979656631539
0.953211990603
0.97959962238
0.929514342834
0.877736494385
0.242962001079
1.0
0.866464219341
0.977052403915
0.883440905576
0.965938868462
0.973871666059
0.98
0.953117171263
0.916918832464
0.95562603196
0.895628850465
0.912458835091
0.802770578275
0.891840024836
0.939067236003
0.960435304629
0.95110117309
0.705606651371
0.815829897714
0.873903863855
0.584384812002
0.911654803804
0.864289345569
0.242985152758
0.317985152758
0.701638504687
0.98
0.98
0.98
