0.222051863527
0.236730682682
0.259514313744
0.279482804559
0.300064428889
0.350772304223
0.3075136814
0.312125648509
0.288863072343
0.348841913418
0.299729323609
0.267656095281
0.265473695205
0.312221030233
0.33306236202
0.357383502389
0.294246604654
0.222506741146
0.262935933691
0.293076822661
0.23403431928
0.246505550904
0.325901353353
0.385882174848
0.277772325471
0.290047866062
0.258276876611
0.230549371393
0.245173972916
0.362353561766
0.454820532266
0.393317602913
0.32042681091
0.293306354397
0.276984943771
0.269524886017
0.225813455995
0.268018439957
0.355389911212
0.363057277987
0.303950255514
0.34286877364
0.303683221929
0.211937446929
0.232512944266
0.251672143131
0.390063446596
0.486370577295
0.462192888417
0.532328104442
0.421764093118
0.40478411167
0.447795579883
0.471960056382
0.336339673367
0.405208157223
0.310187842643
0.436140261458
0.336180484057
0.276402003785
0.333856223354
0.318847039286
0.275147971761
0.228531421659
0.289737950692
0.224520262361
0.249287606302
0.269946890551
0.220188836504
0.305062267213
0.472321843669
0.512013877317
0.488100337549
0.379397786161
0.392949208545
0.468516372007
0.420370979339
0.312757476491
0.348609327088
0.332249203526
0.333057766671
0.291764080042
0.253776079589
0.244247859818
0.270947802005
0.297720119086
0.324499523883
0.231214051619
0.223085094524
0.272415935283
0.36910940992
0.524897614368
0.446433088227
0.474247126703
0.399272949874
0.382158527607
0.433707211022
0.4088684936
0.359379780748
0.348384216665
