0.81975474048
0.787183133577
0.722108773596
0.712799736239
0.664354266215
0.663018396054
0.682725269198
0.664456841245
0.640282816483
0.666676750874
0.653773161772
0.659162154366
0.639481622291
0.570574502658
0.558062820517
0.60809959604
0.537990886259
0.467330728126
0.453973007989
0.450665029017
0.395152107213
0.406574810416
0.276988452317
0.28946056387
0.147027455909
0.152159537535
0.212174758036
0.304160866849
0.526668950095
0.365432890578
0.361079392888
0.377889125789
0.314734613443
0.290914750056
0.234261807218
0.179505420623
0.245685833913
0.325096740545
0.260739772533
0.176929515007
0.174092431129
0.135582059731
0.0678747930656
0.0640119180945
0.271295359847
0.070262262785
0.0503263434863
0.0463727841038
0.0857270530637
0.0672616591978
0.16898747142
0.142858690126
0.349385305932
0.143668327
0.088510883453
0.0962040707343
0.0686759296112
0.115205690031
0.123462425181
0.13377969651
0.0821959889012
0.101505238074
0.262614309698
0.355735749218
0.14707488759
0.114251711531
0.145128080116
0.130050303217
0.0426046179873
0.0799220072814
0.0419882730663
0.0697543053602
0.101042967702
0.199590789203
0.292230886077
0.273522633469
0.221832970308
0.310511951206
0.321680424233
0.452488545539
0.421814997869
0.335756248471
0.343052328504
0.312388957712
0.396863418045
0.417377649042
0.396429403111
0.429897043158
0.333425033752
0.357688005535
0.380344388322
0.350068539537
0.38804844015
0.39671635366
0.377829783293
0.306366371336
0.213548541725
0.239080866745
0.219401715895
0.13070691473
