0.821125467237
0.730281744276
0.609821609495
0.564788486013
0.559951078805
0.533959658563
0.537829014861
0.594213738926
0.554171169618
0.515862561712
0.502355611464
0.589344094685
0.504142608199
0.479367574037
0.475148886453
0.408259954523
0.423777431337
0.471870929294
0.482798277911
0.542434232532
0.62460662608
0.635788407991
0.435762093224
0.452123880173
0.434106821534
0.47206737768
0.389387531875
0.414149938817
0.369115330344
0.316833001726
0.312941972102
0.308042514399
0.254719021046
0.262904306095
0.346627044071
0.357411705079
0.283055475288
0.199724744703
0.29292071557
0.306095174665
0.198209691814
0.259774634416
0.345300970842
0.341061874448
0.323036733011
0.232941029978
0.176742436812
0.119747219197
0.173096011801
0.265230365856
0.325512382627
0.16857422921
0.249146612409
0.317812030053
0.327777342936
0.258484991195
0.120641357299
0.185238131739
0.25919505877
0.17414107832
0.204573289427
0.14282630523
0.230837477835
0.219993648621
0.24214862793
0.256735794805
0.167391218291
0.196337360221
0.219990008562
0.27181537165
0.308164843297
0.191115719838
0.193361596783
0.197960700794
0.207983409648
0.185807188195
0.211367786294
0.177082778752
0.158464107798
0.1844199674
0.195438380041
0.159135056217
0.0766478978889
0.0
0.0
0.0
0.0
0.0
0.0
0.0
0.0
0.0
0.0
0.0
0.0
0.0
0.0
0.0
0.0
0.0
