0.982564102564
0.91205802969
0.841373607616
0.773851012146
0.733929138855
0.707948717949
0.76437121494
0.617931443995
0.6559634971
0.707524966262
0.62710563519
0.462969629549
0.569274800306
0.556101931891
0.580901455301
0.585198920378
0.588180836707
0.596458839406
0.56244534413
0.600897705803
0.580422136626
0.598653711201
0.620368100084
0.647464653317
0.550574898785
0.482964102564
0.480316483529
0.438357386352
0.306758164642
0.473053339169
0.505134835622
0.465367948512
0.496398107772
0.419628307524
0.454990319875
0.440917678812
0.371602027939
0.40805903913
0.474241295547
0.497906099969
0.397591431107
0.436582726046
0.491456140351
0.554334792282
0.548012294075
0.609826180837
0.507544326513
0.620102600576
0.578607287449
0.497740380056
0.532564102564
0.545128205128
0.422820512821
0.450066535361
0.472789317716
0.388694342926
0.382051282051
0.457435897436
0.5523951417
0.496113914724
0.484733967976
0.433333333333
0.455641025641
0.447148178138
0.536948900317
0.519904059525
0.521303541598
0.505498960499
0.381239308164
0.30322437973
0.356517103492
0.407140004591
0.354659933993
0.416634813523
0.46149122807
0.380157639421
0.417351409709
0.43476694022
0.493846153846
0.517483371631
0.569230769231
0.577435897436
0.565812955466
0.543108071634
0.51444831309
0.564439338124
0.575635533128
0.504871794872
0.453499280024
0.423285667729
0.284897840021
0.487153467094
0.477796833734
0.457941793827
0.34888928444
0.406826567458
0.488994686995
0.474813495277
0.508417697049
0.534416601366
