0.982564102564
0.897866676393
0.841082053714
0.819771368129
0.760505399326
0.634358974359
0.64463805668
0.49324059282
0.524641047525
0.496527264106
0.552275028875
0.568717948718
0.520376788124
0.572261268556
0.609064507422
0.584206878944
0.628170222854
0.620004770763
0.610524156545
0.584407046723
0.538724426451
0.480735018419
0.508611445454
0.433492365703
0.543612524535
0.577887719298
0.650810635737
0.602470247344
0.528394229857
0.490160367655
0.546052266842
0.417948717949
0.50002907685
0.361128205128
0.440114851446
0.444708684393
0.337629675019
0.310910734216
0.294615384615
0.261486464602
0.374548154047
0.459187642703
0.474794062078
0.501290235985
0.446161133603
0.402597702156
0.472847868111
0.469173549258
0.427125506073
0.471537381916
0.506378947368
0.51358974359
0.561741160594
0.521538461538
0.535431591453
0.585262348178
0.520256410256
0.515128205128
0.466666666667
0.488517007696
0.529742976985
0.53162484312
0.561011999854
0.591480577744
0.569688645731
0.621504723347
0.623290148448
0.619491497976
0.587115118357
0.546178947368
0.55673414305
0.567931983806
0.526923076923
0.560272568115
0.600383228832
0.464457891089
0.466148562675
0.451932042164
0.505629850093
0.508380026991
0.526309180435
0.505897435897
0.551282051282
0.508205128205
0.558470014954
0.494279352227
0.563268349321
0.527179487179
0.609235445509
0.496719772404
0.593068198563
0.517912791334
0.497836000499
0.553246880923
0.421538461538
0.475437707922
0.420571380287
0.441591363023
0.467702469271
0.385805835795
