0.808136841459
0.760611514284
0.744191912983
0.735486295964
0.745301459436
0.741478086302
0.760694970419
0.745505896407
0.729029842756
0.713047583131
0.710957165828
0.696840884219
0.703296801805
0.654131115005
0.643298633858
0.598237341261
0.681142912953
0.682550954092
0.679480335294
0.678344600452
0.668313114472
0.659156712877
0.646463221469
0.687921492751
0.673683763905
0.689547360152
0.677049607291
0.672056692402
0.653470448657
0.61705341308
0.643026140602
0.643914174411
0.661590012216
0.671959769344
0.654197938743
0.645003406834
0.64906016232
0.662780604084
0.661514085655
0.629627401835
0.591418273373
0.629205083589
0.632177708128
0.614779839269
0.629598382084
0.643120578733
0.636155672628
0.639873241738
0.62115925259
0.579974537834
0.594176115707
0.558105701903
0.54649473817
0.550310807891
0.498909793768
0.497163420512
0.494583697574
0.518754025814
0.52834495798
0.540102142383
0.568787845093
0.517181222595
0.549650963
0.568551186699
0.636515030609
0.631211791212
0.581211259345
0.59158534009
0.616968028162
0.595274780275
0.586804904529
0.594220251812
0.597923765179
0.577670659541
0.585441425555
0.587514692384
0.576066947271
0.564642069158
0.560472763427
0.560530886003
0.554496100983
0.512622511985
0.53742932279
0.557546497702
0.525712945623
0.552907514311
0.543804621587
0.533658003259
0.572790003635
0.545802083881
0.572467125252
0.591324469808
0.587621246546
0.569038096521
0.561564892258
0.534791901143
0.544564561753
0.553157652247
0.561742479619
0.551154554898
