0.763156376082
0.98
0.98
0.924469323003
0.979365222185
0.960400009165
0.955192216706
0.98
0.98
0.98
0.963308525205
0.975334780702
0.98
0.98
0.98
0.98
0.960156963483
0.97520010018
0.98
0.98
0.935095204877
0.98
0.98
0.950364235991
0.979255877053
0.967917693082
0.97687685933
0.98
0.98
0.98
0.919515506994
0.98
0.969827731236
0.875948002419
0.937530277629
0.98
0.98
0.98
0.960237993363
0.98
0.98
0.98
0.974181836602
0.98
1.0
0.95576082258
0.98
0.98
0.975012309144
0.98
0.98
0.98
0.751532502617
0.98
0.98
0.98
0.98
0.98
0.98
0.98
0.737316727417
0.956299901883
0.96376715704
0.701595804079
0.953435096165
0.98
0.909501484059
0.932640852946
0.928614188449
1.0
0.98
0.98
0.97557698975
0.98
0.98
0.979472611968
0.98
0.98
0.98
0.978591711373
0.948618543636
0.98
0.98
0.98
0.978081220404
0.978131223089
0.98
0.894790063569
0.98
0.974661132562
0.98
0.951786328372
0.98
0.98
0.975691372712
0.98
0.770862374345
0.98
0.98
0.967015078035
