0.797961411473
0.98
0.98
0.98
0.98
0.909016107258
0.961045475235
0.979600814028
0.979682687427
0.961773694382
0.9693665151
0.9604
0.98
0.98
0.98
0.98
0.98
0.98
0.98
0.977411702141
0.98
0.968630318555
0.98
0.958268994258
0.882753001911
0.78155635571
0.953329090836
0.942016264722
0.955475733973
0.98
0.98
0.98
0.98
0.891429103372
0.974041429986
0.98
0.972624017894
0.98
0.98
0.98
0.98
0.954890206213
0.863326822476
1.0
0.98
0.98
0.98
0.98
0.98
0.912101105826
0.90206985908
0.903345664946
0.98
0.98
0.973625767244
0.966093467531
0.921437745406
1.0
0.890931452626
0.98
0.98
0.975715101201
0.98
0.975447543029
0.98
0.958704102868
0.98
0.98
0.979338838081
0.959381729799
0.98
0.98
0.979197760596
0.98
0.98
0.98
0.724779342256
0.918811382647
0.98
0.98
0.98
0.98
0.98
0.914092261655
0.968168498545
0.98
0.98
0.98
0.964744159001
0.941088675571
0.98
0.98
0.98
0.98
0.98
0.768539855688
0.929525909044
0.98
0.98
0.98
