0.843271555014
0.98
0.98
0.98
0.98
0.98
0.98
1.0
0.98
0.98
0.98
0.98
0.98
0.98
0.98
0.98
0.98
0.98
0.953440432259
0.98
0.96701936586
0.98
0.963415631757
0.98
0.934090957258
0.79950492462
0.97886403742
0.98
0.98
0.98
0.860936001113
0.98
0.978212828927
0.98
0.98
0.98
0.98
0.98
0.98
0.98
0.98
0.97277016153
0.970033742642
0.98
0.98
0.98
0.98
0.98
0.98
0.98
0.98
0.98
0.92500341072
0.96151502719
0.98
0.98
0.98
0.98
0.98
0.976981487754
0.98
0.98
0.98
0.976789459793
0.98
0.98
0.98
0.973274334479
0.913254270727
0.98
0.920953427249
0.967091675216
0.98
0.98
0.98
0.98
0.98
0.98
0.935115135116
0.98
0.98
0.935421737199
0.98
0.98
0.98
0.98
0.98
0.953657160176
0.98
1.0
0.973205524719
0.918943654339
0.98
0.98
0.98
0.97609090343
0.98
0.961882646817
0.96043205207
0.98
