0.847957147577
0.98
0.98
0.98
0.98
1.0
0.98
0.98
0.98
0.98
0.98
0.98
0.98
0.98
0.829746541983
0.914880957484
0.966077352056
0.98
0.95757815024
0.98
0.936141816625
0.939369394375
0.915214747316
0.98
0.98
0.98
0.98
0.98
0.98
0.978326469481
0.899013753122
0.945857372677
0.961591464157
0.98
0.98
0.98
0.98
0.98
0.98
0.98
0.98
0.969050855816
0.98
0.974901286758
0.978179022517
0.978563454223
0.953249644214
0.98
0.98
0.98
0.98
0.893880308357
0.89466791711
0.961055473549
0.98
0.958797796122
0.740734677275
0.970934594544
0.98
0.98
0.98
0.98
0.98
0.98
0.98
0.98
0.98
0.98
0.881284892636
0.902109671181
0.878162237323
0.98
0.98
0.98
0.978904779096
0.975454388477
0.950136292786
0.966335315062
0.964936292763
0.98
0.956382594596
0.979
0.98
0.98
0.98
1.0
0.98
0.98
0.98
0.98
0.945281513387
0.98
0.800448995958
0.768695278594
0.859555366733
0.977861148211
0.98
0.98
0.98
0.98
