0.901552716106
0.98
0.98
0.98
0.98
0.971254336065
0.98
0.974123334571
0.972277882847
0.926685152581
0.98
0.98
0.98
0.98
0.975235746777
0.98
0.98
0.98
0.98
0.98
0.98
0.98
0.98
0.98
0.98
0.98
0.98
0.96908089922
0.98
0.951879210943
0.968395547551
0.973434797504
0.900657521405
0.98
0.98
0.98
0.98
0.98
0.969993482565
0.859742827712
0.87018087125
0.98
0.98
0.920259276427
0.91031372964
0.98
0.98
0.98
0.98
0.98
0.964841598229
0.828494037775
0.98
0.98
0.98
0.944105655981
0.979760181444
0.979524235628
0.950203071294
0.98
0.98
0.979588085815
0.915004165456
0.937662439387
0.91108788549
0.98
0.979200000055
0.98
0.98
0.834755825822
0.964218958545
0.98
0.977325288104
0.979545976769
0.98
0.98
0.98
0.951698171318
0.858186371124
0.930068903878
0.98
0.98
0.871861544858
0.909037859071
0.98
0.98
0.98
0.98
0.98
0.98
0.98
0.978171756901
0.98
0.98
0.98
0.98
0.98
0.98
0.98
0.98
