0.990373129006
0.939831886754
0.906987329587
0.886638207835
0.863703468977
0.830540611152
0.748403189243
0.733605263717
0.648601722594
0.703927138772
0.608245896416
0.663480456059
0.61091295607
0.492182215211
0.440116318805
0.553160485406
0.558675781703
0.614057565625
0.554071664506
0.542552912494
0.550966712134
0.54605078781
0.482864738357
0.462530124063
0.46845506284
0.38013333483
0.457850679311
0.43761186227
0.419369978689
0.397060535758
0.443003545061
0.477308222019
0.456495430903
0.485594508685
0.474999404582
0.469645200481
0.501867391812
0.515987453113
0.518319014487
0.501983985409
0.472651603719
0.475434983897
0.496861678991
0.48734889446
0.484236333103
0.418809481454
0.524839350121
0.478444249475
0.499822658133
0.494223013837
0.558487247954
0.574938965653
0.579588466969
0.543186133103
0.527339807336
0.599339840386
0.611738908452
0.618793676799
0.624482572506
0.614550801771
0.609250401548
0.566101483688
0.566323942937
0.54812425353
0.585914690526
0.649689415535
0.642737737658
0.714653350322
0.737653602483
0.728692443111
0.714385288317
0.713155132288
0.694053438316
0.795834987307
0.788741063031
0.813944802288
0.736880139433
0.686825860077
0.656680340458
0.689871575213
0.654990832403
0.721063663329
0.758262760613
0.706054707524
0.741215016606
0.773015536249
0.757668396112
0.687177551405
0.624568909823
0.655126274207
0.671997300174
0.72808866368
0.689604453197
0.673686032824
0.687729745866
0.75343684749
0.690793958131
0.672785616163
0.710341797127
0.677299644557
