0.990129246509
0.920748231093
0.900231179903
0.794257169529
0.737222778548
0.716518875093
0.73872468348
0.758093451859
0.683918549473
0.689972851409
0.671885422223
0.573882975081
0.327991248738
0.165670433143
0.0669570338726
0.064741702678
0.188580417223
0.0503349768645
0.0470599753645
0.0158277462197
0.0755230224876
0.0536504721194
0.113684400141
0.075157509883
0.198341055626
0.126065183337
0.0876787190527
0.0648257838274
0.0708867125327
0.248683201975
0.215956577317
0.119475405666
0.232863473606
0.212350667867
0.207803461304
0.224908233769
0.0486018908217
0.078758654194
0.426034757467
0.301622389584
0.223113293882
0.183153323548
0.366528934216
0.458268840379
0.548982647972
0.633639517071
0.784750988779
0.687168156451
0.634537486347
0.672086993088
0.609165403348
0.654565291208
0.663079564469
0.625826319141
0.568552548843
0.569150753937
0.625374530505
0.67925474115
0.64977623783
0.633345462028
0.649480884968
0.591247816368
0.628419164209
0.67809076942
0.659633097882
0.609285009182
0.58631971232
0.659386935905
0.642574671339
0.649928264177
0.657712983567
0.657259089916
0.618325260996
0.69194990723
0.629009685121
0.674135446971
0.684126516658
0.699494160211
0.674033807369
0.679112907524
0.703548694253
0.746175342988
0.719937120993
0.704145641943
0.668825595933
0.649484696539
0.688845251513
0.649752656768
0.619994724947
0.57858720012
0.645830849703
0.770985569856
0.789731639022
0.780119971128
0.760956258987
0.692926437293
0.664038495918
0.65398991994
0.711561711753
0.723345019976
