0.989415559699
0.921167462388
0.836664325098
0.766741228911
0.798363873368
0.75303058105
0.648976693211
0.6429354698
0.66410154878
0.67469092409
0.697798711213
0.78484317596
0.774693058361
0.554564730638
0.429257960255
0.25191076099
0.372046141291
0.360548350715
0.228146341561
0.248163395055
0.0548212613681
0.0284102973904
0.0297671441508
0.0536206396109
0.106435836185
0.12199817954
0.187032688013
0.385373607333
0.323762873729
0.224565919482
0.338688301083
0.275729752532
0.15226331535
0.0588296866265
0.109390444606
0.128927401291
0.0947556156705
0.0349662715677
0.0290534878068
0.0394466907441
0.0919847806627
0.225129345314
0.187114168471
0.19804764896
0.233654125295
0.27963126626
0.102452062114
0.126380120832
0.225167580148
0.372806515024
0.389296038077
0.366724623809
0.59709855206
0.680920742185
0.578587947371
0.669248646117
0.689290997792
0.70307479067
0.596351301135
0.480049502068
0.176702596117
0.270235170528
0.371054268702
0.344561043408
0.257257180685
0.239118661082
0.341378751988
0.440910287185
0.229145339954
0.134456895646
0.137654394506
0.234576593605
0.485143147282
0.23201825593
0.111541097123
0.102798409557
0.123276635508
0.116928006118
0.0393834178099
0.0619937225114
0.0446186426075
0.0
0.0382714417281
0.27268630716
0.114981925849
0.153707402788
0.183674540526
0.16051571283
0.272541085819
0.346650927755
0.506136292928
0.599928005343
0.583399910088
0.484097793574
0.422344101925
0.421347425725
0.507617914688
0.540775694551
0.537867853164
0.575539259822
