0.000865629584564
0.0505424416002
0.0197713151006
0.0603937338415
0.202230631833
0.27665873349
0.297119745003
0.338556494751
0.29492799825
0.334121206035
0.249205977501
0.206743224884
0.213603913446
0.231554086801
0.34077482712
0.461910096923
0.470198964271
0.417989843932
0.345039906827
0.297608976929
0.34818788444
0.2947729133
0.273265968118
0.290246973302
0.395556370623
0.334224100909
0.308441301323
0.369542000741
0.425141862015
0.432765067953
0.43027433184
0.492829502646
0.456843014478
0.423229189234
0.432735838887
0.458239082448
0.441435082841
0.468202145427
0.544674853448
0.531611710829
0.561363768353
0.407963613707
0.306962290523
0.262595243288
0.368779277814
0.436518228127
0.419227154166
0.411689885914
0.503470901812
0.438745857346
0.349793341074
0.373945164559
0.424108909576
0.484116028237
0.43982506781
0.392802836335
0.388173575997
0.415318389426
0.477987302436
0.406734127403
0.443905562956
0.482963822371
0.541594302132
0.50641779317
0.424515602593
0.47223791598
0.514375145287
0.516885517497
0.512074186458
0.334515593974
0.263910714993
0.325824174738
0.483240002296
0.457787370633
0.514398478988
0.534832677928
0.519599740379
0.396794105939
0.422331744029
0.461970035932
0.441240097974
0.40274521555
0.316003637093
0.299903187844
0.272078342003
0.380709246354
0.469399226109
0.507941914182
0.407170929219
0.3334358487
0.309849680158
0.311491522626
0.286678976046
0.30840583132
0.441063877123
0.421897867534
0.381911987658
0.285204311172
0.357217470629
0.436206007537
