0.000715138239947
0.03914326537
0.0761855150834
0.150423921258
0.360071208074
0.296157627321
0.278351095761
0.253177413317
0.338611116927
0.359565252527
0.474108599836
0.354049007997
0.394943907141
0.462882422261
0.468629086983
0.492303204739
0.307305274578
0.271475005819
0.341027434521
0.34493452794
0.414097168218
0.440683201586
0.490859518375
0.434229924029
0.400501852571
0.463548888317
0.343123249753
0.385047156283
0.446375442996
0.387937861003
0.42232759918
0.40772426739
0.375246797317
0.345860342874
0.285686770025
0.274593125363
0.348717536244
0.420506770634
0.500347865038
0.433117422798
0.365385393
0.342874143782
0.328906923521
0.36512912603
0.429894884594
0.469404537205
0.452877781344
0.375203609951
0.29163523616
0.268635903662
0.333509979191
0.397880666626
0.402622473629
0.332266999925
0.420906417818
0.560346002575
0.57026796474
0.51113712189
0.442123320479
0.398160156713
0.433831240399
0.577837009564
0.498255236884
0.497030864019
0.411461734573
0.401602697228
0.36388036259
0.387600014331
0.399119874056
0.413299532138
0.239573793951
0.294033853041
0.423943938032
0.42145188864
0.380656139795
0.405729911545
0.410849162598
0.434697231027
0.481075270198
0.484588871662
0.519872987388
0.417412446587
0.378416437904
0.314345746013
0.335815316678
0.400255321049
0.37125796931
0.305918584427
0.257817792933
0.375410966168
0.505752507593
0.443445686049
0.334088920647
0.437170196115
0.449307782805
0.419198635687
0.33307872339
0.37061519985
0.514902586919
0.542046638257
