0.000964887265585
0.0873584175634
0.0620584086036
0.134189783376
0.168954404246
0.225188095659
0.226892165953
0.329840800716
0.441676153416
0.340804735407
0.355849814456
0.332726949284
0.385247561342
0.414478625205
0.438723401646
0.396179721689
0.25552861271
0.460650424922
0.357214879352
0.411731880416
0.300962165089
0.436162159072
0.342582445182
0.420238964315
0.304853506696
0.427271783105
0.419177061482
0.368779028456
0.314317826301
0.417662605627
0.568685422987
0.542948148434
0.519952232745
0.60893878381
0.430670394494
0.450870333163
0.455740083181
0.317703359889
0.348761211303
0.26915225252
0.304556737726
0.365080456141
0.422771930112
0.371505048184
0.376953966688
0.377392283317
0.330621365132
0.330270789447
0.342478980524
0.424691440954
0.390128318108
0.247911127773
0.289435758724
0.254472328777
0.318444679268
0.28909311225
0.384237999978
0.385625425142
0.324120889199
0.308323520596
0.294431568986
0.324424529201
0.318701593396
0.416297766591
0.352481672661
0.326499754778
0.198271150004
0.201655571613
0.245433338
0.311232694368
0.441894303716
0.321587132674
0.369744186862
0.316207172381
0.326887970006
0.302471143383
0.394614147461
0.366466346495
0.451735302707
0.394792818865
0.226005899906
0.225476384416
0.288752523351
0.385783703388
0.31621899599
0.332216204286
0.326324709217
0.292335686949
0.270839791499
0.367534898271
0.326751452597
0.351449510116
0.376682463215
0.308130633152
0.399845437402
0.244584775692
0.3106150798
0.402762904738
0.470872293288
0.406866272169
