0.000975644077311
0.0659646477856
0.052910756736
0.107099276613
0.0357368785766
0.111685605981
0.179046137122
0.176314846491
0.273649141049
0.279718221962
0.338843477703
0.410016022044
0.33032412223
0.345762921539
0.210384783289
0.237747499395
0.235014959096
0.263313729809
0.204492669866
0.187466177554
0.221883293156
0.28554287
0.354579040238
0.271343894119
0.248339568869
0.278109792811
0.25059479536
0.213747738326
0.221656925459
0.333368949647
0.363676619048
0.258886797239
0.298939912792
0.281005807459
0.164617962637
0.185597456056
0.28555602507
0.230169991083
0.310554935
0.216213214726
0.29132406204
0.277329097472
0.19479341532
0.201047510889
0.26209354514
0.454165869866
0.396297137217
0.333954153659
0.451522034606
0.265916545623
0.240634894204
0.266561757607
0.341575380404
0.232664349599
0.258112701567
0.36872389487
0.345421443019
0.368657252864
0.235980047615
0.318727611079
0.245296099884
0.262327230483
0.209256807114
0.204747098099
0.237642536724
0.249934024745
0.167209840852
0.296236548475
0.218995809343
0.290920545937
0.201479091881
0.196213216416
0.205320246728
0.247836871208
0.201852623515
0.333561842109
0.304124144564
0.314142983975
0.259417951116
0.244606968845
0.288625408803
0.323522348263
0.310174994499
0.325530154728
0.2981150668
0.206344083312
0.191137675752
0.253786238281
0.286721229253
0.322794282445
0.265126549539
0.301649893977
0.304775417644
0.273453182562
0.182995081969
0.134307695305
0.209401981639
0.249831148209
0.285608779027
0.33077161671
