0.000739505149447
0.0179298769531
0.0433519745274
0.0806975966798
0.158670340547
0.161197924352
0.232139440245
0.171624779504
0.170771707202
0.262147958125
0.21459727488
0.23530900882
0.152403561715
0.174970495049
0.202247940768
0.212200727298
0.295659920779
0.32660120713
0.410324896346
0.432724356248
0.499108828167
0.36290910805
0.390365648984
0.346565390448
0.412650429058
0.410690297496
0.360164658397
0.379379822077
0.463040937259
0.460264202719
0.424746652424
0.457571455557
0.479779977561
0.486925243914
0.448706420274
0.424381958221
0.301398827271
0.297031257933
0.319708862709
0.391494164447
0.455620989405
0.516820305817
0.50132152991
0.408434360905
0.346544556415
0.307807200599
0.243197987021
0.311643978316
0.395737372635
0.405520700708
0.469514003726
0.415196064495
0.316182113599
0.322864559237
0.310105925473
0.458811489272
0.521383804294
0.515187819226
0.344855327162
0.43053295235
0.442098829715
0.443984597613
0.362256650327
0.276560455584
0.171720143786
0.189196445675
0.299408246648
0.455275915236
0.351882733021
0.220082583655
0.31095989306
0.451612690928
0.498902715037
0.437605968593
0.423337189654
0.342586041245
0.255724767341
0.309911894979
0.357524312464
0.345407878333
0.405148158256
0.343877414837
0.317433652569
0.341163951734
0.458754883334
0.338571762448
0.215307180385
0.273759011731
0.291921561214
0.362417170492
0.458010287914
0.398684918985
0.410883025317
0.411995981984
0.435951215325
0.301726931247
0.331308168331
0.442073872135
0.461727965299
0.436598231525
