0.00094372670564
0.0173798245493
0.0769286099739
0.1547860425
0.183921370637
0.185558874862
0.224523773625
0.164596198083
0.131132394976
0.0980021950477
0.122324000041
0.0749508190648
0.093860041806
0.137198611033
0.217219748699
0.146551607517
0.139993498331
0.218493692628
0.371411133415
0.361718110392
0.419832926545
0.420048634319
0.395628533755
0.406085044259
0.365939401629
0.361546648376
0.375386954009
0.337875407653
0.365213327186
0.301782364603
0.256538391217
0.286048231711
0.257017293847
0.245093546382
0.264826354337
0.278781955769
0.336209317331
0.260721196975
0.296222561749
0.274198027795
0.235922144581
0.272753740185
0.295707324052
0.253377191348
0.173764057669
0.298923568859
0.342105571875
0.433394644728
0.403815065317
0.308682199294
0.273503045138
0.308995232396
0.334085962497
0.269446909014
0.309858563527
0.321264910259
0.23628524847
0.16578474565
0.142494821488
0.148730848979
0.271319850157
0.337745401211
0.360841203933
0.350720473376
0.347810783145
0.384929572997
0.425554811338
0.485626442551
0.483788994821
0.427399758226
0.461663208728
0.468684823887
0.334819421552
0.333121115398
0.392005380405
0.316380095065
0.327044169039
0.344966287976
0.366245479119
0.3301545287
0.382922541258
0.453588771561
0.517167559298
0.536938357108
0.478708845488
0.369854514171
0.392841925689
0.386054542484
0.452456286782
0.452403621168
0.432458040389
0.409943242462
0.344543438234
0.330703679726
0.410195709416
0.469232520419
0.464293187363
0.488146141115
0.390337159652
0.407527027592
