0.000864582779861
0.0255412017878
0.0889255943188
0.154487222874
0.188318733148
0.191862634685
0.130139438219
0.158399818674
0.0411148194219
0.0818561879726
0.162704917718
0.237568476596
0.319929797326
0.403035372729
0.446038545924
0.447552940584
0.429044369381
0.458511379174
0.474232231927
0.488785679209
0.422050651093
0.321995496712
0.334905831324
0.228790368078
0.248062522347
0.324389500206
0.326342798921
0.191923863143
0.139332389037
0.174453353676
0.109331924274
0.192470139355
0.231135563451
0.317816019155
0.382360085705
0.276939482502
0.281440178181
0.287739730622
0.326161504186
0.422042117967
0.334729433575
0.216164132464
0.260986855442
0.311047259974
0.297446999881
0.290202649817
0.374445611773
0.482643704722
0.362870399487
0.231720687445
0.279855400366
0.331844287547
0.369973122654
0.178627915919
0.169960667727
0.261564195653
0.31413201762
0.26501454309
0.241143997018
0.324561656322
0.482959673278
0.48039694098
0.501472776137
0.48165982374
0.41465470923
0.385661803136
0.437438325019
0.359106776281
0.385292991909
0.351640164389
0.350582499995
0.448890534846
0.528341852863
0.529673800395
0.454006284052
0.359621408093
0.30238929561
0.377913178233
0.339015698791
0.390962906129
0.432429535976
0.46434831709
0.491765421037
0.456555315371
0.400503193717
0.399594676998
0.39259389886
0.429181882254
0.374195547141
0.361696642263
0.418894649018
0.458802474261
0.452583915157
0.360606636201
0.330785369511
0.445408523666
0.422725024767
0.454370304777
0.510208210659
0.447033769091
