0.000806832317291
0.0145202594174
0.0635218281915
0.164438112676
0.133711699957
0.104420419882
0.130898041131
0.162630449066
0.251228210274
0.286792233232
0.327427884123
0.247193204183
0.341060955621
0.344703913197
0.422010535654
0.458720578466
0.458322494617
0.347782068184
0.341748510406
0.322287514149
0.322849635374
0.369128218021
0.303668353745
0.277928438969
0.286828131017
0.307860203231
0.353602796971
0.34598809643
0.310831851541
0.402761604407
0.448908874889
0.450929699935
0.366065461409
0.383297345957
0.384736318726
0.386326541502
0.457114842535
0.396917161056
0.31611510485
0.383777493796
0.331350298546
0.329128997912
0.393959746827
0.34832453808
0.232888509747
0.323640307583
0.299970670953
0.275360930404
0.306606134622
0.278061071832
0.214771784821
0.216489630764
0.225921463333
0.309810556505
0.430078150396
0.288771766398
0.257389962589
0.37823904393
0.436895107867
0.42879001063
0.397370261948
0.29889631648
0.324148466381
0.274481951255
0.302867891553
0.385069519587
0.405596089405
0.425852155577
0.46559413952
0.535936443181
0.544728753539
0.403543685056
0.227802059563
0.277008277635
0.400837509388
0.436153565297
0.418102335358
0.517504104545
0.502437441332
0.463914347224
0.459148883259
0.427764121642
0.383509859437
0.292308993476
0.274977437003
0.434544724676
0.473795979459
0.422080947145
0.411756017911
0.367965996655
0.405998471468
0.405119677774
0.438435060269
0.444668969699
0.362982377486
0.402277683989
0.293594596536
0.234213589993
0.29765435392
0.341629736824
