0.313287111622
0.468661274551
0.511046227032
0.554597545223
0.544364678717
0.490633370626
0.452122608884
0.470621606652
0.469187709228
0.483699203267
0.48272489228
0.509171136813
0.535939087216
0.468642229354
0.516466165275
0.419787585201
0.37095736833
0.45613935197
0.566595196752
0.580537872575
0.581722884377
0.618266689083
0.599434340693
0.582946990546
0.620661547002
0.616564246606
0.571859378057
0.528015124442
0.561269863407
0.533558329035
0.456988752146
0.491661111158
0.495406151065
0.442432205965
0.532506645025
0.579041204602
0.402346693423
0.497556920978
0.56344099506
0.405445180564
0.432916016395
0.531331790604
0.458226755487
0.433720800262
0.36219640468
0.404406631224
0.488230758845
0.60717082182
0.628820571341
0.57553233572
0.602553660893
0.625160165574
0.615037124564
0.583647502905
0.618312570887
0.674283295419
0.696306368841
0.606663521637
0.524590351141
0.525751188936
0.536646535776
0.529321916883
0.514617439996
0.539987316184
0.512509109099
0.463188271436
0.521034283383
0.417941772761
0.381884891934
0.494844596198
0.655381308992
0.657938237887
0.592209998027
0.560824238922
0.63944391291
0.611445019699
0.627833626356
0.600504495457
0.56838157816
0.602564641398
0.619395648403
0.573837461808
0.603835811589
0.5384587133
0.63943730071
0.603797573298
0.516697945984
0.533929839137
0.546448516242
0.505225616653
0.492626197476
0.462711997432
0.423514871264
0.529133144665
0.591448929743
0.693468511638
0.584396308631
0.51365421865
0.499089650426
0.521681131704
