0.360440290328
0.491925557718
0.543682635796
0.566139903478
0.577799317861
0.488193099907
0.519604784911
0.516639333909
0.546695168077
0.433774018754
0.513430035395
0.473563443071
0.448755802967
0.430931513693
0.364691176603
0.401935248504
0.420581940584
0.48166933696
0.464061611084
0.528939256529
0.361684470725
0.50985869501
0.610116730817
0.674141231936
0.659885442773
0.551901795854
0.515370630431
0.594528401987
0.654166085285
0.599583378186
0.563905550149
0.645826580621
0.583463559062
0.634880969658
0.662568839198
0.660938193863
0.620445865678
0.63255065168
0.594761591263
0.634318457516
0.550479631654
0.588107154852
0.595151795918
0.638047033776
0.565431156433
0.591193018566
0.584003982845
0.540309115077
0.517525868952
0.483963087034
0.544832576324
0.419005254446
0.460788064768
0.518202130752
0.65726703738
0.59097986496
0.628160732424
0.630187687485
0.714077725369
0.603178857879
0.601131744229
0.582588744204
0.599831105292
0.52262317632
0.589421805508
0.644222123338
0.631430748284
0.557661205931
0.576626796157
0.535450887089
0.509326261864
0.592630779464
0.570512195413
0.550842782022
0.581017198692
0.548941547635
0.5652107732
0.615283494865
0.56043582219
0.587837899145
0.591488255646
0.608304126924
0.589242151482
0.531561316283
0.501359978065
0.56387883618
0.495497711413
0.580956912786
0.610840867435
0.636125121559
0.593621503264
0.460786226169
0.396546206448
0.357898519218
0.55312186347
0.639894323289
0.593946274404
0.572102047235
0.548746677605
0.482806878318
