0.372307560438
0.463215849232
0.560297000403
0.575500855571
0.582013175398
0.565859963775
0.573421011733
0.512973616779
0.51622362206
0.536775161756
0.573821261796
0.570978885621
0.574967193342
0.576047690784
0.573874120758
0.544742916653
0.461981771328
0.548653956451
0.586797035969
0.528035242313
0.562735918114
0.494607559279
0.467020604715
0.474840227937
0.466097529295
0.525066564162
0.601208908885
0.523290277521
0.529283489936
0.384803223498
0.45408377986
0.551083197055
0.631060031459
0.653569509235
0.618654418184
0.60888223876
0.516189484247
0.513975859096
0.392970981377
0.47566927897
0.585158180025
0.626131769692
0.600719678684
0.563107942001
0.540967979442
0.540003552916
0.477997755986
0.496714763266
0.455918048196
0.463303619214
0.458416569727
0.560884249274
0.469037859502
0.428300569681
0.442342862951
0.552996280869
0.541202991888
0.55939258931
0.599281898772
0.63756043995
0.612816997036
0.596013879647
0.573728933329
0.590041124209
0.510726773434
0.517525419071
0.497341129216
0.511178542699
0.488047373506
0.489511575632
0.537357761083
0.538083100451
0.536616703464
0.457855711593
0.453551795946
0.45959415006
0.538681733133
0.475503227504
0.484536016875
0.519332215349
0.581014034745
0.55945404326
0.566578872037
0.535603293935
0.615792365011
0.572605155032
0.555549739368
0.574074828204
0.603321500856
0.594493500337
0.506606328395
0.482492721929
0.463017503099
0.498474361643
0.540076812834
0.424158410267
0.488933102511
0.477222292238
0.470846997167
0.491300877497
