0.348711236432
0.457723651204
0.5353985921
0.550697512281
0.563076553598
0.557572143366
0.533617296687
0.432318265305
0.423576225936
0.485825363571
0.499286243778
0.554653469022
0.50073845478
0.544428193572
0.493550407548
0.380899824333
0.493642192864
0.544511832663
0.599713362909
0.581521065586
0.453500493313
0.483284820609
0.458990656458
0.446157301125
0.356531301804
0.468274185453
0.520769847951
0.547274943129
0.563718576906
0.588732271706
0.592555549413
0.581366669927
0.537218607102
0.500926324063
0.436656605861
0.390326951868
0.485014037307
0.319162983454
0.524691068155
0.562795398933
0.572819355501
0.575871215258
0.574598553746
0.584966683025
0.662682977057
0.626219632667
0.595488716867
0.517718025601
0.546468701719
0.506662638712
0.543031826141
0.573443986262
0.490386295302
0.487157518904
0.531549866741
0.471604514883
0.461678156088
0.294701704772
0.516444347282
0.542015718417
0.529268466773
0.480513972217
0.413685227141
0.46261235094
0.543543436171
0.538508111678
0.502111075954
0.507551320066
0.541808108815
0.4831652971
0.506822158369
0.480919174456
0.529748206207
0.447446712889
0.488133156233
0.443591152737
0.455656877613
0.506352694953
0.450529227541
0.368578132766
0.551269621158
0.661307525612
0.600826182395
0.641549104255
0.659431981962
0.639081319718
0.605479618846
0.574037739466
0.603107615653
0.618594956437
0.628764275474
0.62623595377
0.636401197439
0.54704638594
0.537529690148
0.519540890822
0.546050337351
0.56818814534
0.51377863973
0.569001262584
