0.36190039302
0.535280331652
0.564599624335
0.549923865478
0.552756999005
0.546007149556
0.405856695968
0.541334096937
0.652090468555
0.690616511177
0.650023573927
0.647325003121
0.622667282102
0.590864521285
0.547560053227
0.456339598752
0.43948002428
0.33314522477
0.516490209377
0.580545402155
0.529516556058
0.580218687896
0.596394133313
0.563182729726
0.486637419515
0.437745154682
0.325166581952
0.55797850666
0.695183895601
0.64847869764
0.58620288911
0.610939969075
0.617063724551
0.630795619261
0.666358767889
0.599636435383
0.611071448175
0.567934399269
0.679096856389
0.604019793325
0.64419643108
0.597653966599
0.641789478035
0.678760625872
0.667822978747
0.628551284839
0.582107189553
0.651263051573
0.613423066853
0.608321018874
0.587108532179
0.628846254503
0.501375081733
0.568425461478
0.541857584865
0.520233357277
0.553200975696
0.592237575629
0.56441482851
0.501207687667
0.593646375862
0.547038534494
0.464709235418
0.498415862974
0.49424163027
0.435275176773
0.459892844349
0.463195929772
0.488797382099
0.509333773633
0.495355167979
0.556508572436
0.587399728847
0.572918650626
0.525833440165
0.434403200561
0.420773594553
0.490109298349
0.519896820714
0.500458179222
0.490169083886
0.561465080368
0.482683576853
0.532922482197
0.570471481458
0.60007179438
0.599419658421
0.656115626146
0.576366151855
0.450219011189
0.541566047397
0.627092244482
0.673169951722
0.614031407174
0.596544977095
0.682135708018
0.64377403831
0.6396360334
0.56335073542
0.645760218686
