0.451920542041
0.616849686454
0.492333455331
0.578486092582
0.496783468493
0.528343437129
0.534454886458
0.555359551573
0.529229806348
0.48542744911
0.438307404136
0.423944533189
0.452865718574
0.547005064485
0.441951372312
0.487246530113
0.4039243103
0.511001596175
0.634351999576
0.525089895216
0.54143021241
0.580384675203
0.579012176463
0.5563351071
0.576784994474
0.670368570166
0.666849252134
0.585631671536
0.490472929246
0.42716515694
0.440654894819
0.311968174611
0.446062980285
0.531627659441
0.591581986009
0.545317676715
0.57903977764
0.550348809164
0.491586358471
0.413597940013
0.551955763145
0.616204416457
0.598201583298
0.576371128281
0.524453905231
0.599217316249
0.541722711827
0.54806659382
0.625360669441
0.586395698792
0.64044462633
0.654276665816
0.602845819071
0.56451633802
0.553279396979
0.617492427698
0.651315437561
0.518610941204
0.507408741904
0.547727845418
0.492021210567
0.554354248448
0.558478120819
0.524973913846
0.494503997147
0.440615826612
0.47081122813
0.452920892809
0.500720374542
0.457749299605
0.452386733056
0.384362018481
0.502382782528
0.575348200982
0.528182327673
0.580207988706
0.533708192121
0.521674741242
0.514052277987
0.560968653425
0.515924576053
0.537738353174
0.498288433892
0.588450137498
0.55930155925
0.562938015976
0.5991403233
0.636214342222
0.582008977084
0.603131769129
0.566981275332
0.467189176164
0.529420787227
0.657639042793
0.57713954497
0.503366023839
0.541164728985
0.59212945557
0.569678192422
0.568798284918
