0.341101698602
0.472878904
0.482672218687
0.533981244181
0.559154001557
0.439857712591
0.380735461287
0.433598865906
0.547645837346
0.580363038128
0.579296702497
0.64277797944
0.598380150372
0.52198930333
0.58956829471
0.542678394461
0.628628671602
0.609692803393
0.587180917409
0.601292542842
0.582427091668
0.590141744165
0.508748537341
0.470709641045
0.534425773742
0.541986486389
0.487767538045
0.363944665947
0.484803483962
0.41441051585
0.398138268425
0.415419033417
0.443117162786
0.376665418869
0.359494364862
0.507766893972
0.568748898821
0.56923408222
0.544882213287
0.490638226573
0.496796845993
0.550449280686
0.519787380237
0.564308512693
0.55712660601
0.570936164613
0.549613089866
0.33440888159
0.538173878875
0.721840212331
0.585307139457
0.56618428251
0.588083356642
0.691525712524
0.646314631448
0.664217694287
0.656573404221
0.574223803804
0.487845846084
0.532499637119
0.513405505453
0.46853726526
0.424427487123
0.425034058607
0.542410033975
0.589549634795
0.561392142124
0.569707428804
0.535054891969
0.540271067987
0.465913425492
0.519686193026
0.64900551931
0.538268593267
0.463655662851
0.431964545412
0.481311796337
0.498785346297
0.54163773273
0.497633520504
0.491442056147
0.497124175341
0.473608513336
0.504741882724
0.532824878813
0.472098945532
0.427048760225
0.298526144291
0.539496215982
0.625040323651
0.612436798666
0.552319270438
0.60266566902
0.582574795577
0.579773663551
0.602907510068
0.64660795478
0.601060497809
0.543653497331
0.573593890903
