0.274399392248
0.362374991477
0.431476555612
0.519540317117
0.513077607755
0.505139266825
0.378871140613
0.335166801353
0.385901314606
0.36315015676
0.403133774401
0.370695864401
0.408364390136
0.357807931991
0.386814544683
0.4189614915
0.401766711344
0.341220101454
0.333683730605
0.337361490232
0.453611039331
0.45757734954
0.363166293551
0.402047778476
0.46990875427
0.469168194952
0.320863511155
0.286751727189
0.276853478208
0.277710323346
0.382351928044
0.405312557415
0.403583862349
0.362547300841
0.346101231477
0.335433062141
0.321738077094
0.360861050645
0.219144919486
0.321778535339
0.309478897108
0.297882854721
0.246662458616
0.303906001297
0.332268286567
0.446232553792
0.339544466142
0.329836873881
0.318087424341
0.409845439432
0.392064664884
0.442515409263
0.410161702626
0.413149680923
0.353396031702
0.354347956491
0.349272590018
0.426731690264
0.406815162633
0.461088537566
0.406611745177
0.328676894891
0.437641175316
0.500814010267
0.358156793612
0.27088712413
0.292590443768
0.420437168178
0.457088104667
0.336908980729
0.358977766593
0.252051030781
0.221642961931
0.413341496971
0.571520164541
0.35242829968
0.499173275373
0.398723470623
0.384925353646
0.352148534261
0.337350828672
0.263173394312
0.27252472024
0.418237674615
0.56619656097
0.531408627506
0.530121177054
0.586398703124
0.493914860959
0.428379014755
0.347152453677
0.495640083398
0.55276247042
0.461506145582
0.445601272838
0.441643261883
0.475815390809
0.408069807778
0.428069092104
0.405117415026
