0.822893456276
0.788038612637
0.786405023801
0.739497816273
0.703917789891
0.699723270787
0.686341639473
0.639988420509
0.644681959891
0.612487431108
0.59257287002
0.639299329507
0.584243968566
0.528264281684
0.55463089421
0.503482514685
0.549648851617
0.557806863411
0.581360896097
0.552606050964
0.528103974013
0.553046410224
0.565418142361
0.52917254286
0.499236588893
0.471108354559
0.455030454259
0.468939969089
0.492849921327
0.546351865403
0.535547787669
0.46229795376
0.494275443509
0.473028663779
0.496484981156
0.500877147892
0.514064572785
0.520778772207
0.569518924835
0.613485164134
0.590665862525
0.585139926479
0.566174903518
0.567612588027
0.542240893524
0.548274890894
0.547080069769
0.572626755838
0.580711448996
0.539737709254
0.587130832809
0.614009290733
0.588491314915
0.500320881652
0.380667832023
0.379683736698
0.418666828841
0.390286610525
0.33522680764
0.275183383904
0.299428402052
0.333672804255
0.27877949775
0.454538756696
0.393458293466
0.392056522359
0.296415213458
0.375536731866
0.477418731622
0.523951346159
0.498357630348
0.440701853846
0.422924027955
0.477482485554
0.421678008942
0.471953040692
0.408147385484
0.370662854766
0.340717038956
0.347121289435
0.303365858544
0.286593971929
0.258136347059
0.32088084272
0.371899021538
0.384517846937
0.397207635164
0.431614514244
0.370021456313
0.414729654217
0.422822069818
0.442275723232
0.448003321691
0.48688797459
0.527604012884
0.542417580749
0.505438558885
0.501600007506
0.499455682982
0.488541471994
