0.819790449322
0.812100900039
0.789711114116
0.773815577846
0.708035529201
0.628610580262
0.516350998655
0.512478341513
0.513283062097
0.407930243891
0.412742446773
0.397959113005
0.475716254766
0.518677498871
0.461510665762
0.42734878732
0.43191657866
0.393216353588
0.392035552333
0.378360935765
0.361888289536
0.344118935149
0.390151528258
0.359339678698
0.318059083175
0.438383126758
0.421489411831
0.466984880419
0.509939953357
0.442693597027
0.430807953748
0.347732308195
0.409828692737
0.439613797712
0.4311691746
0.338004665123
0.375572240043
0.34694866065
0.361244647544
0.336310349994
0.290167768866
0.292520689107
0.286113210296
0.317112474695
0.337672410012
0.400523716766
0.327148052922
0.269137384691
0.228979602416
0.281619667446
0.293934044763
0.386687263363
0.287571286231
0.269768237517
0.277056404028
0.269738937578
0.307911452049
0.317831515893
0.340277707608
0.410878007
0.349659711287
0.294421710807
0.206365482378
0.252769453435
0.273270538795
0.215358202598
0.125518496542
0.182443761514
0.251722393335
0.313068367304
0.281630535073
0.349885698458
0.348670799514
0.278879830895
0.21640135163
0.102122999318
0.157470529822
0.205727918691
0.128717911162
0.0964538110973
0.0810628959924
0.0757276810696
0.101570294121
0.164193185587
0.216530985358
0.24442226905
0.356225084966
0.311587989563
0.30781468993
0.274360002167
0.349824669946
0.354046895175
0.240080182702
0.35012269674
0.341649076031
0.388261872595
0.33765895345
0.409478371803
0.390015061226
0.418137911821
