0.831039695983
0.809339850277
0.76057863151
0.623933607697
0.527678578832
0.543308254819
0.590477620125
0.575088323912
0.507911626057
0.469485334119
0.50248693694
0.535975005957
0.589274792059
0.561335145933
0.439218616123
0.424208979982
0.424655710697
0.504483316326
0.546408400478
0.460459059242
0.477279515179
0.426560089167
0.390008086395
0.407699542685
0.443396578165
0.468966205616
0.508891325868
0.485501494233
0.446457427041
0.331364245512
0.342004220463
0.319201786222
0.403566451732
0.402147000703
0.339878356735
0.457274895126
0.31080370981
0.300561643414
0.401454536868
0.344465511624
0.385209776806
0.470763782678
0.473534000325
0.47007060446
0.482406987316
0.440491680071
0.387752412938
0.375148780652
0.392367807386
0.269509053414
0.315176355483
0.350667810638
0.349687354508
0.415972872576
0.39168172981
0.363830683323
0.363679991714
0.329595683584
0.413644070816
0.392372849948
0.309115866898
0.282200969997
0.399877134298
0.336178403801
0.365230357332
0.331427832894
0.375562945492
0.344450529076
0.376130346446
0.358129853272
0.350595203177
0.423535835792
0.379532774961
0.29275861613
0.517623063445
0.475595185516
0.431971868022
0.447715323478
0.421533208481
0.374966218913
0.269906348281
0.183424664873
0.298384034018
0.410520148923
0.283813450865
0.251489771775
0.270074728743
0.342356552569
0.362018483608
0.337162563453
0.328035578309
0.302346319449
0.324689088237
0.376953615406
0.376455877349
0.266398091782
0.439063989219
0.264849484458
0.203722586219
0.207160925208
