0.825061034366
0.787475738934
0.788659295829
0.774452602382
0.774360374966
0.721113260597
0.625184325997
0.647070166025
0.582048547417
0.618155680403
0.554186341865
0.51776117551
0.534352332629
0.576496496932
0.421948052757
0.440533645183
0.494795833711
0.418792931452
0.427735339722
0.442249953761
0.42349023076
0.46991957258
0.461052619716
0.459818196757
0.442332916238
0.395506079722
0.429784298726
0.534946623324
0.500105807283
0.456944873191
0.545166416653
0.558860371409
0.514878246959
0.541062063
0.567089288982
0.599254613639
0.550058163283
0.557897876819
0.544446797667
0.556002935654
0.618997957797
0.554757587033
0.55101314224
0.568529668274
0.547978371408
0.538938017081
0.482523732177
0.461588656127
0.485379784633
0.483001127031
0.493878466222
0.508401899356
0.493799233461
0.454915476106
0.47792751197
0.487478303616
0.549507282654
0.560208133233
0.572180132516
0.522383660671
0.545700705073
0.51224662614
0.515523646335
0.479968478934
0.448587610751
0.480223579353
0.425924654551
0.415700480351
0.462001769037
0.572572638881
0.603688938523
0.611704349416
0.544932685144
0.469126062359
0.429197210403
0.395567603606
0.523314095452
0.42612220468
0.457874709511
0.478110318865
0.480186439165
0.462191445947
0.473134160484
0.465057943211
0.54287182271
0.47099504662
0.453524081823
0.474706161185
0.534437087861
0.51629521
0.474986547318
0.447738153965
0.445619820909
0.469429444298
0.392835621796
0.346966187009
0.283611260271
0.255383251301
0.313545770398
0.326660648133
