0.826098254538
0.803822802968
0.759150688043
0.728537569515
0.627072743729
0.587656272839
0.551599531303
0.624158102095
0.582303257082
0.594413207713
0.551546159092
0.49637044829
0.514196140194
0.492511904349
0.452848899583
0.534914430583
0.546134971659
0.563755341213
0.570983491795
0.588121256381
0.53196749312
0.544172770969
0.535739537475
0.622695711507
0.542701110606
0.581840444621
0.594959596746
0.567869724181
0.553384642771
0.468631501853
0.537538389861
0.549170483386
0.578402846686
0.572978285616
0.544990221226
0.557752139436
0.534609370786
0.583509568979
0.603692569779
0.638318600116
0.59285142657
0.648899589292
0.655226274762
0.659675321291
0.660686654281
0.647256899344
0.672768025265
0.643845132677
0.617605328397
0.59891842963
0.55609007449
0.52889223705
0.581864033015
0.632641882974
0.610102349078
0.576369003066
0.62925849378
0.631623796607
0.611979558649
0.613915758846
0.605394099921
0.60934736512
0.624745708728
0.602319841274
0.630435429321
0.652019850019
0.633307586752
0.613163343736
0.580540454814
0.528402329377
0.52674192563
0.569659183833
0.542468135483
0.520469863753
0.5285374868
0.443571391602
0.408977279162
0.51644244807
0.621464335637
0.550662826973
0.497277005251
0.458684642662
0.408560666187
0.29601382281
0.305377204292
0.490690978735
0.366426419309
0.242405459387
0.251875735083
0.291144465949
0.316564180046
0.329844082497
0.328481191854
0.244909663098
0.253508151386
0.335928483376
0.269854484669
0.211404362966
0.268544472665
0.3216279692
