2.24940323614e+301
5.59502962679e+252
3.21211479405e+304
1.0945228076e+299
4.72925372539e+012
9.06539200245e+148
6.37523206124e+252
2.19984495455e+303
8.14187303254e+304
1.48184907867e+282
1.77224977924e+286
8.30697785409e+032
3.31860384466e+299
4.20734315692e+300
9.68051142425e+024
9.04687412273e+301
5.7743618923e+062
1.94493531671e+065
5.07282274155e+052
3.45085969617e+302
1.96385492687e+298
4.96607877243e+300
1.47726651434e+287
1.46475720515e+295
1.65077330017e+272
4.97077642669e+253
5.21999131208e+291
2.29405232183e+303
1.03276697928e+253
1.82582613028e+253
8.214705175e+059
1.71179782353e+074
1.08006900436e+105
7.27209948473e+081
56.7856308022
30.8647487459
4.54320983186e+019
2.50589853574e+054
1.16956163526e+168
5.01148945695e+279
5.28460983886e+289
3.01990342531e+068
1.40919799221e+028
2.52081480051e+029
1.9198313366e+039
4.68247426601e+052
3.11304951579e+240
3.17992335195e+244
2.79254233504e+304
1.14680745931e+303
5.4728635063e+298
9.72964628639e+300
8.15048606356e+293
4.31714361993e+301
3.38899928904e+302
1.32662135987e+296
5.68346743878e+293
1.29897421139e+297
1.19505329527e+304
2.73013404361e+290
2.0994476902e+295
2.73049656044e+303
4.42719888116e+290
1.21405457116e+300
1.77733555297e+237
7.19589908086e+160
5.22655443778e+136
1.80199460804e+292
1.8429805543e+035
8.1359040809e+176
1.16096913598e+298
4.32756744872e+016
1.04172641434e+235
1.91491873254e+202
8.31135616967e+209
6.60607932946e+264
2146.24990572
1.65294201578e+048
30.35780459
1298.14700492
6142.71989147
4306.4673863
643.39145695
3517.34675111
4.2028273117e+256
33.3805437791
1.05634739792e+302
100324237829.0
3.51525547132e+267
9.30480372939e+301
2.85470536982e+056
2.09132330378e+023
25.1097691461
6.5765388028e+291
4.6834373417e+232
4.57756668153e+237
1.84141063938e+151
43.7105472651
6.0248877634e+058
4.31458637
