5.97733759671e+230
2.4382440234e+124
60.6936032512
8002553.09229
6.75724846906e+075
4.2218138836e+062
258588.238924
5087.18508777
1.5633302819e+069
1.17594975537e+206
2.57677124677e+216
35.3535621552
3.44380087525e+013
7.90875853264e+037
6.99880936201e+034
8.34109511513e+022
2.82136978898e+184
36.0283490613
4.26785503532
2.19852391143
12.3322433542
0.87175394665
0.704212618169
0.374213410568
1.90219666866
0.26799797798
0.305411603416
0.881522512314
11908812.0249
10858569671.0
2.22234068912
9.66140869694
1.55431206016e+039
1.55305629387
1.70844611932
0.883290827186
2.31791003449
23.3039535917
3.03313540608e+238
2.57348550136e+012
1.89213648007
0.199023141592
0.409889937088
0.278124931212
1.49036090676
0.230108173628
1452445.59041
1.71087577476
5.39846388099e+200
3.13230882551
0.293449547162
4.85318499567e+012
0.193642933718
5.82325386028e+208
0.126834470881
25568.0990527
6.31826655638e+274
3.4777985924e+186
0.413306002677
16.8516312877
205.80980148
6.237761303e+026
0.214898730044
0.186894164519
4.58304629733e+014
0.23427661773
1.34137601891e+280
0.551049907241
0.561897692336
0.494304284711
0.447989617779
0.430860347571
0.521314442436
0.337909524297
0.255655982574
6.97065119579e+016
1.05255127663
8.53787183215e+018
4.8726032303
169.371629973
2.55846704659
48.7990269576
3360.52075525
1.89629803776e+273
0.486873349227
0.344384117298
0.25287217827
0.175551025252
0.245669983866
0.311681512124
0.0978907566702
0.201214118013
0.144549572162
0.213021076609
0.302139619329
0.184049043774
0.125763371486
0.119137297888
223.463438302
0.240852390001
