0.290581420089
0.415081991839
0.505170445321
0.488568769202
0.508012976657
0.498300487405
0.403202458467
0.51689457497
0.424593397816
0.421850458295
0.406267298149
0.43225493301
0.385312488624
0.443619650629
0.319416159659
0.424007046353
0.392217541637
0.369998401377
0.374874000353
0.446649036224
0.406558527702
0.456899856299
0.380825525958
0.458793424736
0.506064927965
0.490863927329
0.56052401412
0.457425078909
0.399097371761
0.464553199641
0.441213008897
0.392509011954
0.497816194918
0.465527909874
0.498720127137
0.472524413039
0.413170645352
0.452271023662
0.480705470976
0.48556726204
0.425248355965
0.32676677574
0.367350040382
0.444934857142
0.469686481526
0.507976907807
0.543807098958
0.456770904767
0.474446824089
0.511748829819
0.508680152593
0.472141612225
0.519193017844
0.413279623921
0.400641338959
0.41751375457
0.447272268439
0.45844956972
0.435481595349
0.512106571884
0.466628494926
0.523186241814
0.536116155197
0.556599481386
0.521154435079
0.518137962574
0.508357126678
0.446325272533
0.341293675434
0.326620015934
0.330015676761
0.409753282074
0.434359797792
0.436082088594
0.35452384499
0.297572986335
0.262429553323
0.258482026378
0.292269936358
0.409504792022
0.569209567085
0.494932735716
0.502558087265
0.527458718814
0.534377662937
0.491159174745
0.43187665852
0.471210444776
0.468766163886
0.565605069353
0.494408090867
0.462397198632
0.500696066457
0.436602221607
0.441758375936
0.491794218989
0.506623196298
0.447396528598
0.534507380144
0.471194059943
