0.275829155607
0.334152303754
0.293048016332
0.216085755768
0.227370259018
0.229683335189
0.247910616577
0.405890553805
0.319000416582
0.253989221242
0.231189810087
0.337639157025
0.440955782201
0.407520791663
0.496746192631
0.487426860986
0.350798737604
0.33488916467
0.258562235869
0.229816836598
0.244466902586
0.286311802712
0.24058605265
0.400412449598
0.320299234421
0.432508649056
0.413006488765
0.409643114229
0.354967608856
0.349608740928
0.443683049919
0.41460516917
0.320729877534
0.314533799083
0.30760362583
0.437257717918
0.486882490057
0.448331705867
0.40617512398
0.36309740877
0.235857813538
0.288149266483
0.303288257961
0.316587604464
0.31024301814
0.426336576941
0.344660036859
0.522060046203
0.348055802244
0.41313151675
0.528687699653
0.538987543554
0.48934910106
0.444649583337
0.518846135204
0.483327587158
0.492226711254
0.481580982135
0.447329366512
0.482435718314
0.450296490412
0.522745819985
0.437860964447
0.35810346555
0.432811207727
0.488051325417
0.495165574856
0.412856827249
0.381415901199
0.413510938495
0.437723588576
0.286887797567
0.280654987824
0.329853454884
0.374416657877
0.291743300759
0.306665804181
0.404743055551
0.44896424849
0.375917621363
0.580214221614
0.453598723
0.505942102553
0.500750716196
0.518900967958
0.452540150583
0.510894397002
0.486532687497
0.447287560731
0.382019541439
0.518288156421
0.469268153068
0.389704442289
0.465329832707
0.419925397801
0.345735905493
0.441348869813
0.452343002959
0.522455522083
0.436386608455
