0.229214693134
0.291322809231
0.34124139266
0.352586675192
0.395658527153
0.318184067625
0.40911951171
0.425551881932
0.361422719238
0.43296167196
0.435598849504
0.420089652945
0.443248336105
0.480957335764
0.457758656966
0.290025863109
0.252915154194
0.225379181996
0.251370129051
0.321893741132
0.29793346098
0.33712393319
0.368686596623
0.332215587846
0.329880212165
0.424163615617
0.468422465061
0.408219369969
0.412744087436
0.440138833027
0.306320784904
0.331496687074
0.244104088042
0.250404225048
0.320491171683
0.338769808852
0.450719732056
0.476026137125
0.456213374829
0.424282990443
0.341265882272
0.420325161069
0.40111011529
0.318013076754
0.345152467312
0.290229182671
0.445156128416
0.291695329233
0.413326363487
0.306216763131
0.320836330727
0.390048131248
0.302492867741
0.343038990477
0.47487619121
0.483221931069
0.364208225156
0.408507392288
0.416077077522
0.401850921491
0.401149580117
0.438297186065
0.376601096263
0.282758865088
0.350842817742
0.282243229698
0.272761561393
0.233727357713
0.323026087594
0.231802370335
0.465836421784
0.443431931412
0.445367440825
0.420407678069
0.331253565944
0.570358812661
0.585364583224
0.475998454504
0.560926880669
0.475309069001
0.428364386039
0.415511876701
0.449815260389
0.367228755066
0.403738082924
0.476847188766
0.383160233897
0.286302914555
0.460037068584
0.44023472387
0.521735247004
0.661559365176
0.572169002167
0.498730861463
0.463795333821
0.537880255663
0.46517915193
0.513393224496
0.460655036833
0.440182417373
