1.0033517685e+058
3.05055758853e+102
353.776347325
5.11110115503e+014
14.2980759637
8.58592497468e+252
1.88209727607e+088
1.62353002343e+126
1.63906255518e+139
4.93059581619e+139
765.764280803
1.61086210811e+270
1.08065958475e+239
7.36853712975e+217
2.10386320296e+252
1.67912538495e+259
1.01416050172e+012
1.00702878237e+016
0.465558722264
10.269986394
692.603282127
52138.9825062
57672901874.3
8.30806224101e+020
9.40152233455e+030
3.82302895356e+057
1.19634560315e+018
1.03559855432e+041
7.34291417153e+041
18480828.2088
164904878975.0
7083196421.37
2.49731411491e+013
1.62010861718
3.83221018925
0.630898310571
1.56777339536
1.19609837396e+037
12.7895962937
1.78057984959
2.57558226202e+012
1.60066251896
0.637330520647
0.108065456755
0.462549213516
3.31365068772
0.462607757547
19.4653622306
0.377719161149
2.75158904283
7.37798421743
7.8980111856
0.477960892007
15.84083333
4.409989431
2.83903158012
2.05683413373
8.69285530187e+225
3.19065129857
0.0
1.98621605828
5.62012483222
4.92955482721
206.240913192
17.2466372344
14.1377785057
38.5558613944
94.7734232899
5083.68539606
108.002680098
12.0201288698
3.00055341013
2.13136217031
181.171825208
3.86098556645
25.8359116572
27.947051624
20.4496669803
76.3939983326
5385.58075793
1.18292691432
1.63683971422
0.450462371886
0.66136006827
0.53313228781
0.128843584504
45149.6277796
70320.8143626
742893.649913
0.916522738267
1.18765365029
5.34062514697
7558.37453166
1656.24662351
47.121549905
8.01523810378
6.59814790146
16.6310022743
19.660763789
13.3200038005
