1.93047349737e+305
3.03307539793e+305
2.70266411548e+305
2.59399015718e+305
9.36836998211e+304
1.41294636917e+302
2.79182384728e+253
1.64648156784e+254
1.86972305114e+230
5.41255268489e+012
1.1806077606e+057
9.4431731891e+106
2.06289051857e+083
2.3969481493e+300
2.00462794135e+033
3.72898188532e+062
5569727.33509
1.94931984963e+015
354789230.294
229574353.385
1.44953495086e+019
5.46065124272e+287
2.90582390593e+151
771317036513.0
3066237195.14
5.64077721832e+261
13224.8321276
9.05823705397e+297
1.05721584538e+028
0.497772694372
8.02151336879e+260
0.68640376443
0.339077775243
0.221131801774
260782.109132
4.86425616867e+022
2.14046888902e+045
4.6402697662e+152
51.4662202504
1.57539532171e+258
7.6862930238e+227
2.4714258579e+296
2.03804530104e+253
1.28408231876e+294
2.18236247916e+287
8.10122743995e+256
5.08167634806e+251
5.51884628338e+295
3.54025780453e+083
7.48673798902e+029
3.34458213471e+261
19.6258957686
1.92367721394e+276
71126.3088775
32.7212420782
3.49538768275
0.695478325965
0.0884542730161
1111721913.61
7.24662155876e+190
1.68192004804e+211
0.315199656316
2.61050046296e+034
2.18782331824e+282
0.350776747016
3.20250438553e+146
2.3905658868e+203
3.70746777919e+304
1.03074081254e+104
1.94795031044e+052
4.69130135123e+053
5.64410186454e+040
3.53689119404e+073
9.55709006275e+057
2.38712004045e+155
7.66478158585e+199
1.70485673105e+080
3.55126746495e+256
3.83456920533e+019
1.45803498169e+024
3.04764096168e+078
1.69225079471e+298
1.00501274812e+281
1.95256100102e+246
8.36808669288e+249
7.98686864951e+255
4.70356228981e+240
1.36246934174e+304
0.301208275683
3.30403031994e+088
2.72846019181e+049
1.58026262362e+132
0.528559301472
3.75174387376e+240
0.0299653545348
0.0386412683903
26229886.8108
1.99687267209e+287
13.3885829429
35.4142594851
