0.82202496717
0.804567251054
0.706066297472
0.617143939254
0.525141876
0.524056412988
0.536261332741
0.528060070687
0.560310586534
0.561049453355
0.519915625418
0.50916891931
0.336334089105
0.391871286318
0.342665323115
0.418283146749
0.302021644274
0.349124015849
0.380953397358
0.337208247428
0.392685974864
0.454305857312
0.476434711466
0.487097953953
0.493612252315
0.4443937692
0.401609817276
0.442980076939
0.494854220513
0.485333148527
0.446883055933
0.463973062074
0.379580842366
0.364218504546
0.389893316775
0.439406892854
0.452014162961
0.454686130881
0.460452367017
0.435848633475
0.387932481864
0.368723501219
0.340159421432
0.261548135783
0.307900972776
0.358425502837
0.353272982329
0.337573534956
0.251368465238
0.272026792721
0.207105605478
0.226999950698
0.322657549307
0.380892140036
0.368286282803
0.378971069781
0.369746804308
0.36289653388
0.381524835951
0.360216176821
0.374226499846
0.36487609815
0.399979137309
0.324805082492
0.340112183665
0.378784097665
0.382591181376
0.385975105011
0.375496770218
0.345482626786
0.393163865777
0.387815096785
0.370065397619
0.363519241879
0.34399962321
0.378768567203
0.380798691708
0.399418494208
0.360808231222
0.373988622491
0.275281462147
0.348945192452
0.281307139923
0.322472812989
0.343826619199
0.368960487025
0.297947766801
0.358015317982
0.322378830571
0.238771802511
0.255064024001
0.232692703564
0.241801819005
0.26161669911
0.121222832109
0.239650135364
0.236317591612
0.0980186213573
0.156878284632
0.178433911691
