0.988850574713
0.986917989418
0.855365622032
0.847263381643
0.829395931867
0.602219503797
0.671834656412
0.57372374979
0.624731253421
0.556896214896
0.641306907223
0.642663626683
0.778973333333
0.716253743589
0.592924817201
0.58247182415
0.395618262633
0.253694581281
0.195812807882
0.326244496898
0.238089023776
0.189655172414
0.228821419443
0.420513174182
0.432931034483
0.395627794345
0.339528638445
0.318657635468
0.34539248172
0.308233579639
0.28744159895
0.334639675292
0.357183900174
0.285861129692
0.221416594067
0.248275862069
0.256157635468
0.152076089428
0.246252819964
0.450856439729
0.497507692308
0.446628163269
0.451047934435
0.492013204509
0.363070607553
0.385255803966
0.513234955416
0.540694763729
0.564471592775
0.602815196091
0.503428571429
0.460173848119
0.489730604678
0.59794040391
0.580465854631
0.626162333516
0.66461823763
0.68789988905
0.705468322626
0.70176904649
0.689168070709
0.687246677333
0.674487464387
0.701197976226
0.703972704266
0.673031809187
0.583386790424
0.602058669109
0.604465221934
0.620232640087
0.697080716647
0.6917315589
0.683843265547
0.7029593894
0.69729017094
0.689722222222
0.700941697192
0.698214798004
0.719126047787
0.697374794745
0.696428571429
0.701285541661
0.680234095407
0.671491107418
0.603833940325
0.571158647512
0.625992063492
0.633911965046
0.59434318555
0.594491402406
0.621201870482
0.693145814913
0.691097883598
0.693131054131
0.709759490191
0.69000989011
0.681273015873
0.67203034188
0.671888664337
0.663597826087
