0.988850574713
0.936081529582
0.819581280788
0.810479712494
0.740786439094
0.387975603865
0.38677044335
0.471922082961
0.420450465782
0.454262174436
0.598273536834
0.573326667624
0.64695455265
0.634969659824
0.346172062249
0.300742068966
0.316137566138
0.319880112936
0.2142378949
0.23489887836
0.223153177178
0.25747733007
0.328028942977
0.313557369117
0.308004036157
0.0763400687477
0.116379310345
0.0871051946832
0.0677604627174
0.0779444206926
0.0141811738929
0.00051724137931
0.0
0.0
0.0
0.0
0.0750798534799
0.0
0.0
0.0
0.0
0.0
0.0
0.0
0.0
0.0
0.0
0.0
0.0
0.0
0.0
0.0
0.0
0.0
0.0
0.0
0.0
0.0
0.0
0.0
0.0
0.0
0.0
0.0
0.0
0.0
0.00896361381275
0.0095646011396
0.0191074481074
0.0241450465244
0.0240147783251
0.0241721401204
0.0432539062886
0.0382183908046
0.0425952654625
0.0543162121001
0.0643650793651
0.0593851928265
0.0818999889377
0.128365910579
0.113671143671
0.0949874979094
0.0998712861213
0.0868195511931
0.143103448276
0.106213549635
0.0773814997263
0.0620874781945
0.0
0.0
0.0
0.0
0.0
0.0
0.0
0.0
0.0
0.0
0.0
0.0
