0.842778733473
0.937129358097
0.98
0.98
0.881865950065
0.935201403703
0.98
0.926413014416
0.973066024178
0.973928809128
0.921430182159
0.978041005115
0.98
0.966227531657
0.957914970067
0.873097362149
0.967497122067
0.971438529695
0.979
0.961418617883
0.977708314097
0.98
0.976649921202
0.98
0.951024788145
0.98
0.972672450494
0.856785875536
0.899619754644
0.955117142563
0.976975363038
0.953202328712
0.98
0.966923139241
0.900860708617
0.979600056776
0.907910478734
0.96660617333
0.975600063865
0.98
0.940076527321
0.956569138676
0.965922205379
0.917171233409
0.98
0.976730737841
0.98
0.907910478734
0.98
0.976112684642
0.979708314097
0.98
0.98
0.98
0.957057827454
0.98
0.98
0.958430342652
0.888241969861
0.946379415008
0.98
0.98
0.98
0.98
0.9754618333
0.951507153324
0.958475587719
0.965789684633
0.98
0.978282726821
0.98
0.979391543098
0.979506328262
0.98
0.965487894008
0.978600056776
0.98
0.978605406382
0.98
0.935964768359
0.917014810566
0.98
0.98
0.98
0.98
0.98
0.98
0.98
0.98
0.951875088027
0.98
0.975670198073
0.968411917245
0.979
0.970780429483
0.926823065962
0.98
0.98
0.975609028673
0.977708314097
