0.286298786747
0.314747134937
0.459422990436
0.604507497064
0.554894153849
0.504040099292
0.560941462497
0.608172149886
0.653540026058
0.541408743436
0.574920384098
0.556422627782
0.47916001093
0.595654764592
0.47616156266
0.492678495884
0.551587419792
0.555264363565
0.568618476922
0.638485112868
0.625571560386
0.573172014418
0.653657726458
0.637767104375
0.580371166086
0.613549914204
0.530963374676
0.532245205679
0.411718013783
0.536967828845
0.483791065672
0.485550466929
0.53513775837
0.587037993275
0.622339187408
0.666161231019
0.716064328828
0.664047234609
0.678308987496
0.563629642471
0.607056839308
0.628503875241
0.729352473546
0.576112791691
0.655994516687
0.627584037062
0.656942333781
0.649006022098
0.700367864294
0.62032915823
0.590691896863
0.594953521737
0.573674017461
0.571133821777
0.591459448784
0.667033204895
0.686277592814
0.619440054103
0.671793682298
0.759299399767
0.713916887218
0.616098064452
0.554238615631
0.69047332484
0.618023142727
0.544342668556
0.566151288786
0.684872624657
0.581930900606
0.687414725348
0.70432289038
0.618752524545
0.61118455177
0.711903959877
0.713474093418
0.657094841773
0.631877486955
0.592262776263
0.695511850134
0.619359095005
0.561335486057
0.587474243117
0.651603712263
0.682668175422
0.607060430294
0.69481176679
0.671489362644
0.646240658771
0.720116352997
0.692573831243
0.764878732718
0.715997458237
0.694072022548
0.693714804095
0.657968021688
0.648723225123
0.604061345537
0.632554793564
0.64112907833
0.712162965135
