0.309693439523
0.428863481051
0.574906532856
0.71218767303
0.691945259799
0.502622097931
0.467026410893
0.403730881588
0.439236454044
0.420374920345
0.550092011024
0.401759538959
0.382297592
0.618401963508
0.634406522495
0.677663106263
0.594221853692
0.590857008818
0.659553279255
0.610850415369
0.483252704733
0.402495332364
0.436820205849
0.674157302325
0.49509253542
0.429517703121
0.490838503913
0.564952390942
0.604390708465
0.63796221766
0.500932494301
0.553835386254
0.666940742117
0.701073126067
0.558301139844
0.574548273587
0.642900858735
0.659269484315
0.642015294023
0.665571948126
0.696366406227
0.721121252256
0.672898967479
0.639421803155
0.746754104831
0.785935027848
0.632735710499
0.739355646064
0.795853137621
0.603317981342
0.473165977901
0.510370034185
0.513268860031
0.488346925806
0.415697094381
0.39590301235
0.475702842984
0.551061012395
0.45806988868
0.620321254903
0.64585547438
0.585882841228
0.520565681309
0.579704680807
0.443240841637
0.645209017363
0.444383150628
0.433865236799
0.467580068169
0.608526876572
0.573864001257
0.618946402861
0.670287678941
0.690115492576
0.740132915743
0.766486166098
0.741004749651
0.632020220762
0.566557574411
0.715011156404
0.611761591046
0.473679522352
0.493822854682
0.571495900047
0.40391580223
0.466964065242
0.567246157332
0.516764487985
0.641476040505
0.729016751137
0.618217072901
0.696802742338
0.735315243326
0.667771500435
0.61473959683
0.485750533551
0.590921523839
0.683464403047
0.78331429716
0.630157471144
