0.303601788715
0.431866889752
0.442960395616
0.480949620203
0.432202343281
0.483572533155
0.510778347189
0.485057917727
0.398837360101
0.379134361623
0.321154104031
0.417672426605
0.485619596842
0.472194328658
0.337730790645
0.248037861945
0.411556407081
0.483625941311
0.501610457926
0.640949233122
0.578373945623
0.415892728115
0.439028618389
0.549204144603
0.628149875928
0.540496286628
0.625598944388
0.641426234708
0.606508272393
0.594538495138
0.716674481484
0.613123148405
0.57703444233
0.537058184533
0.600779920379
0.621517337167
0.488675041246
0.431127064984
0.482155519967
0.421095742977
0.51131329386
0.573318724239
0.462735589293
0.563927798431
0.542263312355
0.557310704105
0.50745475001
0.467483039844
0.559282123419
0.543135958643
0.6185027166
0.457543413433
0.522272039526
0.619595136404
0.521164686881
0.679621534061
0.582679021492
0.582719739485
0.52010023939
0.446938953534
0.504106575456
0.496837855206
0.431481924845
0.420321216958
0.516737612219
0.570055884384
0.508103540966
0.388072822277
0.570258355895
0.478095857822
0.466635155305
0.449626071181
0.544585686284
0.53386072443
0.598061873944
0.614272147757
0.63554799315
0.480703285506
0.421787809198
0.457266768905
0.416156206833
0.479760944345
0.584828374891
0.609035609167
0.568299784517
0.643661740541
0.645710716202
0.469213854496
0.530078782588
0.61765704519
0.543884372049
0.517792627292
0.529127182395
0.445028029944
0.446167779096
0.579528888915
0.713216763035
0.615296691168
0.59105849612
0.601022774799
