0.297323041353
0.292453292692
0.394240146717
0.511518577459
0.436141079825
0.413310738576
0.376517140861
0.395895706933
0.498196896306
0.589784272209
0.574658354292
0.713786983949
0.638445016242
0.719508221229
0.738918339095
0.786135617165
0.733355191279
0.604406590049
0.695591181933
0.53786532419
0.650635441915
0.619285928741
0.576117736537
0.459828219945
0.51172080256
0.424845365836
0.329115686134
0.389168284665
0.550165119812
0.570473502214
0.549992619032
0.508781543105
0.370019146577
0.476418111953
0.589321794046
0.627476616616
0.653298498601
0.712138786009
0.796608927861
0.715870069023
0.689758106968
0.73383557353
0.720330183815
0.718426844067
0.75592058475
0.663690535502
0.69796920059
0.554100488529
0.532389319176
0.753743121597
0.680812063636
0.457178739715
0.606986538906
0.630214487493
0.585765555686
0.551091039023
0.605306071474
0.449080113282
0.689229497195
0.743130313048
0.638049275566
0.682269781912
0.701905284361
0.723803051212
0.578548973517
0.585130411237
0.722208865753
0.820748877568
0.79116188956
0.618070013039
0.635066557589
0.647384378479
0.644237722924
0.611936493137
0.782120472405
0.655255894325
0.696574635264
0.698776316562
0.719460180166
0.672984866891
0.623342188266
0.720968157897
0.680224590021
0.716181033783
0.722879526099
0.704387281837
0.710668355135
0.791141908995
0.714527701304
0.728412600257
0.791280895159
0.611145194647
0.636691959996
0.669885929301
0.615936108057
0.601174052742
0.690636940672
0.618882914078
0.51445402019
0.501663417682
