0.336118376522
0.482590562857
0.50404638256
0.541877951613
0.646037943293
0.642846940708
0.605357640582
0.595451387496
0.579277891706
0.511629820451
0.586741463098
0.634497120774
0.657416151559
0.714769408073
0.723664139768
0.654835374785
0.518842271955
0.428678968812
0.412098147373
0.710778180308
0.632334977739
0.635132563506
0.635317629322
0.74495061205
0.688919973077
0.583472345555
0.65848794112
0.754059861974
0.811793336881
0.773330697182
0.771927687563
0.630439898339
0.606535260746
0.663393864865
0.522532026593
0.722173034385
0.82291063071
0.699516064651
0.542273424228
0.68491931159
0.634200399494
0.728061228349
0.704330292584
0.76352110352
0.571043070442
0.684372108074
0.760001629398
0.781909253988
0.703774007637
0.656373163238
0.695360979063
0.59638731712
0.62987765893
0.674253447861
0.631538596913
0.590033167818
0.580227702041
0.510785352436
0.534280439025
0.483094903621
0.624005225966
0.423212304433
0.520546197185
0.539012970579
0.761838373752
0.587176102909
0.605926337065
0.812598820868
0.608759992657
0.62659195458
0.85600415359
0.847089108606
0.764294214501
0.805816038588
0.745714261041
0.611307446263
0.678837953588
0.643133821443
0.682252961787
0.50404057691
0.360246706331
0.571934895862
0.534110150078
0.435118165247
0.334770575653
0.53373297237
0.75070582764
0.747874899551
0.84749294324
0.803549297566
0.815633302233
0.764392087715
0.659303344585
0.559947153493
0.723157579959
0.533468325417
0.731395522816
0.773340934611
0.688659661124
0.614015051122
