0.349626227417
0.429767354301
0.567457877231
0.62196407948
0.674746680678
0.605164234632
0.694520182684
0.697874490484
0.657557485131
0.711079718762
0.567187007234
0.50370424075
0.595828424705
0.645897047637
0.731105719155
0.687287257169
0.728646751199
0.552636014491
0.67407839439
0.583326031134
0.693864059619
0.652279696274
0.650073605036
0.70140128448
0.656239192434
0.650297495488
0.74871352646
0.557836531939
0.682962119172
0.717681210117
0.742012669597
0.757858744692
0.488491765221
0.55320683465
0.740201378784
0.709087632315
0.652095781986
0.580120298731
0.607559569475
0.705947540286
0.628060773846
0.58695858647
0.63217683558
0.652520756679
0.610493898912
0.611560343353
0.64047513189
0.681626883568
0.726109121172
0.662544870739
0.648225887513
0.570777459489
0.470946544019
0.627090046934
0.486324303708
0.51549444939
0.455694010697
0.613423574223
0.69613015472
0.537540638792
0.600664707031
0.435709485133
0.422719983597
0.520671073391
0.510943942675
0.659708096077
0.449699630023
0.389178851066
0.573035924781
0.583620914141
0.601382881871
0.5785874286
0.517475420559
0.399934031468
0.540215957438
0.602203274581
0.806722008594
0.69767415503
0.684159465409
0.685035048037
0.690263551204
0.654043519433
0.67341427194
0.638431606176
0.634585430741
0.653234020439
0.65532032408
0.708407255213
0.677700665339
0.574741026645
0.615595724826
0.650913405683
0.629100033692
0.608684224362
0.679808437351
0.677768563319
0.66790313214
0.705651482222
0.7261732283
0.650100297738
