0.279716185035
0.299606382144
0.338526266144
0.275062717553
0.326201374119
0.305855466837
0.257952668042
0.244083107911
0.361059030586
0.490812767998
0.416449317164
0.422038416917
0.550696357435
0.481489749736
0.458511945645
0.350339859782
0.541294944642
0.465585596248
0.492057959118
0.434471257609
0.418280679432
0.417705332281
0.424633300706
0.357513848966
0.312555549016
0.276482676407
0.37534773772
0.406702148798
0.41331317731
0.477701464505
0.419988624413
0.378001171975
0.330510618725
0.43250671122
0.456242193314
0.494163143384
0.41739809329
0.510430121871
0.489067060473
0.492592061696
0.449570900926
0.491401327652
0.429063513793
0.511148895214
0.429020184229
0.439982945596
0.473030464908
0.37153047607
0.371286873979
0.310851664028
0.430967525427
0.460524175347
0.522813454092
0.544038021024
0.492000397235
0.369392634488
0.337233980175
0.420208781559
0.365198531388
0.496734455953
0.424194722254
0.475677504987
0.438807620697
0.489885987429
0.452814919208
0.522501992702
0.466179119379
0.41776861741
0.489301739733
0.500307039242
0.557131234569
0.44597191326
0.568756916725
0.517720215378
0.64295806684
0.679507989562
0.656645004264
0.572682007097
0.502622184793
0.523837777252
0.453080809772
0.467903650595
0.474035678291
0.529198071366
0.549971702475
0.682473363537
0.468077584847
0.606296620695
0.628677334502
0.655316747374
0.617188382981
0.694608425276
0.655306540391
0.499377000846
0.620319184314
0.559324933975
0.624341578892
0.522912978068
0.698404927488
0.723659329648
