0.304535751293
0.378897665444
0.368842708603
0.471719052851
0.624503036668
0.596411967194
0.621252813809
0.694453379507
0.615201466155
0.578569442765
0.614982938468
0.662022803342
0.637735192492
0.7298835322
0.53204775704
0.505040198601
0.598945740575
0.743477486973
0.661630779618
0.674283678271
0.624866027579
0.593091164619
0.612597221618
0.730189512188
0.67811174856
0.668456984809
0.635538330712
0.740711695757
0.658404196499
0.634957523176
0.683752054088
0.718127473306
0.736075992368
0.569357489965
0.584415733871
0.692674147915
0.735128643838
0.705635291675
0.642879166805
0.682272117285
0.657876055517
0.704382947474
0.751387447024
0.708457706254
0.627395481743
0.672192577244
0.666150923813
0.841973081685
0.816544998988
0.75044900785
0.728543309703
0.557720864973
0.61041133633
0.654370829177
0.741491978029
0.492070970239
0.55407746468
0.664902334266
0.594145999318
0.647514826012
0.788746589835
0.58555313047
0.636696840267
0.533473279148
0.576482601269
0.517944862888
0.596087777512
0.805617305888
0.666402409223
0.550594235552
0.652101153593
0.610885516185
0.696476115948
0.59844952017
0.472426590032
0.472477769397
0.606226061459
0.571243269431
0.376272402583
0.527713989016
0.630185290097
0.630388985581
0.6460014355
0.686099792652
0.53382982207
0.531909057161
0.683507258537
0.696443192023
0.601919348365
0.552861395849
0.383384299325
0.480814478204
0.250880375803
0.334463530471
0.371916448307
0.603589596419
0.52861339839
0.561083578928
0.604410042942
0.586293185616
