0.340566668131
0.45646741579
0.522983175542
0.58604564113
0.643024530982
0.602884905965
0.513149001749
0.450892863906
0.449954320442
0.489888653999
0.47512401647
0.554138362249
0.570075649293
0.497145392682
0.456632162032
0.379251773779
0.527195875645
0.628578988927
0.52676109161
0.544873514673
0.554469897474
0.453856784462
0.433574579314
0.283517467606
0.498105851318
0.489794677551
0.55273996593
0.472662105218
0.476151994592
0.59934239741
0.55767115504
0.518749756256
0.484922357309
0.510283674304
0.45402708031
0.401803844907
0.50699214411
0.539469558064
0.522723088977
0.435731608291
0.438690162787
0.508654350074
0.487588940423
0.474372513917
0.503096720389
0.33953524406
0.484673530724
0.602626499231
0.585805791265
0.493167180418
0.41939310636
0.309968690084
0.505023383949
0.658386369556
0.637884699205
0.56925810034
0.595856544072
0.574272466413
0.509361832919
0.505252999231
0.397412827418
0.508539176157
0.611513023194
0.550787724252
0.634209309162
0.504244151092
0.502748797406
0.524711931959
0.391266359473
0.49381454582
0.589661320161
0.542106416481
0.454082021063
0.54246739251
0.387341661463
0.505243679568
0.480837379956
0.432714266741
0.550894102477
0.520362047106
0.557831716002
0.572697635738
0.50751321662
0.44438770793
0.470795048839
0.480838430706
0.375645421145
0.440715502632
0.578119906093
0.565640998281
0.527369101262
0.537180560417
0.531136245655
0.4928683227
0.50427810508
0.45040805094
0.402079379605
0.538165003898
0.510358517397
0.543391168091
