0.368117590317
0.496032370531
0.54182015591
0.586280829416
0.558272710051
0.480597910352
0.421842958734
0.529193131476
0.5720061683
0.55634710759
0.471580206677
0.457603507791
0.461820076601
0.427705261492
0.535522801358
0.607177771423
0.617204230124
0.638570077397
0.546819544725
0.540715090263
0.657025136566
0.592039101095
0.588689180291
0.57425830707
0.616742379867
0.558602690308
0.538748504616
0.54048678269
0.587471030425
0.622026774419
0.566426711501
0.535897367374
0.567260098958
0.49397979669
0.507523763257
0.575803697488
0.534034430744
0.544585706467
0.56491948041
0.592516231515
0.553349300903
0.646529228912
0.687702367707
0.676387287134
0.673095546177
0.647408080714
0.654106465761
0.598274074895
0.598467741376
0.655376073504
0.603070784229
0.587245551168
0.5637463122
0.594919965028
0.564762660439
0.547230203016
0.519552731886
0.521659891821
0.560031979801
0.56121320057
0.562674887168
0.529331226511
0.597368236627
0.558676240788
0.553037130544
0.537189955369
0.469987853718
0.451286729668
0.287958962866
0.475775301471
0.559240124206
0.629257007627
0.523031359562
0.556747507877
0.575969100913
0.556661301815
0.63047248159
0.534627118061
0.490602326898
0.521769039559
0.572990467395
0.428696564764
0.378402788649
0.393119507145
0.465123188518
0.399052966244
0.355036508369
0.568011266607
0.601729808988
0.570329514905
0.566094056739
0.592297634082
0.548820012349
0.560590373237
0.394113901602
0.517405194646
0.60218410836
0.612384796976
0.582355119367
0.524797057943
