0.363169420026
0.524697702868
0.61621907963
0.674507994974
0.594944730528
0.616144156955
0.593780807565
0.596135300306
0.59110687913
0.53292187116
0.534920420753
0.533162578096
0.559320426835
0.500380539077
0.435379271451
0.44974347635
0.389100442707
0.514735893136
0.526348254958
0.631283773316
0.604270981767
0.59624111262
0.524795459034
0.406315552043
0.406603269187
0.446669783942
0.464252044823
0.43417093749
0.47228751985
0.500280984284
0.49415488312
0.422197737356
0.432846347642
0.420508297126
0.437552959121
0.565028411257
0.474357143303
0.454370676465
0.472946446772
0.548463113625
0.612756870677
0.564278472106
0.595093117321
0.537408173031
0.470013325009
0.413388869987
0.456896390067
0.520205162514
0.408808612127
0.518115633567
0.618394181717
0.601012371622
0.609299086348
0.702735470859
0.589016698782
0.652403583624
0.58634127915
0.572504640982
0.572197786243
0.632857410488
0.561680925523
0.542816447689
0.58859859886
0.612155755487
0.595783740357
0.602916842335
0.573353484277
0.588262963141
0.59604002758
0.573452451971
0.624768886187
0.545204255233
0.582576881662
0.542798131222
0.588056810987
0.541000121729
0.49650727912
0.510011774063
0.549914475032
0.534476897806
0.526778052543
0.555741621574
0.427933448786
0.405689531679
0.463340893923
0.491506618497
0.476482090802
0.442864773098
0.508619064221
0.54924448386
0.419418679473
0.490036183765
0.652117627132
0.653727660555
0.63637218029
0.534875411465
0.63690092258
0.655892146635
0.635573367236
0.676911873347
