0.356196172163
0.451342092865
0.563758587559
0.570299418037
0.524601751359
0.582425833839
0.568902060814
0.606696744959
0.596625553
0.634303509117
0.637618074567
0.621845123522
0.550943714958
0.566994711131
0.576869399201
0.559553170471
0.576480739691
0.616943006962
0.590760992256
0.663132958272
0.642662269041
0.633595978068
0.686672583124
0.644728535484
0.680551065044
0.650731491974
0.620388806312
0.646626916608
0.637974057992
0.612721523474
0.629174173804
0.631262217406
0.626437168055
0.577266301328
0.584431123707
0.608333947005
0.594507565141
0.550991448267
0.527544939267
0.529128786745
0.501322967746
0.521028868971
0.600521265239
0.557054103522
0.465472293468
0.406447310393
0.356967137731
0.445482545512
0.405026379948
0.54054786147
0.548272747752
0.642221838147
0.581082914323
0.516594766204
0.606621834841
0.625733580453
0.65852059733
0.642897494907
0.65553288456
0.620574702546
0.666428022944
0.663468270914
0.608446740292
0.58459066566
0.534869775417
0.604875345024
0.635140680181
0.570393987555
0.610670821221
0.693886360151
0.654981237563
0.604130117155
0.638890225215
0.664400556916
0.592496784189
0.639195588934
0.696651775446
0.713969385946
0.667778553108
0.666880703745
0.656249889835
0.653355164397
0.701215981327
0.624573932833
0.676554315569
0.629838702815
0.648377419233
0.698083960742
0.59521416101
0.647034962386
0.625220073826
0.620823485648
0.633038893561
0.553196839132
0.652274844096
0.649687373805
0.527120192923
0.569598217227
0.604560986572
0.599392289126
