0.386326797608
0.565800185267
0.564767662606
0.576915617846
0.570283764885
0.573494920716
0.477211531299
0.503019730472
0.562016980533
0.494855901372
0.438907025289
0.484841716647
0.522128548061
0.498163952984
0.470513752054
0.383923893291
0.511390588166
0.552189096453
0.534867207507
0.49960039539
0.421505200687
0.475793731267
0.515241431873
0.528205198635
0.541357482309
0.538139363587
0.4508527996
0.428390220024
0.584867036174
0.486877050409
0.55953270441
0.594877247077
0.51539608993
0.443296406434
0.440922202145
0.383874919952
0.498773128722
0.602251057598
0.596235821703
0.571387069974
0.554884672013
0.567596728613
0.542253395396
0.645442322894
0.561498484049
0.539706925179
0.564843477072
0.594709354128
0.563814307513
0.544699735403
0.527850546297
0.550263719879
0.486740739535
0.497596301639
0.549703684405
0.496271868669
0.471447699694
0.550975750276
0.587689561319
0.590603143401
0.507117462339
0.37001697456
0.51469736239
0.47194464276
0.519780078753
0.425774303205
0.355875001823
0.465780339413
0.283799840796
0.539872708193
0.605004416095
0.531852299911
0.522208181504
0.466145906905
0.441015253484
0.350259104163
0.476759378105
0.643887691032
0.660045619552
0.560340417259
0.519725286312
0.493351137014
0.492517732913
0.458413823407
0.354652909817
0.483166467383
0.556452969808
0.520556041989
0.348908765148
0.530385621249
0.539181144534
0.557108486061
0.472726916941
0.535317482881
0.576212286631
0.435844293264
0.552468251585
0.48006772152
0.435528763769
0.489574183685
