0.377726800561
0.506659189668
0.527526100599
0.642469496666
0.622058518375
0.578873405786
0.535495849771
0.559537472769
0.538273729138
0.54557940747
0.544709075299
0.513240927384
0.416140942784
0.561575793322
0.669132539192
0.630978727003
0.528895117615
0.597379630531
0.474523034764
0.564425006818
0.465516912194
0.390406985461
0.512765273964
0.639250708317
0.591776620648
0.521041820202
0.519924162617
0.598784498493
0.545848171343
0.503546372267
0.497002624687
0.397872263632
0.553000211131
0.526398030062
0.57216386392
0.531263641866
0.554923920144
0.483580844322
0.409730973546
0.497777077258
0.530453861816
0.510006519488
0.434982540403
0.438646672346
0.478252540641
0.426192637146
0.369797592427
0.363626760058
0.578593082451
0.585916927911
0.61859665922
0.491588531576
0.528776920563
0.619488068006
0.578198526594
0.567241959954
0.520671226347
0.501355815304
0.592136083573
0.566138494924
0.537560940712
0.572413217129
0.598000876145
0.574261303668
0.625497558833
0.584732775928
0.56222597293
0.514510968915
0.576453859523
0.515362227373
0.487667609859
0.547488521378
0.642437891585
0.676144786843
0.595470216327
0.496571363171
0.534046997928
0.587449084249
0.616996426743
0.602734885309
0.569650789991
0.591529921898
0.602830075655
0.543996667619
0.607290907286
0.584668604884
0.499151960088
0.44817253088
0.324114617741
0.49029024548
0.552964101167
0.547489992436
0.535001353191
0.537031571928
0.54352706969
0.528065190513
0.570194415413
0.580376231905
0.562537655261
0.568361800966
