0.38983072244
0.498257036067
0.619512357117
0.606898876339
0.58827199393
0.504715545149
0.546344082585
0.479638442197
0.377831708286
0.521985775418
0.610408373329
0.65914896679
0.641693300243
0.611187072409
0.61905758866
0.613261503801
0.590764553425
0.583263267265
0.556012030473
0.517166710196
0.538156919182
0.512735320947
0.49334561573
0.522788246798
0.510858705909
0.528656872028
0.52251197174
0.557087664235
0.508872356893
0.528144401185
0.484489958292
0.484930684836
0.581851515581
0.614910810367
0.637919883667
0.531428838742
0.46121897722
0.340844063474
0.506563556922
0.589290954631
0.633613890492
0.618129273057
0.588336660428
0.593688677685
0.634329083941
0.571080636006
0.592241632848
0.520345597707
0.403509870316
0.436411554677
0.60116645618
0.676778241342
0.593780329365
0.539884517656
0.565682191237
0.548129974059
0.598958288436
0.536497072788
0.539968423274
0.492728406407
0.542691294833
0.474444623208
0.430318144245
0.477917778387
0.499368177844
0.388717814774
0.407767323989
0.508794058315
0.488098582215
0.522406107103
0.4842474911
0.530956567993
0.552721402899
0.544352969756
0.443847121174
0.426590854121
0.547322828726
0.545447463834
0.554317767466
0.502627180086
0.520361364109
0.589017571226
0.605552512702
0.544406610087
0.629074142311
0.51449398845
0.511736832326
0.524891548018
0.495150204192
0.500124723967
0.445503480991
0.424241489343
0.565421809944
0.578555352705
0.566532164927
0.474534579554
0.516091084183
0.509699179096
0.574711023332
0.461180219748
