0.329315036091
0.728847729599
0.673724738329
0.688573689201
0.680095852242
0.707606592387
0.685772566143
0.687415235826
0.779642645291
0.700032285175
0.645325974517
0.658385367694
0.621499571825
0.698783400908
0.726110187251
0.668662968691
0.70283086892
0.716502628933
0.722088222431
0.752660467063
0.750708428503
0.699754891474
0.718018693575
0.645391123435
0.700640227171
0.668037856934
0.533187271722
0.697803593781
0.755819185267
0.735623899823
0.654655203051
0.623794490824
0.616758513838
0.678885842859
0.630857141921
0.718016829772
0.732389313296
0.759595084427
0.766179229877
0.75387118269
0.699970074085
0.707352905861
0.619057725083
0.635029301423
0.726332119787
0.681930370542
0.602747051836
0.742110210093
0.745734637684
0.776487240316
0.732960646083
0.621948071817
0.536318972518
0.765306457994
0.815995940698
0.722108724963
0.681858991188
0.769224388506
0.696691158025
0.724793283527
0.756926455555
0.740599830123
0.70955517354
0.696611739031
0.705417631998
0.715736603281
0.644804777982
0.775144051274
0.636173448455
0.70503095396
0.718423492735
0.655626507291
0.586599551397
0.534654314291
0.677247631051
0.586351258933
0.589966779825
0.823371292017
0.708495009809
0.779853980914
0.678726553515
0.597014977369
0.716008427845
0.719067582656
0.67388389918
0.740411489981
0.787119047196
0.74475669736
0.810604901026
0.857607402817
0.795866777154
0.760703807172
0.737264618195
0.733404058037
0.716878023372
0.756810475786
0.632796070743
0.669540651157
0.733430670184
0.770814632595
