3.22512203576e+266
9.1805936418e+248
6.82284946205e+252
5.88439838681e+252
4.54324195095e+252
3.13665138019e+296
5.83964850701e+295
6.12838194335e+276
42.4700894339
2.29605600517e+028
10.0262583234
1.1997781077e+015
8.02144605064e+180
8.38180055734e+280
4.17188902969e+259
8.6837948884e+282
1.40379994362
2.61044987144e+032
2.24701124225e+028
135451829.41
1.13282433737e+029
2.35927851233e+028
1.37874612716e+077
2.24647202156e+124
9.11893437591e+094
2.2713128158e+277
1.55662662945e+173
2.25348660401e+124
2.24647202156e+124
7.84299507136e+137
1.43787658545e+106
2.24575326193e+252
2.09268839721e+061
2.99982361524e+031
2.8013388764e+053
4.804921671
2.30436773445e+271
4.15624134899e+271
2.4058221722e+060
2.64643527311e+252
4.54822669612
2086339.15827
603193.796352
2.26239495945e+012
3.05437532016e+028
273850.808049
890.104998193
2.86370612454e+221
8.51215777128e+252
0.265805449641
3.1245000375e+060
0.644123792055
0.756137505161
1.59577193712
0.317185712371
0.0834522691811
0.0469127082847
0.0898833516124
1802066.11693
62235385.9494
7.11944234159e+012
4.42781762108
3.01496251637
0.0116028716011
0.014947086161
95016586.1077
1358103597.01
5280718900.55
6.20122493626
140.64890088
763263.839427
0.483419852169
0.0559119796342
0.0160702728132
0.284801718571
0.00149009267362
5.95886500231
0.2985434563
0.25726018153
0.000890428309629
0.00169346948939
0.00417867233213
0.00819758101363
0.0519518712222
0.0123690524765
0.0117450065534
0.0215078021276
0.0154272381751
0.011294203433
0.00825809540687
0.0118275714698
0.00418252596167
0.0131439399063
0.00679761991196
0.0134184549162
0.0157717828219
0.0099946580467
0.0216471913321
0.0344019797528
0.0389751849025
