0.281918766285
0.37387633742
0.407467463376
0.464471590397
0.543372728851
0.430711063547
0.425919480934
0.380426307197
0.527750454871
0.577174965036
0.524336490362
0.504826827755
0.535835500097
0.666965757188
0.479914805686
0.543589585971
0.600585140723
0.530921853324
0.448432365653
0.429106895897
0.4125828691
0.431647823482
0.574413566501
0.563987314328
0.385175031491
0.521275138099
0.67022420579
0.550216529622
0.518119986451
0.525125194942
0.517092936335
0.456630566324
0.418113653626
0.59323344672
0.483695172757
0.59073718549
0.506010493726
0.535447386514
0.589744044145
0.443653726152
0.499219912599
0.592731984508
0.522940357712
0.632468714883
0.537356181321
0.590739877441
0.55398356279
0.504136294504
0.581338802629
0.4890727656
0.515740063461
0.624037398164
0.478607849019
0.485288662801
0.556457470103
0.561132725427
0.526527267024
0.446483920951
0.583596642776
0.586592993093
0.508023432845
0.50149205095
0.545678381103
0.433878726287
0.407240156418
0.376741039389
0.492389585093
0.500954833958
0.590491370702
0.56465533848
0.408947771576
0.410867833578
0.489817529355
0.515855259442
0.548772562103
0.626213735802
0.479696266002
0.503106926858
0.593708742067
0.471832125176
0.525144384303
0.524912090052
0.561422320821
0.545189222293
0.475936729157
0.501375061039
0.432193896624
0.573710932006
0.66481864418
0.535499659055
0.543250987067
0.56398949309
0.577296196261
0.624577527336
0.549976183624
0.542925160433
0.442508892182
0.381710897395
0.456902983492
0.528988825963
