0.00088859899676
0.0999415811603
0.0894641224629
0.137846676502
0.32909042428
0.349359397666
0.490028989202
0.514240460194
0.614074542675
0.642510876947
0.606052309727
0.606269309148
0.651677166976
0.62828447261
0.565754953844
0.601640812881
0.718176766563
0.744661947137
0.587049576088
0.500363251207
0.519597930168
0.505941722199
0.424630811216
0.396528111593
0.568152616664
0.676058235525
0.557323173094
0.435186975173
0.486608479627
0.490643415727
0.451502288005
0.614439789617
0.477454460587
0.475680975034
0.528179441906
0.403815533578
0.401614668876
0.397516705112
0.29708246143
0.441918511544
0.722068611106
0.754203921153
0.684267151462
0.584977428457
0.632041578712
0.598822993189
0.626173061889
0.626948249335
0.529566341478
0.510671433434
0.531096957352
0.540199323289
0.559639243487
0.644633297182
0.621464706807
0.510589777713
0.546362079941
0.705560353065
0.712515884058
0.669001882938
0.522650935698
0.479249318876
0.553569931149
0.373338987104
0.373268592489
0.625470168775
0.814268184408
0.754891813734
0.728871191633
0.597929736191
0.646303733477
0.720319462754
0.687298755959
0.635476939361
0.564321174684
0.540673735942
0.421497278636
0.439013005845
0.479608118412
0.536726655351
0.4611765645
0.601057507818
0.556526251297
0.674311312566
0.58445975284
0.568535274778
0.573358368719
0.541924706629
0.538529882457
0.623050796314
0.628743675177
0.634250774083
0.668841245304
0.536381411027
0.499644062358
0.496587109955
0.493047673149
0.379172912271
0.449114138585
0.57212257658
