0.000896812596597
0.104053157732
0.13424356182
0.22349944232
0.23242156115
0.243319258913
0.250366422643
0.29599006172
0.301356646038
0.397798447146
0.544786729457
0.493111438585
0.547255558367
0.57650465516
0.591756355863
0.536760993885
0.54692511243
0.535777914643
0.591363118786
0.665084645596
0.60783870883
0.643574135449
0.742812025905
0.733040968934
0.616303442788
0.665941404693
0.634186197523
0.610602233525
0.665220855944
0.646170923901
0.693369824851
0.588050640386
0.59049879876
0.519517050643
0.529596075764
0.710695330714
0.62272618939
0.60157114639
0.624758233415
0.687336507314
0.595003224833
0.490812314554
0.524710445404
0.554171303892
0.548731254277
0.391586290884
0.356984284491
0.590607219827
0.596810012144
0.555260265342
0.543904998697
0.53791390663
0.556774593761
0.588886590237
0.54429444059
0.541451979522
0.529269157618
0.5195822799
0.527882927448
0.487776362793
0.55084191596
0.505315658667
0.489579039098
0.547090557435
0.426112815489
0.46541816244
0.570074747172
0.737577896028
0.760531010032
0.685943241245
0.560882180773
0.46829392781
0.46785732439
0.555858117627
0.494127977897
0.378980462904
0.391900982972
0.624924779806
0.660700844718
0.563247424774
0.494087186847
0.460335274776
0.58395566491
0.530799278172
0.599793122269
0.620579761809
0.671696759438
0.639517460124
0.638052170367
0.612556394432
0.633511647287
0.532275523889
0.491736608082
0.483689836482
0.486801375028
0.410891690324
0.499756395069
0.401380094811
0.409979877834
0.465358893966
