8.0332339043e+230
1.95842976948e+258
1.06638815299e+273
1.38244791556e+160
6.62151174603e+302
1.99135250623e+151
3.41493875284e+253
3.04438371638e+253
3.19424718037e+253
8.30224258884e+284
7.12036475241e+126
1.42772134004e+274
5.98074381331e+296
1.88357665738e+300
5.77120692743e+080
7.25734731553e+248
6.39868519961e+246
7.40283516082e+025
19.0303039439
27.6216056999
1.36385982035e+038
8.14164062868e+041
2819.35981332
4826.30441006
1443883.45559
528422.482825
124722978716.0
0.984012541995
0.390244568165
570021.541639
0.259793927075
0.598471933615
0.276945556972
0.606597982669
0.75746336484
0.218650555561
0.220388631214
0.219998794081
0.419023259786
0.284371313567
0.205132020798
4.37407135241
4.15386084922
1.31232444724
0.187741165747
195.797422043
7.91086930077
597909186301.0
69.892275718
1.58779733721
122531.364701
4555550441.9
23294271.9348
11.2007857368
614071566.297
523013149.197
54469.0385739
0.255461663414
0.0849884881591
0.220686262333
0.068892067673
0.0212919687458
0.505044724509
1.08053782054
7.49275859612
4.82790178994
6.1438150777
1.83517085527
1.43767294113
4181141.0815
970100096.187
41.3422516721
11.2759923189
4.28067218264
5.25341872787
3.22851496697
1.93580998499
1.73287699867
1.85250908436
2.31212712973
1.89261499749
2.87644709711
2.88751158829
4.95952615803
4.76634335533
6.59205669121
5.60604176413
4.04781266482
3.63715274438
2.41117830193
1.05718013496
1.1962718713
0.743841484284
0.978709292531
2.42291994816
0.95179140057
0.146296764656
8.11801594191e-005
2.92434194415e-038
3.55521004841e-042
