0.861065057924
0.987375407177
0.989423993365
0.989307706499
0.989540440337
0.989919825652
0.989958867685
0.989951485174
0.989551647869
0.989847668606
0.989913766574
0.989859487907
0.989932567918
0.989942793844
0.989906421354
0.989550672631
0.98943060702
0.989636283916
0.989865546985
0.989852988876
0.989889845969
0.989376665621
0.989725222735
0.98995532722
0.989521291589
0.98978156242
0.989354312226
0.989336374899
0.986570715102
0.987679945344
0.989947316422
0.989942793844
0.988890897249
0.988475084228
0.989301539154
0.988909483791
0.989958867685
0.989898464034
0.989958867685
0.989788771725
0.989391458449
0.98995532722
0.989898464034
0.989643924403
0.989906421354
0.989898464034
0.989898464034
0.989795014563
0.989951485174
0.989521033337
0.988770102813
0.989917265378
0.989932567918
0.989947316422
0.988920809904
0.987570515509
0.989076118362
0.989889845969
0.989859487907
0.989898464034
0.989951485174
0.989921640276
0.989906421354
0.989932567918
0.989926799063
0.989898464034
0.988746831433
0.989299633057
0.989689070299
0.98995532722
0.989913766574
0.989962129836
0.98992434823
0.989898464034
0.989805400174
0.989831429901
0.989765296418
0.989937888188
0.989932567918
0.989669990019
0.989944119181
0.98962502871
0.989388254754
0.989918444215
0.989847668606
0.989594976285
0.988878269193
0.989016731976
0.989913766574
0.989250377136
0.989932567918
0.989889845969
0.987415819239
0.989906421354
0.989962129836
0.989962129836
0.987898194383
0.989571101661
0.989958867685
0.989889845969
