0.824892771112
0.792683314366
0.657259143573
0.592579872972
0.640832823102
0.650128065321
0.625455445034
0.658977490711
0.613324465647
0.608691977783
0.564166323233
0.609947791342
0.546646334463
0.46025433053
0.489242505116
0.457030600591
0.399928961351
0.384809920356
0.393133150174
0.502189698288
0.498631292726
0.512831403311
0.369523482948
0.442725960772
0.565591441869
0.519853308348
0.528967524677
0.394744680008
0.462109286769
0.526994773337
0.589458067737
0.498539830678
0.473798541327
0.493843676591
0.523971549572
0.57905694322
0.562807891044
0.483760368482
0.43085966124
0.445173278634
0.514833672062
0.479255852167
0.549291267919
0.548745098996
0.466212029542
0.569477245137
0.517473942763
0.488484711341
0.503263289753
0.469403023806
0.418798551141
0.486620885071
0.579848638754
0.657419522568
0.573545300855
0.555217667485
0.615729098523
0.52658404772
0.551645886628
0.479890210594
0.481938470306
0.506043944993
0.488713484745
0.504051707745
0.572146319512
0.508413946591
0.576363906005
0.609404833695
0.55513344588
0.47544659541
0.457880941517
0.477238048782
0.576293051599
0.478071392238
0.420742738585
0.490299169998
0.556375975272
0.567698624365
0.481231049974
0.483300211728
0.414592940421
0.423857269673
0.374275416865
0.36740410887
0.336735883751
0.356680920337
0.43030449741
0.434574356676
0.385516694541
0.415830079812
0.351412423219
0.400207709768
0.459434171282
0.448485318998
0.477405594953
0.44242414695
0.430100035521
0.437521309617
0.419721945604
0.587739953967
