0.826404509047
0.753326249823
0.736437319096
0.729424629545
0.711795405961
0.726215644912
0.653029953684
0.594863737873
0.580028109537
0.592622845335
0.555335538295
0.62021476736
0.558137541539
0.561259501346
0.589692041351
0.610121624129
0.632793919447
0.600313630131
0.579072872733
0.538559861095
0.479483550184
0.479928040505
0.449316138751
0.417959959287
0.443744521805
0.447843626808
0.391657390245
0.397666331951
0.282860502179
0.274773419493
0.340393262591
0.293685135834
0.321595587985
0.340101477717
0.251425772832
0.143551803183
0.124299146833
0.0428631659648
0.0
0.0
0.0
0.0
0.0
0.0
0.00844908931314
0.365050603292
0.0061135908081
0.0
0.0
0.0
0.0
0.0
0.0
0.0
0.0
0.0
0.0
0.0
0.0
0.0
0.0
0.0
0.0
0.0289806540571
0.217026717593
0.0
0.0
0.0
0.0
0.0
0.0
0.0
0.0
0.0
0.0
0.0
0.0
0.0
0.0
0.0
0.0134829616682
0.183569198674
0.0158401887376
0.0
0.0
0.0
0.0
0.0
0.0
0.0184122698324
0.158097678015
0.0418150664742
0.0
0.0
0.0
0.0
0.0
0.0
0.0
0.0
