4.93809533733
5.12047348483
5.22928018203
5.42773210621
5.27713856325
5.24522152549
5.12358619148
5.24648121345
5.32330526443
5.43418196307
5.03445664723
4.7223418115
5.1539858654
5.18220577168
5.10090026143
5.39053449621
5.59679523182
5.76086494799
5.81580705097
5.36684601201
5.57386728843
5.43491663267
5.6841394095
5.78189486161
5.27650807735
5.84012933346
5.99661832797
5.75111688615
5.87457422751
5.7178434017
5.64218882843
5.96498111088
5.9462949442
5.82682734854
5.72297691449
5.59060458655
5.5737557694
5.53705932737
5.73230142715
5.67921914857
5.51391830447
5.82269800452
5.78333933012
5.3860752536
5.4899532438
5.36513630908
5.7203833623
5.11394785093
5.4206362648
5.56118875878
5.5665594162
5.68027078333
5.53025698618
5.5912109927
5.74566215939
5.5316609637
5.10699867128
5.59369479967
5.5254032765
5.7109043765
5.3072414448
5.70853344779
5.5816493021
5.44336250643
5.44291110548
5.85950194415
5.66107956224
5.55249232735
5.68654986133
5.90456898732
5.72565060546
6.0148433179
5.58365535103
5.50960531667
6.03587512174
5.96754109429
5.69416702484
5.9868178103
5.80524236067
5.79252941485
5.70973593811
5.65718345858
5.79982441092
5.73381737688
5.82621667817
5.78255438552
5.60589746125
5.72837249856
5.36883737933
5.62711209222
5.56817409385
5.76043986078
5.59259948259
5.70694430582
5.71494755046
5.69550140655
5.62437570817
5.43695045083
5.60942787525
5.56531822688
