4.64311829338
4.87878623888
4.50735810429
4.77358011431
5.08270673668
5.04895599818
4.70039273755
5.14687645949
5.28952849942
5.16391185378
4.98870833376
4.67833944218
5.0440574483
5.01307619493
4.46122941876
4.96976487155
4.93848649352
4.82034281504
4.35298101067
4.34334291542
4.56422980432
4.4789486871
4.6298948765
5.08482360984
4.58850253545
5.02491231096
4.66580385398
4.65773236017
4.93685312087
4.98328650518
5.02244584141
4.97118858682
4.81574388062
4.89839030509
4.69887201975
4.99310919675
5.27318885112
5.40274502044
5.44728277446
5.33787415314
5.00123095817
5.35432664623
4.95702061205
5.23673907198
5.48579946074
4.70810885027
4.99825293444
5.06749314549
4.85287620509
4.99024598104
4.64832724584
5.06759328946
5.30330433202
5.06041092749
5.25876748333
5.34719675247
5.56403575765
5.33273157274
5.24169981584
5.59665818116
5.29809917078
5.41510523199
5.48356467613
5.22453668551
5.25670028327
5.4948920446
5.36357976636
5.28789052844
5.50667353285
5.14281001712
5.55936164934
5.43746175471
5.26490181993
5.14384044288
4.84357172447
5.15318017591
5.4445870734
5.02931213474
5.40267121296
5.59862665567
5.27022377002
5.45724689588
5.27527999641
5.5549163189
4.83100403139
4.96160027097
5.55074749035
5.36141324613
5.24003877029
5.17416223913
5.37948001878
5.49845324102
5.53584878678
5.52477772553
5.3112739607
5.43610972298
5.55715178042
5.68746571567
5.20622240194
5.18902379645
