4.5670600104
4.41245172823
4.57671967832
4.59193648128
4.71699046195
4.35096635846
5.00399607981
4.47090224307
4.34753159325
4.90259810693
5.14932241975
5.02156750567
5.04839888035
4.99900920756
5.40216457059
5.14978530764
5.03616787128
5.1600759032
4.6872913595
4.86027499479
5.09110040712
4.9608649751
4.98953503301
5.25189805147
5.17335513218
4.70121607177
5.38648192287
5.08301350878
4.73812819533
4.85823526981
4.61624085698
4.88619728334
4.97820906603
5.06575187884
4.77295850338
4.84887981232
4.87579573454
5.07774288827
4.87199816472
4.831125838
4.80319295724
4.67119010322
4.9181164752
5.03627671612
5.03889687255
4.88070299506
4.86001690562
4.94275241356
5.00726905327
4.71537292494
4.76764809029
4.76312383313
4.65156496823
4.89901937718
4.88924058127
4.67688558847
5.03437308671
4.96097837937
4.71796726648
5.07288792847
4.7540822506
4.57691470949
5.18757882288
5.24677437976
4.72299228371
4.95516112764
4.68806387419
4.7431551595
4.22459508796
4.58347677155
4.43049417721
4.72569949657
4.84530966326
4.8918770138
4.60824887926
4.39143235943
4.64348935269
4.7306730748
4.32925060909
4.75739658069
4.44757650986
4.43961699997
4.86053623779
4.85805529861
4.50012317748
4.24674230894
4.38094070974
4.64597608404
4.34232970971
4.44430773678
4.35629394456
4.69916054621
5.08384199089
4.71342963757
4.3193027121
4.3808149252
4.32892829491
4.32924108808
4.14085142179
4.40806602803
