5.01021287992
5.0003906133
4.97239385722
4.91316538525
5.26333356173
4.7669242947
4.82555052036
4.89747650122
5.2489129507
5.44927366633
5.11197036586
4.83818813672
5.36155782798
5.541252777
5.17572202607
5.28095669524
5.58909011957
5.28810055903
5.08590560966
5.17069813612
5.34152622956
5.12225393867
5.4065767378
5.32015613194
5.48436194921
5.4111177233
5.06230950851
4.98677773519
5.5496863551
5.39085571038
5.36171550402
5.33353847641
4.97164450793
4.87887607542
5.32182878934
5.13576449883
4.96067007595
5.21044294711
4.94236285986
5.16321164189
5.14292919415
5.42381561356
5.36113060892
5.14890328985
5.54386615899
5.3000983927
5.13513060332
4.99132993608
5.31255483668
5.33784059983
5.23377800255
5.3587017676
4.73597507798
5.01020473106
5.06215745656
5.00576580462
4.90768096125
5.09688933805
4.86738681776
4.87969422097
5.06189355529
5.20864065279
4.96064136613
4.81569445831
5.089588944
5.13090952838
4.72079343379
4.84483018363
4.98396391371
4.951917547
4.76352657915
5.11353912786
4.69106501916
4.90085591121
5.26863193903
5.12948107786
4.99361736697
4.78667844275
4.90065347681
4.84763819928
5.07167547591
4.76701821872
4.78049294632
4.68378492445
4.78479129439
4.49472688425
4.79832165012
4.68782165159
4.77991527866
4.69200384194
4.95320731223
5.21524074413
4.92424006989
4.4748362953
4.83933605198
4.7304765115
4.81779191713
4.97697508275
4.64920799267
4.61251129059
