5.22646445109
5.09093290978
5.12421793201
5.08295095838
5.10104456322
5.28159503369
5.39260698959
5.42363440178
5.11048289911
5.43959195386
5.45601801574
4.98985417904
5.31715466903
4.76350014535
5.51074015533
5.40928691087
5.48369980811
5.36982843907
5.27686942082
5.32117613026
5.13948829753
5.4377019646
5.21597396631
4.93141721453
5.21227900125
5.85565629332
5.5482154561
5.35673976867
5.35312914002
5.68222487831
5.26436518785
5.57364694683
5.68049383679
5.42997030096
5.79723427939
5.72233878428
5.56824743252
5.37707577522
5.53327411806
5.63455871597
5.48667728981
5.6441821826
5.8311688795
5.44977706205
5.57087521458
5.79070080939
5.3850274754
5.29569639979
5.05623672308
5.22936846202
5.59878306665
5.37222804653
5.41368267471
5.53453851866
5.49446507604
5.24632542922
5.69488027095
5.58133168299
5.38709814085
5.55459746225
5.81070590799
5.48423118256
5.58974823361
5.36671309045
5.23130738717
5.23239722392
5.56876295329
5.13293073484
5.76588805486
5.10643748568
5.16930843669
5.59402396469
5.39728241928
5.41812982863
5.16887349025
5.24021191099
5.32931520804
5.33346724107
5.28424790185
5.45242861851
5.3884891134
5.28709709283
5.64704464411
5.05181923398
5.29715741168
5.57687573365
5.37230408646
5.55642180569
5.49228420086
5.36953954906
5.22416041546
5.12210718458
5.44013036292
5.51406423836
5.52432548249
5.18037832767
5.0988369672
5.12262530271
5.46832006088
4.60429697148
