4.75666582418
4.86667301437
4.91438408056
4.3881765921
4.83416415772
5.08667439629
4.76537940665
4.50822527451
4.71813408005
4.70555052249
4.91873313425
4.89525913374
4.5352110495
4.97870043967
4.75173752967
4.68251532547
4.67162365508
4.67447238384
4.55296243321
4.87011968945
4.81529709071
4.73931411185
4.71001295411
4.74933934074
4.70117407694
4.84768484645
4.65357781209
4.75658360205
4.61826115146
5.04909153454
4.26509374278
4.60290849915
4.65076286051
4.6848644384
4.59589979364
4.79082398415
4.8056624673
4.43865202827
4.5380495017
4.51426425221
4.97106805439
4.6712176277
4.54856542184
4.52852486042
4.70777793252
4.94801666659
4.70308378786
4.97982025797
4.8450551233
4.77041494805
4.7632995221
5.01476277228
4.36782288631
4.74861649776
4.66412019483
4.72219965669
4.57632882726
4.58169525257
4.25484742499
4.70156925419
4.84562921528
4.34820230075
4.4629702339
4.50649089993
4.41219590645
4.61118781981
4.58316767935
4.91105059429
4.42011884701
5.06363912328
4.27060554085
4.823895614
4.50968447255
4.58009790546
4.7479807662
4.62757985778
4.38645671697
4.72323722539
4.42366951708
4.71038266704
4.53815244029
4.80436459944
4.7133678583
4.71151462587
4.53298112854
4.47257134886
4.28549135602
4.05029927224
4.33102253515
4.82274836931
4.86984709834
4.55704387426
4.4270890821
4.98796605181
4.6630622869
4.39980943747
4.47582405368
4.63273299839
4.81104279279
4.90835688698
