5.09405574287
5.24424649747
4.84679412583
4.87117404846
5.05392496201
4.92005120796
4.58875958267
5.15218870089
4.9148451704
4.87016774402
5.17293954994
4.96559014465
4.7465294145
4.58109313345
4.7332727877
4.95925726041
4.69556677244
4.72732555711
4.90451539595
4.99468577125
4.90113837694
4.59042148949
4.61939859683
4.71028726054
4.5540049262
4.80620515155
4.88909762642
4.64792228017
4.39148783449
5.15645855056
4.54692798109
4.41031419467
4.90824613355
4.9324443166
4.66260722928
4.64606428957
4.75005318602
5.01702696959
4.57989776681
4.77518767678
4.72971623895
4.94817867849
5.12462153947
4.84682057162
4.73891554741
4.775568699
4.97615298538
4.81587042818
4.85318589447
4.75337826569
5.13473881018
5.09998646725
5.08681336309
4.81972287464
4.58385167537
4.88179545359
4.93899496916
5.10015824779
5.0093899071
5.46768083321
5.41976242286
4.91186330962
5.05674752323
5.47854022757
5.27067503096
5.44281101977
4.7358967655
5.02722776004
5.23547447867
5.11773176507
5.00941541133
5.17053670723
5.20157638785
5.08136828439
5.32705776227
5.34786977212
4.84659087765
4.85444583256
4.92958967376
4.80274292991
5.00528287049
5.19820928412
4.96070535031
5.2068182673
5.34958026716
5.19059879676
5.07092563558
5.39458832044
5.06018408696
5.1177656603
5.44743156699
5.23047344147
5.25609335096
5.34907210235
5.38231939972
5.16506179602
5.04250911308
5.04301300428
4.59157669616
5.15967613241
