0.811266678235
0.792599987094
0.776629097065
0.741220474957
0.739299209606
0.70504705993
0.675065042688
0.650363394029
0.649619148089
0.627734735414
0.587181937353
0.637840793778
0.611981658202
0.578047635314
0.614247266624
0.554202639606
0.590493985755
0.594036340528
0.623131278299
0.577914048569
0.543376106872
0.561530149545
0.577279003624
0.527739034775
0.513500066707
0.442638678258
0.451193652293
0.434229470453
0.484980708081
0.529524561932
0.52827087672
0.441588325351
0.501703917463
0.484603348212
0.508549278137
0.522730365899
0.510664018451
0.509120445256
0.521779680816
0.580273738908
0.575012509718
0.58347799311
0.565348241757
0.5455722969
0.525412179016
0.542993098628
0.57899892393
0.58300500632
0.593706239136
0.563656217189
0.595257120084
0.624046924584
0.602260336043
0.541448723016
0.450403721555
0.45137604472
0.482798699791
0.469538314446
0.425974764279
0.356526068041
0.36753168817
0.38003962958
0.321912775272
0.483391096573
0.422868005817
0.413691898625
0.313861143897
0.383378890032
0.468778601829
0.512387625491
0.483325353447
0.428807049578
0.404842498522
0.458429666665
0.409308982379
0.456868032297
0.395438632653
0.36755047171
0.335004867296
0.335524087995
0.301256476776
0.282808240154
0.253123054248
0.312840550291
0.362154137349
0.376205931493
0.399281622976
0.423621504517
0.36509696591
0.411383467469
0.41781569966
0.436588364994
0.437679039675
0.474502803292
0.512988857572
0.528510327858
0.495235387381
0.495100746863
0.490316839947
0.475913450728
