0.80748618849
0.773273983393
0.771824835263
0.760499587267
0.763861893309
0.737406975942
0.62395217386
0.618319647957
0.56405884415
0.603701710415
0.534774550527
0.488085519806
0.534645752145
0.555891918107
0.374427710296
0.384029655305
0.439662880767
0.372628565642
0.376657360341
0.403421188525
0.389346869336
0.417686763017
0.396805751982
0.391277466788
0.367332159606
0.34115721235
0.378615757892
0.45340386603
0.393411105689
0.350630345353
0.495868809478
0.49284098655
0.444128692753
0.516438456166
0.499511150004
0.579558186318
0.528170994056
0.543067779483
0.546773899833
0.54891055933
0.608041530975
0.554657835764
0.553096561534
0.554550376753
0.544687018963
0.527444747065
0.451911397939
0.453851065379
0.472187797437
0.46457345803
0.475367484329
0.504820136194
0.480340643684
0.43383448364
0.422165923275
0.441270528625
0.525234556647
0.515266312188
0.531072537707
0.471662495126
0.500774735722
0.458168333041
0.470777418688
0.431492165942
0.386791912411
0.411747849501
0.389528484364
0.377693035058
0.363258813594
0.503803377349
0.517165260677
0.584991295524
0.476317483376
0.410793031065
0.350370272084
0.324606270155
0.455309958505
0.357207423319
0.383718049529
0.408718144755
0.410591266246
0.40283809075
0.407252877679
0.404842820873
0.503544026114
0.438506289069
0.405829114922
0.434564899719
0.509690735713
0.488039502764
0.432523596966
0.385058867356
0.383435518448
0.403731164375
0.34853772839
0.324110831266
0.25987348099
0.2527555706
0.267629492587
0.290895302041
