0.811596689187
0.783828248502
0.755721349277
0.728558113762
0.684930058686
0.678977444452
0.700203158513
0.694873847334
0.700855149891
0.668815228312
0.674741203216
0.674599817009
0.663663888293
0.648060443447
0.610011750682
0.661077684221
0.640060966674
0.5348672315
0.515510323101
0.457206725482
0.479342085272
0.439514216118
0.51152497672
0.573785717404
0.600326296702
0.593909788336
0.625102695656
0.601988497423
0.546587420926
0.593770255452
0.645807151262
0.604157990446
0.54640123658
0.609448714522
0.609914825786
0.607895065538
0.564864480951
0.52422195237
0.586171910321
0.615916815309
0.608913306603
0.577092964211
0.56657030827
0.587683235141
0.565316028273
0.50593283792
0.546160922825
0.588340364083
0.588028750205
0.581056388626
0.587357835065
0.615703191118
0.620556402307
0.64140899573
0.594461926045
0.582500656887
0.530362113156
0.517772002435
0.50265033415
0.50588613908
0.485190275029
0.474238613835
0.437143075268
0.455322105462
0.477081978328
0.49362096979
0.526464102928
0.486422522607
0.497888187089
0.512308947333
0.539134206955
0.481955251469
0.447430047097
0.476965225949
0.453704109326
0.437897192198
0.434144569482
0.443978011779
0.38645800592
0.40360267727
0.414186787001
0.438446905201
0.430806883074
0.393282090529
0.516236778782
0.601270710917
0.490444170834
0.485053662779
0.45218434697
0.47847670237
0.513007866736
0.507352257173
0.459700120874
0.490636730809
0.512162239683
0.505479402765
0.491626104519
0.573015256418
0.569390040851
0.482292420617
