0.814072163274
0.77689697797
0.761802988891
0.72277481815
0.71056918229
0.683014875134
0.677777914863
0.66730948755
0.616474455148
0.627796813576
0.539775549456
0.476019320891
0.471652977857
0.503447478463
0.508345295283
0.468178490605
0.591007696079
0.551161036309
0.518233273274
0.531829690926
0.561634242469
0.52908736792
0.509080509755
0.480399768128
0.477500094572
0.511654029333
0.45437356043
0.482211077466
0.423053894696
0.446547387581
0.50133479991
0.421803863134
0.281160492684
0.243993301845
0.268990129396
0.24264659944
0.247074944767
0.205393371197
0.219128838504
0.248104870017
0.210909376178
0.290022961277
0.258277857716
0.319260882305
0.305526940473
0.282023940812
0.343970835088
0.337445751741
0.329239795002
0.300973209346
0.363149168644
0.280141108558
0.249706740809
0.151058745387
0.162960838944
0.186803219387
0.210037008562
0.215975623525
0.126388405782
0.214535597069
0.175032365049
0.251489931494
0.25693376211
0.203479429614
0.229117422103
0.204143042842
0.185099838822
0.198521304966
0.166063370496
0.163383172597
0.159848349137
0.144369268664
0.110059298666
0.161773301335
0.212122564175
0.27916231021
0.323607466533
0.388564217546
0.325223170009
0.315530000002
0.239078368856
0.243096795858
0.228651946054
0.256762667838
0.159331122691
0.136426241159
0.160596807796
0.18554304695
0.165023143916
0.221744468173
0.208073463324
0.194990520073
0.20674048946
0.229214965877
0.232654620088
0.216730113904
0.2118751013
0.189527977143
0.176060444481
0.161442509609
