0.809775959336
0.781475458839
0.74742900522
0.711305193199
0.622985015635
0.597568300289
0.589378459836
0.627374660593
0.541350745692
0.572493949242
0.535473697839
0.474941556995
0.480126408326
0.436324029953
0.400438340109
0.479711059382
0.470120116686
0.493750301065
0.507462435358
0.51563681195
0.47294384966
0.480086644886
0.510851989086
0.616272929236
0.518379491052
0.551298082686
0.553800132364
0.534283451833
0.518254019066
0.458460993043
0.489885702839
0.513563622018
0.53176378303
0.535338163043
0.509767908347
0.517640211056
0.522846513105
0.549538558118
0.568160500018
0.58445863532
0.540307249156
0.592402518604
0.590688737429
0.595581708212
0.58159270618
0.560873827906
0.585762151191
0.537831448506
0.521800893692
0.541824819461
0.491759345541
0.470753618705
0.502562793495
0.531451875265
0.520253732926
0.484507596469
0.533964969548
0.531126689613
0.520121996882
0.526162984377
0.514160356172
0.538526062983
0.560429450685
0.543492881551
0.566593370034
0.591005054233
0.582609134422
0.579907128969
0.552466913767
0.536735623175
0.524604947374
0.545207908108
0.503874977137
0.496201561564
0.493106209886
0.430287011032
0.403799565964
0.51047956854
0.670065458482
0.603849794122
0.561816866805
0.53678020963
0.474888949303
0.384594443657
0.407755902677
0.565316866612
0.402539041644
0.258165392342
0.268231004007
0.307427252125
0.325249696408
0.34958443683
0.338333751108
0.264601251602
0.281945792051
0.315055400096
0.272409371835
0.253268753131
0.300219514095
0.325264510699
