0.808999092498
0.760953625362
0.750138898275
0.720029071517
0.700813563576
0.67132183155
0.622339822667
0.672726110646
0.639963874765
0.639056044684
0.645001197555
0.663035479676
0.687240440909
0.599652202541
0.573590962816
0.636954523744
0.700655247636
0.698660488997
0.643851032339
0.620167876043
0.579358773001
0.580893435992
0.484386520702
0.510255465801
0.568125070499
0.539936455797
0.482215415897
0.491231031366
0.473133939261
0.488278589075
0.51580089406
0.489463245529
0.481369638836
0.354032132933
0.485902170815
0.411916722275
0.330387951348
0.297636910521
0.295995156241
0.2276389501
0.159530623843
0.210612862559
0.290279695448
0.186203789875
0.136717417017
0.101668552232
0.183214764911
0.415310941706
0.403166079872
0.339278649448
0.365256507248
0.477561997799
0.539325863615
0.402827715481
0.375350163482
0.322279222829
0.311216263527
0.384239765979
0.309453621932
0.317941577497
0.429284273504
0.467680287838
0.507736338918
0.445038524687
0.411201748872
0.416119935134
0.41443121499
0.39351191527
0.313103854462
0.419057071025
0.404251105225
0.532202552361
0.501602246159
0.466191000773
0.408192101669
0.523273736601
0.497874550521
0.474559444231
0.452444645218
0.38092255182
0.362350342735
0.337620417429
0.318732635606
0.341062044858
0.335117914849
0.351445328743
0.399475378194
0.460338995695
0.346933595001
0.311496239578
0.343095450971
0.320757582234
0.344509706748
0.378171538168
0.376552566477
0.298513078814
0.359280326847
0.408362235383
0.287831641956
0.323176278686
