0.266637051725
0.349740301491
0.443839177083
0.433320048113
0.474624636496
0.411566789549
0.48097205172
0.388971107485
0.358941587849
0.366437272231
0.395577225888
0.2622073488
0.309464053656
0.351342122708
0.433243960106
0.382262155486
0.417537422424
0.448562753014
0.52466467094
0.459717446852
0.412431146357
0.351519815676
0.436091642742
0.32298587791
0.387552758704
0.369313585791
0.379039499246
0.336014335363
0.517333426214
0.414016841184
0.395001419683
0.395914119032
0.39922964617
0.442232082865
0.372066216032
0.246043750983
0.248509060917
0.376648223136
0.342391086745
0.302112986989
0.294622764365
0.332003510758
0.273627418503
0.447088855552
0.317453155175
0.23030296721
0.224802003793
0.286562690535
0.408390735745
0.538128591607
0.574236478533
0.500973933294
0.51411894835
0.582308649393
0.45997024211
0.335693193487
0.323771233668
0.330522167767
0.417671908678
0.424649168366
0.364771107351
0.248738982348
0.22157695222
0.221031937872
0.225972468768
0.240333056302
0.247743656601
0.241736186192
0.286239716003
0.331482786883
0.35919984101
0.279437214885
0.335026715503
0.528494482224
0.363747093878
0.358309223172
0.313299720531
0.337520865909
0.331168591982
0.232609590826
0.31669184096
0.3469466389
0.308519250229
0.495483178808
0.499413023092
0.489481277926
0.604598265523
0.512994246935
0.448104494861
0.482023331817
0.410373602077
0.430281772984
0.431786988517
0.31143371474
0.228367823002
0.269801453152
0.296236754519
0.349203198807
0.43215920148
0.329321067506
