0.28434792724
0.488398285403
0.660660172153
0.587061037949
0.576144249892
0.417663315477
0.432677158877
0.404958364025
0.492559395442
0.451318835803
0.294855836094
0.317880299688
0.285890905547
0.42355766884
0.517722501381
0.417947042654
0.369000677376
0.288606672714
0.23431560466
0.308018201464
0.301846463704
0.39219208502
0.316526540649
0.259105366609
0.328949106925
0.299272612045
0.332286831755
0.38187273323
0.438568789047
0.419579277495
0.388094312136
0.360676427762
0.387422135249
0.408864045357
0.572877958661
0.583201515684
0.484894051696
0.435454830037
0.516225771892
0.340020269736
0.437222998007
0.507182567866
0.560992561707
0.436707418078
0.347430424235
0.36803108598
0.26878885723
0.248239872507
0.337237284457
0.398750608498
0.4821139419
0.428900198979
0.416103229085
0.3406158775
0.329368299321
0.333222261143
0.440100935423
0.430082708185
0.360634671715
0.375229912316
0.364173586174
0.449548438513
0.432135304636
0.370635597699
0.371252769937
0.382384638862
0.449876884398
0.335633488298
0.384218507939
0.432343742135
0.382848414995
0.316523060527
0.351519784352
0.414794822696
0.383385589622
0.422023455582
0.367476657255
0.440387176906
0.449133454452
0.478158321346
0.461385875373
0.509776275849
0.645910257195
0.519261450712
0.402969538206
0.530393503109
0.414508975689
0.531762382839
0.538287384235
0.355514559108
0.538509402106
0.532442793121
0.397635581643
0.477159091126
0.449277625194
0.426630569861
0.468952602018
0.489090847789
0.363020811497
0.319569270141
