0.814223102233
0.725027259524
0.642638047626
0.644612890261
0.644676281164
0.590214942397
0.621146450436
0.585260189818
0.561040160852
0.54229504213
0.47911997806
0.498673750537
0.589603180914
0.345636801056
0.368965794903
0.178659181977
0.140854386588
0.121586242009
0.412010381998
0.399232978861
0.361620887212
0.242697519134
0.173127918537
0.278633747985
0.178883158002
0.0310692224699
0.381747675376
0.211334730783
0.160563692781
0.163718150759
0.059506003104
0.0436118250693
0.0336221369781
0.0213394162971
0.109908990936
0.210760002291
0.0856157219522
0.105669216788
0.0863744768067
0.130915342627
0.037459608661
0.0717186012895
0.161976517123
0.167551532576
0.153519832762
0.189993221477
0.152791603171
0.202207956778
0.163470229639
0.105625170939
0.239523275388
0.247119471426
0.231124147724
0.231939891447
0.201710196247
0.189824998174
0.219452728731
0.300841307536
0.358304801638
0.422041556328
0.415736818734
0.368111267501
0.331502744905
0.306011941867
0.255026079603
0.303279888063
0.328002257356
0.297603044655
0.319802290164
0.306567458895
0.30332208768
0.311947477067
0.298820861758
0.257355092867
0.2459898917
0.265293553839
0.258201265535
0.283191754054
0.299941529878
0.305883146566
0.240678505875
0.244362080184
0.213965130505
0.291146012479
0.243771107066
0.256292431123
0.251516806962
0.239215844567
0.258088173481
0.283326746496
0.269591817047
0.251468306893
0.282512515943
0.257031443771
0.247266425351
0.303845012537
0.290818703593
0.284176358098
0.255945491842
0.231031870257
