0.817795819957
0.729701644016
0.62443956447
0.621192522121
0.58964777052
0.532643061877
0.506596769903
0.527912710776
0.485553515632
0.480245613303
0.424850528148
0.470647474861
0.422910262596
0.428564858985
0.391174373604
0.426033658998
0.434650335586
0.48327606672
0.47077200764
0.478809649813
0.401203669891
0.451386798814
0.449408148291
0.492355170634
0.441382242647
0.4486495617
0.442556054974
0.45349846216
0.458064697456
0.429254266401
0.473950428217
0.439869635913
0.414614717159
0.431931784488
0.394945002487
0.418116492072
0.459504387816
0.456757496833
0.508798584904
0.511765781576
0.406945742283
0.410045753768
0.408355911924
0.428157356598
0.39516068227
0.456416844259
0.445613852552
0.432261633197
0.421435464218
0.419529602721
0.445161798019
0.449181416171
0.46940253337
0.451132299391
0.403381878214
0.406949841395
0.416373528222
0.38437899533
0.39396661694
0.389287207222
0.391301590273
0.385309483389
0.382585242576
0.358114523756
0.390389342718
0.451661420454
0.446317806332
0.452054976063
0.450101648702
0.445560394737
0.509294133185
0.510115874192
0.449371692408
0.395679993771
0.43039836923
0.452024183242
0.4422207425
0.462361484985
0.479188792635
0.435942569827
0.465339049374
0.543283685383
0.575417147438
0.564661277387
0.567319072966
0.604017398437
0.536890651963
0.56056401373
0.566462149966
0.581712266104
0.564686356492
0.591591177748
0.649336518336
0.599886642374
0.64140497443
0.659639913984
0.652695305328
0.649451096111
0.610758165909
0.580335885141
