0.818228192167
0.719476994103
0.655908789356
0.616201985844
0.586338465843
0.566238248469
0.600063274836
0.598830463033
0.536157330206
0.530484944932
0.530651685516
0.528715394277
0.516871100621
0.516402252992
0.50862268586
0.515474303494
0.531029728514
0.527054759854
0.525405378735
0.518012583334
0.522487430567
0.527100255283
0.509554950376
0.536378411519
0.509790630272
0.497392114204
0.487449106465
0.479013130769
0.492043368711
0.502009456546
0.495999943805
0.486142621712
0.493770897671
0.504836661955
0.518623910604
0.530875899302
0.537135244163
0.530315187643
0.536057705967
0.552076381462
0.554145065333
0.543131436437
0.558742006652
0.533855765055
0.545126968751
0.542663670572
0.533612452441
0.507441230957
0.496466989985
0.509059536875
0.487516269001
0.521455119726
0.524776924502
0.536556306236
0.50449633788
0.5518438901
0.607343945395
0.566486159727
0.52805843387
0.518351606864
0.476690774905
0.503068463633
0.431757979392
0.41951392349
0.426848816923
0.463539880775
0.482269670063
0.465405143203
0.475581176156
0.46023556817
0.485365655373
0.490842006551
0.477003347437
0.49945974073
0.505680381173
0.488172701281
0.487218742715
0.449591192533
0.450165009865
0.482759613938
0.500874679798
0.501186989229
0.475198444178
0.450362911079
0.471307759015
0.490531995227
0.448453146397
0.463479728796
0.466837149205
0.451967102688
0.454113661634
0.468303678095
0.494310936459
0.472757634559
0.487217618929
0.472057910677
0.469542471109
0.463750432548
0.492865607496
0.486645300749
