0.284541185035
0.386731550061
0.504570196804
0.572730299489
0.55205028412
0.573571437077
0.569248029718
0.534059120509
0.539124612007
0.424281256079
0.374987670254
0.443331523761
0.439703375951
0.350436114789
0.445426938217
0.339688252147
0.286009699012
0.402807505779
0.349556230461
0.451879797798
0.391831121116
0.495627079961
0.450314615258
0.430649640517
0.572018681831
0.544740269632
0.545587057771
0.541049687381
0.463099057333
0.455863636192
0.521276090801
0.572972657079
0.62757571336
0.518566037249
0.458806498894
0.539972658767
0.430605453772
0.55300080825
0.508454127655
0.418680066316
0.410968740946
0.383827490696
0.346954341035
0.373608865179
0.435529421589
0.372843385357
0.427000221326
0.490837734767
0.471979082541
0.575929035448
0.518574985098
0.469375638357
0.505181880801
0.572450532393
0.515175023404
0.525544980445
0.46037985837
0.530961302883
0.425824418156
0.58848736292
0.526447733207
0.432152210483
0.435451251838
0.427255790877
0.430354787494
0.464421456266
0.433557224616
0.425860391165
0.454329534445
0.587325235949
0.510579620373
0.435591797815
0.437404959453
0.456488381994
0.424633498223
0.505209355291
0.481949800942
0.50678038748
0.466297969308
0.396651344003
0.388007629941
0.476305501171
0.461556681493
0.61384981324
0.502388058147
0.429949246792
0.454613976392
0.525825356524
0.453766435823
0.447515992807
0.469903605522
0.460115501809
0.561947972314
0.538031278069
0.528778306174
0.540965691655
0.630586176105
0.472340137636
0.428921166987
0.433415761649
