0.295529107628
0.44377532252
0.425103768231
0.420952109127
0.329269539734
0.279901379941
0.295404134688
0.360718410801
0.333070329818
0.256520732481
0.245641819254
0.415914065135
0.425843935514
0.408164974011
0.435649545285
0.391079662058
0.403662310284
0.46680409181
0.463272452389
0.481395794691
0.30160197678
0.289387317911
0.284600759167
0.291098167716
0.320365779316
0.344157463467
0.352238963608
0.31183224143
0.330062425167
0.265711083099
0.28976329699
0.307386616126
0.40909815751
0.44218337484
0.355646774204
0.306013519689
0.426350448761
0.363393070051
0.38402016402
0.379064745609
0.454748927532
0.403494691009
0.415236325028
0.321284316251
0.29850495533
0.344784374617
0.327017453918
0.351422368576
0.481931178878
0.483362043003
0.390170724553
0.336665023248
0.345023163782
0.431130357075
0.410672713777
0.366767214473
0.412476323909
0.409821609025
0.396052488067
0.331981153204
0.310376323723
0.282125373524
0.449296510846
0.505439076721
0.462884112954
0.451458662967
0.492706380938
0.406549814494
0.330774269268
0.311170357683
0.335015549252
0.397056039612
0.319248781113
0.362492613883
0.398689930032
0.337108704218
0.252887124713
0.294981005813
0.370597653642
0.30335001406
0.387632026581
0.427485539042
0.39865342376
0.455244839613
0.372978500669
0.394770825328
0.411743380134
0.474392289505
0.439922583467
0.451477649823
0.422684748855
0.412021303784
0.370238524882
0.338019670905
0.271568514977
0.24522592397
0.26126304446
0.33486665798
0.388941013226
0.409495729505
