0.293610083696
0.279574576644
0.319838064022
0.44947662369
0.435094370208
0.37043280136
0.340619693161
0.387143076974
0.331357240929
0.307554348741
0.303456693912
0.386603955957
0.348570626097
0.265866273476
0.353561512565
0.407512834961
0.319101447245
0.334271688748
0.357476931394
0.388411806938
0.353011645048
0.343606862613
0.330193833918
0.349147261837
0.355779716723
0.425952276675
0.456832434764
0.371876207784
0.384578493734
0.431513565339
0.406766967491
0.388789246711
0.392067482512
0.421708285085
0.450533428527
0.397664567253
0.382458763161
0.444441154354
0.427255929816
0.376709810371
0.352074233201
0.369058844585
0.284386410493
0.310907901412
0.347182288882
0.344839539542
0.376417808127
0.406107578721
0.456253344098
0.388411838584
0.455001375551
0.466357042551
0.409911514017
0.442376800233
0.399979802418
0.453442902485
0.393550738568
0.325522288363
0.326800272328
0.401949117441
0.40997883588
0.409914788958
0.464095340847
0.477087547955
0.465543193212
0.435543451166
0.331871509162
0.305972534616
0.340879816174
0.455463909246
0.477905745104
0.460529676406
0.37614152349
0.334149541056
0.32124860466
0.418062193929
0.424549531881
0.383230460528
0.426404387513
0.447636719967
0.403840361777
0.422007776921
0.357798907081
0.357143191596
0.333693512328
0.352743421925
0.365445991322
0.388582030227
0.333325895712
0.301145684141
0.264197628692
0.284821101564
0.336207246142
0.306616425347
0.371285621161
0.296642585692
0.298012998909
0.285780679149
0.374196088613
0.350720853402
