0.747334198643
0.898167907427
0.975676019302
0.969954318878
0.956748891233
0.98
0.98
0.921930972036
0.976929677394
0.895116613521
0.871615115237
0.98
0.98
0.978790514825
0.98
0.941554942825
0.968606107441
0.98
0.971752478192
0.942365680692
0.91248423982
0.98
0.98
0.878136813298
0.94879030698
0.870423586271
0.849484051128
0.939681434852
0.98
0.98
0.946354313706
0.976472017676
0.98
0.98
0.98
0.98
0.98
0.979708314097
0.98
0.974129792239
0.98
0.926107155902
0.806779713674
0.974386676619
0.98
0.964305502752
0.955674909034
0.957872180352
0.900673341394
0.890431004978
0.919794693303
0.517406823899
0.272624901234
0.398624901234
0.682739808045
0.792790213718
0.905340819314
0.86550058486
0.618624901234
0.98
0.916174711952
0.871549655189
0.910372702977
0.913407821607
0.873448829991
0.854311876534
0.928133466707
0.891533231211
0.98
0.98
0.954432469816
0.96381206002
0.901659224449
0.967473282151
0.949961139575
0.926389244436
0.884157249446
0.917891256264
0.843146748779
0.98
0.932000240113
0.871173707943
0.824380674706
0.839613286534
0.800015013303
0.98
0.979133184697
0.873240081949
0.98
0.962903904212
0.970169280112
0.88811013913
0.98
0.960054201553
0.976133184697
0.969388157165
0.917504598397
0.976132372234
0.98
0.956182259299
