0.814375829085
0.98
0.98
0.98
0.964874811198
0.979720537068
0.977177391051
0.98
0.939118629184
0.975386524398
0.98
0.969895468637
0.872103393708
0.9389705503
0.977164875091
0.880802396762
0.870387800334
0.894624603613
0.798807741942
0.797489766101
0.835171920711
0.98
0.98
0.96829923047
0.98
0.928777633136
0.788519776605
0.952386245378
0.923152952331
0.892351276965
0.936924762623
0.958781876951
0.971720322851
0.961685713837
0.937940486451
0.871693400258
0.939345621109
0.98
0.976411299861
0.979133184697
0.98
0.98
0.939857037782
0.915009419427
0.98
0.98
0.98
0.98
0.974014589165
0.98
0.963724002605
0.968160348081
0.971699856831
0.929087169307
0.948795411888
0.98
0.98
0.976930825205
0.98
0.971282726821
0.851749405181
0.98
0.92056927389
0.98
0.937827774071
0.98
0.98
0.935800653498
0.921940710644
0.970552890903
0.973164875091
0.98
0.972535793589
0.975717759346
0.976133184697
0.975829097104
0.98
0.98
0.98
0.96633169164
0.976929108158
0.970481347693
0.974438240095
0.976602588101
0.98
0.98
0.98
0.98
0.94564833002
0.98
0.98
0.98
0.98
0.978
0.98
0.974684354764
0.970341564757
0.98
0.98
0.98
