1.26171539044e+261
5.27312594156e+252
5.26257402441e+147
3.19801354854e+262
2.17416922095e+141
1.04668735004e+028
8.98485134484e+044
2.63761300451e+290
9.16619621362e+285
0.899088632844
515.287717688
2.79229293788e+012
0.347181026621
1.18356419801e+108
16.5969734625
4.72976948343e+017
1.57982064367
1.63026647672e+019
2.67492247476e+089
7367.03650046
0.787554893503
16959.5076687
3.83451681918e+031
3.17918298512e+034
1.38571527916e+288
1.2920542336
0.877469718254
6.25273495604
1.26546510224e+051
822413480.8
4.89277437394e+021
1.95116829819e+145
29.6400749382
9.0064878858e+012
1762.5621353
6.59352754429e+158
8.23135499305e+038
15.5752723151
0.373274909432
0.943187071106
0.850912817521
6376.39803084
28904237210.7
1.66076731528e+043
7.69003957252e+034
5.09437120656e+048
5.07706245797e+049
0.990484856723
0.414045503722
0.15347367589
2.79496573037e+021
5.64322098058e+023
0.323606141408
9.24219335447
0.496982212101
2.53428414611
2.73309672543e+284
2.26991069381e+303
144.304858248
33351340484.1
5.72674149805e+015
5.27678636918
237.12759181
12.6136854237
1.04323345708e+243
1.18680883221e+018
6.42103177877e+018
1.63316600892e+181
1.13646867123e+255
2.43766063254e+012
154057350.073
12029436.9422
5.35986887024e+018
2.33567996397e+229
9.47599925783e+053
56554.050159
3.74952513177e+033
6.90707450704
5.25415752386e+030
6.73696203315e+045
2.98384468385e+284
2.50364894349e+034
670.53951815
0.605805856117
11.6799179521
1.35102049796e+024
1.32238974093
2.5331533661
7.424194738
12.0660752189
4.21053565321e+034
1.84109373383e+054
18.0753827125
4.40290373385e+026
14.7297213289
690.403300859
7.96084998895
21.4146515038
201.201481284
288.354397263
