0.990849852004
0.959358500541
0.896676675685
0.839641769291
0.835932855386
0.790786872607
0.748949168221
0.739518966999
0.676530789155
0.700001221397
0.726629157723
0.546475183616
0.571752427807
0.491444881264
0.42477401937
0.469652934867
0.505406263975
0.310047788474
0.444276670648
0.365648872032
0.369669467831
0.126146718797
0.114059094312
0.236767880304
0.196362987775
0.251482010894
0.321676823047
0.306511819616
0.442903433441
0.464696863544
0.391078544755
0.492574832665
0.294933709743
0.311468876504
0.236526681758
0.338106154394
0.366782781623
0.260111055973
0.109456276683
0.151707605299
0.21127158632
0.326210143023
0.416471173487
0.320229694276
0.267401968831
0.256746935935
0.187175909262
0.287836526915
0.316712882051
0.301534964137
0.231508159961
0.230941061569
0.262317461843
0.265342628219
0.347136223296
0.18890182624
0.155331435924
0.133742752315
0.165434692449
0.106238917424
0.031328964566
0.0627929016674
0.119915081889
0.112381763434
0.104589949315
0.0455966946297
0.0820988933021
0.0732891528433
0.0322731739972
0.116423403298
0.134605513315
0.0836475637241
0.13738359595
0.166774721436
0.0527751058805
0.0815338184194
0.0585501963843
0.0999556386396
0.0819321684653
0.172486409086
0.134105867877
0.187792142951
0.0443330683
0.110611937572
0.13162003813
0.0873832658064
0.0804566605014
0.120396649399
0.233178659793
0.306716117338
0.415583855523
0.347925290438
0.327193104433
0.351073307619
0.240454788421
0.137363792412
0.335639918971
0.203083778518
0.120619185492
0.211274852629
