0.99094811487
0.948743716359
0.875263421784
0.872854744788
0.866076381948
0.870093167874
0.778398487038
0.635425389565
0.577582106987
0.595995797714
0.61702739938
0.643557044011
0.595659227217
0.518210317463
0.469288544538
0.487262465282
0.535894341231
0.548168746784
0.496684308912
0.419905532071
0.482881238909
0.594224340609
0.625961151002
0.703965635895
0.639224956775
0.57410668592
0.520357683766
0.535889323213
0.583993666294
0.629774760135
0.648364828963
0.63392204499
0.597504405158
0.645453782393
0.656350731336
0.559557489416
0.587168957215
0.611305865437
0.713482845627
0.719805660497
0.739963455861
0.778821119467
0.668911541359
0.744994205788
0.688850037146
0.537953841452
0.57034102098
0.613625450729
0.683650406053
0.691782578852
0.699712948105
0.729531305645
0.70448031917
0.732769191383
0.735479806493
0.781500010749
0.788249416782
0.803965013285
0.773833304668
0.807418089525
0.724638140275
0.703142410323
0.72248260029
0.735650844581
0.737652570175
0.667164777741
0.659177218565
0.6994601464
0.66483171902
0.567791668507
0.515409111926
0.534101755505
0.537001852842
0.554673472575
0.588510607233
0.545134390948
0.551396797223
0.478958568557
0.452014312
0.499186478574
0.47691629827
0.525803873589
0.519769886861
0.48572684471
0.493778289011
0.531298206893
0.525377534187
0.549631426016
0.651652137143
0.697131727941
0.666455276766
0.660627305094
0.537810857099
0.604450272411
0.656317847476
0.585544049547
0.527876291255
0.440295847704
0.53316642665
0.538852812556
