0.983448275862
0.93553006993
0.852216748768
0.863815811264
0.832921224079
0.835131151103
0.827921531029
0.817418194883
0.819872041968
0.828200015157
0.828788326214
0.815176065545
0.806845690708
0.789409328449
0.754228915939
0.743547823597
0.717109656141
0.71046174112
0.712592274971
0.686183964184
0.691481878251
0.65789988196
0.689916219819
0.654182631468
0.616912234432
0.60845523192
0.595504180863
0.63104431337
0.630826210826
0.627586206897
0.626334364027
0.614642701739
0.587392227696
0.612985542895
0.59969208314
0.584729557492
0.592717568102
0.607325265974
0.592156774311
0.603769839866
0.608243428347
0.608824319074
0.592649636647
0.570755322749
0.486556365181
0.413609620928
0.381586228229
0.365382377724
0.403002834718
0.368445193374
0.327781634457
0.311330049261
0.317344396213
0.26454077723
0.258077462592
0.241618873389
0.256214011152
0.285818191515
0.334860020173
0.377251596424
0.366714776922
0.354546767764
0.33314310415
0.324225615029
0.373130085751
0.371901477833
0.371902232247
0.374595592802
0.367195767196
0.367276614879
0.405304871374
0.409305436535
0.440607137945
0.448829679178
0.453590226412
0.437528188287
0.425074189157
0.388449738257
0.391701795012
0.375723512456
0.355547898334
0.323592499965
0.307431137496
0.254530457946
0.330541535093
0.359001692609
0.408301141542
0.371793654723
0.364654894531
0.322573648267
0.328461009642
0.309643560833
0.309350932592
0.297168764824
0.288858634235
0.276148376068
0.298173017276
0.286299671922
0.321509284505
0.383448275862
