0.979310344828
0.951559373959
0.865247700448
0.861143471951
0.848227661993
0.828743447024
0.832609029795
0.790166288333
0.807694970463
0.78595965812
0.749574517354
0.700979724936
0.683046743295
0.685348503331
0.68800334807
0.694783736825
0.683828442311
0.662024756852
0.650182303622
0.660682764791
0.637816034693
0.59707454844
0.628274134907
0.651337613562
0.640357789847
0.636781609195
0.631507903728
0.650913336982
0.634231622064
0.637148414804
0.633497536946
0.6351479657
0.634828813645
0.604592536455
0.602649363004
0.614270275192
0.64282364532
0.653530630289
0.651651719928
0.625622792023
0.616137931034
0.627406314962
0.615789588942
0.625925342091
0.623483348631
0.615701037149
0.632944016392
0.638308173972
0.647343497531
0.661065353038
0.631064199402
0.598229144036
0.598687429532
0.599538501723
0.613904518026
0.590731983215
0.605738790117
0.61537048433
0.633955124296
0.640165517241
0.652645400474
0.67234354764
0.66254799455
0.656199379675
0.675269887401
0.682513982569
0.683462741697
0.704827586207
0.684435686918
0.685221674877
0.695332658572
0.706812260536
0.714774740713
0.701115124977
0.703678329334
0.704330509593
0.704197994751
0.682196679438
0.690147783251
0.707628109413
0.716015146029
0.708708045977
0.698441912621
0.707210524149
0.683595727899
0.688888888889
0.682180611208
0.686365762065
0.667227372883
0.662698101694
0.663576118827
0.628875160903
0.566859624718
0.525417175417
0.52795107013
0.563911934511
0.53856767294
0.517289635353
0.523551935022
0.527603695002
