0.803663003663
0.749869756555
0.705855230592
0.723387112271
0.667647540542
0.604029304029
0.623060398663
0.536400149716
0.514121839596
0.555609762168
0.402600347021
0.506807204781
0.508488770784
0.50353511707
0.454689672274
0.465857648279
0.516114029576
0.523330712154
0.465064276075
0.4397577676
0.411148078095
0.37523900699
0.259673028726
0.310030436519
0.402749626855
0.374147661091
0.285281699679
0.310825365622
0.1520013968
0.00724692469321
0.0582814238042
0.0670156872216
0.0467466950715
0.0438519797646
0.0463547528439
0.0
0.121772219767
0.168112216799
0.340624733178
0.413005766887
0.292263750744
0.179001020855
0.106262295271
0.267124034114
0.298211676035
0.295599399297
0.12689889336
0.108609862399
0.0698059088916
0.0991122299172
0.0
0.0660704490445
0.0330293217334
0.0148108038634
0.0
0.0221371702821
0.072057117768
0.0783578755051
0.151428668344
0.373420574828
0.291097376691
0.311963961964
0.436991473202
0.39190815818
0.341642022309
0.201061493213
0.126708101155
0.170517123848
0.188299491464
0.149123226172
0.226268900194
0.212820907685
0.111817377116
0.212626340506
0.153183751324
0.10423793764
0.136776556777
0.109293869925
0.111023681518
0.139216697564
0.122898191425
0.112309671297
0.183961881155
0.258830595
0.254297924298
0.275655161102
0.319061219131
0.399621037003
0.454687946066
0.593408775263
0.549237651678
0.455148711886
0.253279454416
0.216575721057
0.253597211973
0.15373959374
0.134318611687
0.276055251417
0.229795450164
0.0536353197616
