0.989314996362
0.927807211299
0.885353665941
0.871123347212
0.875221639689
0.842345978449
0.816236669499
0.780186563224
0.779816253994
0.768031175599
0.76145692951
0.742027757903
0.765608120609
0.682356303758
0.68898688516
0.618420690296
0.568741409934
0.590756495472
0.660356759991
0.692061767803
0.741614135585
0.772934811232
0.680462350369
0.712085357936
0.777200501705
0.732376966437
0.707922275309
0.744102138731
0.746187110243
0.68180475273
0.678875252241
0.714648442135
0.783755057618
0.762070174915
0.697929895117
0.771378153728
0.755086828906
0.745590485445
0.77225130478
0.737965480866
0.741123834347
0.747309604803
0.73041375229
0.686792182472
0.764646934622
0.736420670383
0.741743140289
0.78709966961
0.716892030212
0.730830019852
0.691100577394
0.7033085159
0.752206978555
0.652160339046
0.655963548196
0.689461806433
0.704880486052
0.669411274871
0.611070521907
0.705536884695
0.741171255794
0.753364008809
0.766664206355
0.820282209549
0.800072385367
0.710259952392
0.757474925064
0.741781489844
0.789162423773
0.737944987422
0.800616908752
0.7399399859
0.765444222728
0.763004950713
0.762787773392
0.760766674311
0.770945417775
0.785753615672
0.729537201293
0.747450996009
0.742934625164
0.819711987699
0.734812957836
0.769263884226
0.819565979058
0.835516760265
0.831875665247
0.834077093601
0.926143954606
0.883023522616
0.887278054633
0.852470799815
0.891451780505
0.882031577517
0.848925087014
0.846747731663
0.812979033552
0.788108242091
0.840794595882
0.85383985224
