0.871962720759
1.0
0.98
0.98
0.98
0.98
0.97493978857
0.98
0.977404721634
0.98
1.0
0.965288252113
0.974440475274
0.98
0.98
0.98
0.98
0.98
0.98
0.98
0.98
0.98
0.98
0.98
0.98
0.98
1.0
0.98
0.98
0.98
0.98
0.98
0.98
0.98
0.98
0.98
0.98
0.98
0.98
0.98
0.98
0.956964538699
0.98
1.0
0.98
0.98
0.98
0.98
0.98
0.98
0.98
0.98
0.98
0.98
0.98
0.98
0.98
0.98
0.98
0.98
0.976602871599
0.967536579071
0.961532174792
0.976835590854
0.965747077138
0.98
0.98
0.98
0.98
0.976913164598
0.98
0.98
0.959019653967
0.946145018201
0.971747246625
0.970662023132
0.939856172046
0.979078162361
0.957325386635
0.98
0.98
0.977726875568
0.977886177496
0.977073144937
0.98
0.98
0.98
0.98
0.971812321242
0.979298749361
0.98
0.915912299796
0.979412021621
0.98
0.98
0.98
0.98
0.98
0.97927314818
0.98
