0.863951094475
0.98
0.98
0.98
0.98
0.98
0.98
0.98
0.98
0.98
0.98
0.937768405357
0.979620144934
0.962160143051
0.876678182076
0.98
0.936391489084
0.98
0.97943847258
0.98
0.98
0.98
0.98
0.978050178797
0.977345626864
0.91897647764
0.98
0.977452288744
0.98
0.972711967857
0.98
0.98
0.98
0.98
0.976393374978
0.948931698878
0.844241234893
0.977546672144
0.98
0.98
0.98
0.98
0.951929309486
0.98
0.971499985805
0.98
0.98
0.98
0.979425168507
0.98
0.948814297863
0.98
0.71637026381
0.932315679132
0.98
0.98
0.98
0.98
0.98
0.98
0.98
0.761552133541
0.98
0.950799909054
0.98
0.954962561245
0.98
0.902780979622
0.98
0.973954360706
0.98
0.98
0.976294938484
0.98
0.913884085509
0.896981829426
0.98
0.98
0.831560166742
0.891888939935
0.784435852791
0.964884672925
0.98
0.979853637928
0.98
0.98
0.98
0.98
0.98
0.98
0.98
1.0
0.98
0.98
0.98
0.98
0.98
0.98
0.860488203146
0.924333072179
