0.828910142202
0.98
0.98
0.98
0.98
0.98
0.98
0.98
0.98
0.921361055808
0.954920485201
0.942482511126
0.98
0.98
0.98
0.98
0.966647496584
0.931407270777
0.98
0.98
0.98
0.98
0.98
0.98
0.98
0.98
0.98
0.98
0.98
0.971400236805
0.958529322758
0.845848715601
0.88648231432
0.98
0.98
0.98
0.98
0.98
0.98
0.912196613548
0.98
0.98
0.98
0.98
0.98
0.98
0.98
0.98
0.98
0.98
0.98
0.98
0.98
0.98
0.98
0.98
0.98
0.970676913002
0.98
0.98
0.98
0.98
0.98
0.957762966064
0.964076470605
0.964491806634
0.972442609539
0.964466215933
0.974049161899
0.971742663322
0.87086891542
0.98
0.98
0.98
0.98
0.98
0.98
0.979
0.969525628927
0.98
0.932929444057
0.98
0.969408683494
0.97917153535
0.98
0.98
0.98
0.98
0.957454955622
0.96162273585
0.98
0.98
0.957905065136
0.98
0.98
0.946588719737
0.98
0.98
0.98
0.98
