0.765831056194
0.977311292075
0.98
0.98
0.98
0.98
0.838831066181
0.945240146776
0.98
0.98
0.98
0.98
0.98
0.98
0.98
0.98
0.98
0.98
0.98
0.98
0.98
0.98
0.98
0.98
0.98
0.98
0.88438751791
0.975780468796
0.98
0.975913239758
0.7225808484
0.922248128044
0.90028135848
0.684368078284
0.767262052841
0.931327722489
0.98
0.974881508997
0.959256919972
0.926955558681
0.952400294926
0.98
0.98
0.98
0.98
0.98
0.98
0.776102947693
0.967748358741
0.98
0.98
0.98
0.98
0.98
0.98
0.98
0.98
0.98
0.98
0.969534586289
0.98
0.98
0.825798510654
0.957370465198
0.970636100625
0.98
0.98
0.98
0.98
0.977939064948
0.945156885355
0.98
0.98
0.98
0.98
0.951189643099
0.924765338493
0.98
0.98
0.98
0.98
0.98
0.98
0.98
0.979376571233
0.9759162783
0.954711231904
0.793940395237
0.935218955983
0.98
0.98
0.98
0.98
0.98
0.98
0.98
0.98
0.98
0.930359823254
0.979336953848
