0.979125745241
0.914128105708
0.866202253734
0.851942849468
0.854685951078
0.837531171851
0.819685472001
0.78303864181
0.623810661609
0.642474191685
0.662114318138
0.706876808945
0.667361688252
0.682552040668
0.507737850691
0.575483243086
0.611653930863
0.621938112546
0.755680908701
0.665000833114
0.715692954789
0.733331405906
0.715102812366
0.700637231519
0.71137917659
0.685713870975
0.653725192164
0.652503718466
0.661940143893
0.627597658344
0.631013807109
0.632586387993
0.531654403861
0.587607177363
0.65287440803
0.649501863891
0.674891384394
0.61564406077
0.639489450697
0.670524121044
0.689535899125
0.640930949082
0.63593850155
0.607215273389
0.537871355643
0.545037057358
0.623048627902
0.637552212329
0.611994059119
0.598715466322
0.57528982506
0.586908739579
0.582500277285
0.642055810096
0.63627388636
0.618056770566
0.588804544341
0.670707423221
0.67791161639
0.66190817549
0.669405998131
0.645392137345
0.693270620813
0.702248512501
0.730168740098
0.728689562863
0.736394517353
0.736863340867
0.70616873486
0.700951098262
0.72369284356
0.724637340942
0.716819815491
0.677749676645
0.67923833412
0.615655241904
0.645062266581
0.644753516537
0.652507894348
0.628681442042
0.633676155531
0.65187733398
0.650058953021
0.674490356534
0.721451128792
0.728366246868
0.70673775658
0.705640648758
0.709655909671
0.650351163661
0.650390795218
0.668503798118
0.704975238866
0.694404608588
0.682773222089
0.645673176936
0.692051058666
0.694590259092
0.674923004479
0.607966547917
