0.9807310656
0.897536349009
0.84761648683
0.775934571055
0.693087797614
0.767457352562
0.787649600872
0.730502826594
0.695849066493
0.710284887045
0.746431730596
0.747639899592
0.770087209847
0.763652074832
0.773398745135
0.771910474934
0.721860042594
0.622548999904
0.603669380628
0.690252141329
0.661963534693
0.707462810218
0.650640171332
0.706639138997
0.692698677365
0.666119938324
0.62175431138
0.528809415042
0.577866065822
0.617549616543
0.614770554005
0.566948455431
0.552498597017
0.540011826878
0.533504865993
0.584602654411
0.567168806196
0.584605985023
0.587047276072
0.610321488887
0.621654840987
0.627801730526
0.681720445118
0.696362209829
0.725596561483
0.733385216347
0.710387295405
0.734359727746
0.743707006569
0.716652346097
0.730474545328
0.675442114947
0.642836874542
0.632889290228
0.6485147117
0.600670647252
0.607714167015
0.551397579232
0.631107392973
0.697030356859
0.729155122702
0.715537789916
0.625154654006
0.64065021871
0.612372716579
0.676402948363
0.67836372783
0.705771192029
0.71865297635
0.711314634057
0.701705876835
0.691834334324
0.70313864659
0.723877690239
0.713747335723
0.711790581922
0.685805489155
0.644049543352
0.619682837104
0.534962427179
0.649237792543
0.628432092499
0.717436494233
0.698642639113
0.658948468744
0.542179529179
0.627337200867
0.723035828609
0.733988180756
0.705010047194
0.749282941466
0.755605296203
0.660383149131
0.73031847912
0.775553260867
0.725292445412
0.697953992111
0.747903008288
0.716090339726
0.715310741048
