0.758375829085
0.98
0.98
0.98
0.98
0.945271393391
0.98
0.96679969456
0.98
0.98
0.98
0.98
0.98
0.98
0.98
0.944245789198
0.98
0.978320849159
0.98
0.98
0.98
0.98
0.98
0.98
0.98
0.98
0.98
0.98
0.98
0.891986886745
0.98
0.98
0.98
0.98
0.98
0.98
0.98
0.98
0.98
0.98
0.98
0.98
0.98
0.98
0.98
0.98
0.98
0.98
0.930290757311
0.98
0.98
0.98
0.98
0.98
0.98
0.98
0.98
0.98
0.98
0.979600000024
0.98
0.98
0.98
0.98
0.98
0.98
0.98
0.98
0.98
0.98
0.98
0.98
0.98
0.98
0.98
0.955600000183
0.98
0.98
0.98
0.98
0.98
0.98
0.98
0.98
0.98
0.98
0.960017361933
0.98
0.98
0.98
0.98
0.98
0.951486670297
0.98
0.974067418541
0.979708314097
0.968600000043
0.98
0.98
0.974157535277
