0.727679077536
0.971774316255
0.98
0.98
0.914500757303
0.962253741116
0.98
0.98
0.98
0.98
0.98
0.98
0.98
0.98
0.98
0.98
0.98
0.98
0.98
0.98
0.98
0.98
0.98
0.98
0.978600005915
0.911609022259
0.968232314457
0.98
0.98
0.98
0.98
0.98
0.98
0.98
0.916712954849
0.98
0.925922750717
0.98
0.98
0.977164875091
0.789249444147
0.931958007603
0.977600381405
0.98
0.98
0.98
0.98
0.98
0.98
0.98
0.98
0.98
0.98
0.98
0.98
0.98
0.98
0.98
0.98
0.98
0.98
0.98
0.98
0.98
0.98
0.98
0.98
0.98
0.98
0.98
0.98
0.98
0.98
0.98
0.98
0.98
0.98
0.959745546661
0.98
0.98
0.98
0.98
0.98
0.979133184697
0.98
0.98
0.98
0.98
0.98
0.98
0.98
0.974971657574
0.98
0.98
0.98
0.98
0.98
0.98
0.976000010437
0.98
