0.626325131461
0.98
0.98
0.98
0.98
0.98
0.98
0.98
0.98
0.98
0.961507413322
0.98
0.98
0.98
0.98
0.98
0.98
0.98
0.935526016196
0.98
0.817815950667
0.98
0.98
0.98
0.98
0.949376146078
0.98
0.973431578065
0.971699856831
0.98
0.98
0.98
0.98
0.9452
0.98
0.98
0.905080025527
0.9686
0.98
0.98
0.98
0.978800180195
0.98
0.98
0.918811417975
0.74316708713
0.98
0.923354531747
0.91707776809
0.98
0.98
0.98
0.98
0.98
0.937636290208
0.977957245059
0.98
0.98
0.98
0.98
0.98
0.98
0.98
0.952386245378
0.956774316255
0.98
0.98
0.98
0.956236747922
0.971483214829
0.98
0.98
0.98
0.98
0.98
0.98
0.971600000381
0.98
0.98
0.975320849159
0.909979932158
0.85074317176
0.825169814712
0.98
0.98
0.98
0.98
0.943432252409
0.98
0.98
0.98
0.967823986823
0.98
0.98
0.98
0.98
0.98
0.98
0.98
0.98
