0.800983735517
0.98
0.98
0.98
0.98
0.98
0.98
0.98
0.98
0.98
0.98
0.979294788836
0.98
0.98
0.98
0.98
0.98
0.98
0.98
0.98
0.98
0.98
0.98
0.98
0.98
0.98
0.9796
0.98
0.98
0.98
0.98
0.98
0.98
0.98
0.98
0.9173466049
0.966874967143
0.883789527102
0.958000001263
0.98
0.975176263063
0.98
0.978970796581
0.98
0.98
0.98
0.98
0.98
0.98
0.98
0.977000345582
0.98
0.98
0.98
0.98
0.98
0.98
0.98
0.962004049711
0.98
0.98
0.932956177199
0.98
0.98
0.98
0.98
0.98
0.98
0.926748454479
0.770325164003
0.966516751347
0.98
0.98
0.98
0.98
0.98
0.98
0.978800180195
0.944245789198
0.682406823899
0.896464615815
0.98
0.816334228641
0.536624901234
0.978811404752
0.98
0.98
0.98
0.98
0.98
0.98
0.98
0.98
0.98
0.98
0.98
0.977001205677
0.98
0.98
0.98
