0.856785875536
0.98
0.98
0.98
0.98
0.98
0.978594138076
0.98
0.98
0.98
0.98
0.98
0.98
0.98
0.98
0.98
0.98
0.98
0.98
0.98
0.98
0.98
0.98
0.98
0.98
0.98
0.98
0.98
0.98
0.98
0.98
0.98
0.98
0.98
0.98
0.98
0.98
0.98
0.98
0.98
0.98
0.968027457172
0.98
0.98
0.98
0.98
0.98
0.98
0.98
0.953068893635
0.98
0.98
0.98
0.98
0.98
0.98
0.98
0.813790834739
0.939802696531
0.98
0.928133466707
0.98
0.938825351498
0.98
0.98
0.98
0.975721772142
0.98
0.932956177199
0.729039678115
0.867725244523
0.92707776809
0.96880362181
0.98
0.98
0.98
0.98
0.98
0.98
0.98
0.970169280112
0.98
0.98
0.98
0.98
0.98
0.872173750138
0.98
0.98
0.98
0.94212665003
0.98
0.98
0.98
0.98
0.963600001748
0.98
0.98
0.979761293012
0.9716
