0.496624901234
0.979762081774
0.98
0.98
0.918800346069
0.975676019302
0.98
0.98
0.98
0.98
0.98
0.98
0.974683564857
0.98
0.98
0.98
0.98
0.98
0.98
0.98
0.98
0.98
0.98
0.98
0.98
0.94360016128
0.98
0.98
0.98
0.979600024679
0.98
0.979600254203
0.98
0.98
0.953600180358
0.98
0.98
0.98
0.938789529418
0.972676019302
0.98
0.98
0.98
0.98
0.928241969861
0.98
0.98
0.98
0.98
0.98
0.98
0.978600251465
0.98
0.98
0.98
0.98
0.98
0.98
0.98
0.98
0.98
0.98
0.98
0.98
0.98
0.98
0.98
0.98
0.98
0.98
0.98
0.98
0.98
0.98
0.98
0.98
0.98
0.98
0.98
0.98
0.98
0.98
0.98
0.98
0.965086486543
0.977600005915
0.98
0.98
0.98
0.98
0.98
0.970326267706
0.98
0.98
0.98
0.98
0.964622992998
0.98
0.98
0.98
