0.666945463689
0.98
0.98
0.98
0.98
0.98
0.98
0.98
0.98
0.98
0.930133738534
0.98
0.98
0.869600014081
0.98
0.98
0.98
0.975600023638
0.979600000745
0.98
0.98
0.98
0.98
0.98
0.98
0.971699856831
0.98
0.98
0.98
0.969486993461
0.869420123522
0.98
0.98
0.88642880851
0.98
0.98
0.98
0.978811404752
0.98
0.98
0.98
0.98
0.978282726821
0.98
0.98
0.933156455665
0.907427915844
0.868664668033
0.98
0.838133461764
0.98
0.977164875091
0.846009005837
0.967200000001
0.98
0.917716578335
0.884389375917
0.946692546684
0.98
0.98
0.98
0.98
0.98
0.98
0.98
0.98
0.966945181078
0.98
0.98
0.98
0.98
0.98
0.98
0.878428835102
0.98
0.98
0.939145189023
0.98
0.934067181841
0.856091036769
0.826490892728
0.926600000001
0.98
0.98
0.974157535277
0.921233648853
0.894268340676
0.706406823899
0.98
0.98
0.931636467763
0.807943197282
0.884042437182
0.98
0.98
0.98
0.98
0.979600056776
0.98
0.98
