0.294496128537
0.395389226725
0.445650240942
0.400394024384
0.357317304526
0.374101714602
0.358345551016
0.37471000986
0.451940358211
0.386331021876
0.404018354736
0.416363647457
0.534619831337
0.393956077394
0.400680419946
0.457399740819
0.422605583917
0.340782018412
0.426910486539
0.418327100424
0.509433483186
0.577343672758
0.575770240481
0.538481532978
0.513024198354
0.516386312823
0.535739174275
0.364616908942
0.31930760844
0.288794987267
0.249635411048
0.290868384182
0.378537835885
0.359833895606
0.499149191835
0.494232607393
0.473846803953
0.547951471416
0.612202613782
0.443065766357
0.534160780206
0.413739035201
0.42962163676
0.425520854551
0.375696242262
0.450130424074
0.285587213888
0.315904310181
0.310854655909
0.231160804807
0.309797489473
0.32145512969
0.388435640478
0.344376566347
0.41549234543
0.533614711837
0.484279499766
0.478153964127
0.536579594203
0.386083681714
0.436426687504
0.434429030771
0.379139053185
0.492731732039
0.515321526605
0.453622660484
0.445841753114
0.412663402262
0.483521455722
0.445968449082
0.4559647542
0.436527391725
0.452241768005
0.365829722753
0.504917659684
0.41578197501
0.406980364287
0.383122336584
0.510009155962
0.433801475746
0.493822108054
0.521853113758
0.439991777065
0.449161878089
0.465275939284
0.400778810047
0.514136213847
0.553460248722
0.547195782019
0.456781829398
0.457936706234
0.460092475875
0.535305144926
0.644361724102
0.479320378872
0.410985403321
0.48322133105
0.426293479023
0.42864724423
0.615278405671
