5.45581784971e+062
2.23320972446e+055
2.3230878554e+059
1.28684129965e+274
2.24980650964e+056
4.87782463278e+039
2.60616637385e+283
1.86085920035e+293
1.8192211373e+253
6.02063455725e+252
5.70718623238e+252
15.9332772382
11.8056013337
13.2234772832
0.476144039745
0.127815830594
607.652764061
2581.2971731
6949.16774473
1257.39022186
6.31366752679e+253
3.1930843749e+250
8.8097529084e+195
6.53075008839e+159
1.2221532788e+291
5.80967144917e+053
1.18581620824e+277
1.21630572801e+254
4.73276874394e+109
2.05666187414e+269
8.5691286562e+253
6.81381955608e+252
2.12898858346e+029
9.77741974476e+183
1.6272813285e+243
1.52639728849e+099
1.27847400943e+254
1.2353849396e+292
1.37806843936e+113
8.23393735207e+016
1.22220478462e+294
8.99902990519e+181
1.05859475917e+106
7.35843811327e+299
2.9108598324e+054
1.60253702385e+221
2.69661767122e+065
4.34699702231e+143
3.41941778052e+048
2.77180730499e+092
4.54317409543e+119
6.89615075442e+175
3.80571690449e+031
9.89489226766e+225
1.66773073511e+254
2.6108568986e+257
1.84530030104e+171
1.91099961068e+253
2.09522543496e+253
2.40512008285e+304
4.67221955291e+270
6.44350336613e+252
3.17616178968e+188
7.64834626119e+184
1.37732490435e+274
6.94854729778e+190
2.11932449688e+044
1.73332016076e+013
1.4477101934e+284
1.13797979101e+279
2.34861944655e+252
1.07150242731e+059
1.62332321224e+253
2.27287111565e+297
1.90571608528e+025
2.77449696737e+040
3.22010033883e+296
1.12483455605e+301
4.21383859487e+271
1.14300367195e+303
1.98030592968e+302
6.35545184844e+303
5.41115181693e+266
8.5088462264e+301
1.95225259626e+070
4.63934971291e+107
3.24667028054e+303
4.37907307966e+301
1.0460397631e+127
7.84036933162e+296
1.35472867142e+299
5.05225414486e+285
1.17516288242e+304
8.00551961596e+303
4.48558515697e+298
9.87528195011e+301
2.79189438256e+217
1.71911289639e+250
4.08946684208e+270
1.41925296859e+294
