0.754356247589
0.971092663894
0.98
0.98
0.977079485547
0.975787334422
0.977336740926
0.926132792338
0.971830720316
0.908948043582
0.835209067918
0.911045788768
0.909295141436
0.851749405181
0.691680283519
0.820664537001
0.961917235792
0.936112230139
0.98
0.974524767504
0.946335301133
0.884902973222
0.98
0.98
0.98
0.974464359611
0.98
0.977145463383
0.97900000031
0.956236747922
0.98
0.958623775453
0.98
0.98
0.98
0.98
0.957824297796
0.977164875091
0.957403579514
0.899746114443
0.979
0.978790514825
0.977596404179
0.965914647343
0.9797
0.966377288073
0.98
0.93023214441
0.98
0.98
0.918390303302
0.97400005526
0.98
0.972719936255
0.925362018412
0.868595591294
0.968624570871
0.98
0.98
0.98
0.98
0.98
0.98
0.963744332304
0.98
0.918390303302
0.98
0.969321538478
0.968800034757
0.974064321516
0.946910285515
0.98
0.951958728944
0.967491066975
0.98
0.97171279191
0.959046943018
0.98
0.972524181034
0.979126657934
0.98
0.932725655499
0.98
0.98
0.98
0.98
0.978054604704
0.919031067143
0.98
0.98
0.979
0.966474877331
0.98
0.98
0.954828056884
0.906259648499
0.98
0.95866126336
0.934473530687
0.98
