0.814375829085
0.98
0.968942033814
0.969628485158
0.98
0.979824943992
0.98
0.98
0.949187361952
0.948519952249
0.9673720677
0.947006321576
0.921787389033
0.894985327402
0.91303891643
0.978869141031
0.970133184697
0.972433240369
0.852511247215
0.923354531747
0.871888351002
0.576722903857
0.768610131701
0.566879565464
0.622624901234
0.609996182005
0.924790051328
0.98
0.98
0.971547309257
0.933942426611
0.965252711682
0.766624901234
0.896991071661
0.979242827539
0.756459745172
0.8663416867
0.98
0.979
0.878524706459
0.975744482493
0.878524706459
0.968529633381
0.972669097316
0.90239655861
0.895544449838
0.90899244529
0.98
0.98
0.960772394832
0.851788560855
0.783933880318
0.971257697759
0.967352969822
0.799486054829
0.740800917148
0.557039678115
0.796515062466
0.378409356761
0.656664193954
0.909793671211
0.98
0.98
0.98
0.959454138796
0.948958656246
0.958499859472
0.737624901234
0.976684921316
0.98
0.915636030993
0.97078323559
0.946657631571
0.789406781703
0.834822111507
0.80568806153
0.94932839489
0.828778733473
0.98
0.976072004131
0.98
0.98
0.950202779114
0.934882665756
0.98
0.98
0.98
0.98
0.978115222171
0.926839714933
0.978055158489
0.845544217648
0.8835097457
0.979
0.98
0.934283398801
0.969776656527
0.909958578533
0.98
0.972335038442
