0.98197621617
0.917693976029
0.881946828537
0.839795643501
0.812247662607
0.795565789647
0.804504732628
0.757534417826
0.750051482237
0.69571544237
0.664325865553
0.645988927898
0.561477995536
0.597272454588
0.597022822097
0.613127848932
0.677107570956
0.677381463357
0.708984767671
0.722268770523
0.726784563284
0.75484069834
0.724743496979
0.695164374909
0.679313093045
0.715376843912
0.688446560802
0.677592403426
0.697189472259
0.683185035441
0.691596049019
0.677176940934
0.625721727536
0.622481302721
0.58386611667
0.591611805742
0.61167111789
0.627021039007
0.533827430266
0.507094710802
0.526298234229
0.565694012777
0.587093935503
0.613952143818
0.588135855534
0.551525155525
0.566035891561
0.577834577561
0.584130200391
0.513170074831
0.542355833624
0.507160085547
0.519013909449
0.52149352305
0.519530047995
0.536784368547
0.527309059599
0.521413570242
0.575283294561
0.553629498225
0.54602503974
0.533992855265
0.584636931199
0.564698038274
0.595163432338
0.631915481719
0.654571628816
0.632547690002
0.594881895495
0.559975619722
0.533610009512
0.513078354588
0.57071183054
0.636100843937
0.655485238744
0.593962267349
0.670728267555
0.700073517202
0.650657627684
0.618699226715
0.624469820789
0.60539253046
0.646078364696
0.649210357838
0.712245343593
0.686588172772
0.709461913794
0.674236406271
0.679187988184
0.682846227061
0.678441551694
0.711107734226
0.677680309144
0.69657135671
0.631197175535
0.637943875118
0.615176797872
0.56227703631
0.550997476604
0.580549136886
