4.02402146295
5.03317451568
4.70434405495
4.71266689903
4.48825782313
4.0527174667
4.3455526942
4.56879856933
4.34712987678
4.33578641607
4.49942187692
4.76082407542
4.69849220818
4.65920418889
4.65276726482
4.56096424416
4.21482994859
4.16232246154
4.4069607712
4.25032714329
4.32495286439
4.69332607482
4.26307356915
3.82108482806
4.26130785247
4.52848330284
4.3761377009
4.71686125978
4.60833733742
4.72457539293
4.62428455349
4.5336264741
4.50284776828
4.90584640546
4.27695013973
4.32991376874
4.3442318306
3.941012866
3.89907360323
3.75411219278
4.20537304898
4.33704662569
4.41256573052
4.51573698126
4.19695383624
4.28665295995
4.57209366938
3.76429287077
3.89764658999
4.53609422718
4.85911384238
4.58110600195
4.21012163205
3.95017249179
4.36992527326
4.17697816016
3.80354143036
4.26747787117
4.49484558044
4.28347448279
4.34611443109
4.36483167062
4.39452064887
4.01961864214
4.3001649133
4.45542137472
5.0232407739
4.96641341018
4.67016147626
5.01766221563
4.75193297933
4.79605118575
4.95042801513
4.4007877657
4.69913931075
4.48417944257
4.7121583634
4.40433136297
4.78040241167
4.99500963502
4.56875529964
5.10780407918
4.52164228702
4.61787379309
4.7666333218
4.55069138241
4.64067504785
4.0385982178
3.975936284
4.89466994106
4.96887629875
4.75304144966
4.73440552694
4.91597098303
4.74705265121
4.64082890616
4.67709362281
4.43202050004
4.30984126991
4.46432615089
