4.29252458561
5.69645865853
5.35018244193
5.25847265395
5.12810491985
5.17158572975
4.69920419606
5.09667619601
5.10284322593
5.26329901869
4.89667022629
5.03171534268
4.84617103507
5.14924652352
4.59140009302
5.01056711523
4.55092549002
5.09590621492
5.29198112802
5.03084433113
4.90287307703
5.08309005676
5.06586389637
5.01473615141
4.7289835569
4.66386781958
4.70907657666
4.70689119782
5.00559027375
5.10269058724
5.16345531109
5.0618815714
5.06774678395
4.66903426535
5.25836074347
5.31124233386
5.19420927037
4.51270268667
4.45090651748
4.79793173273
4.62007772029
4.62834560982
5.25639157877
5.18407329867
5.37147541232
5.19115669722
5.08659682165
5.03363165346
5.01664386951
4.85988627391
5.11383249202
5.41847946448
5.34655997255
5.24511981871
5.11704504931
5.12334638262
5.31761906051
5.23891184143
4.89482754566
5.10333288636
5.01942028658
5.30801696606
5.22861205844
4.91025252819
5.10356735055
4.96974015303
4.97375230449
5.4475184193
4.97010802253
4.83352697688
5.18003303073
5.43047188192
5.13918615329
5.09508466309
5.58813067671
4.99252850837
5.28147829114
4.51054454062
5.32002647323
5.34361700967
5.28138196946
4.66730537444
5.01935002983
4.95538195881
5.59264111777
5.10283965527
5.09099880606
4.89138317062
4.54120240422
4.67185825363
4.9442405645
4.60303974946
4.94179291258
4.89989358569
4.718665722
5.22582972457
4.29047809854
4.46488638356
4.48489686755
4.24055956716
