3.92426248455
4.38916672143
4.85715529205
4.75832398637
4.56830273411
4.6346365621
4.40154553465
4.28435373481
4.04249435632
4.21894808701
4.47432782982
4.8335326551
4.61909735083
4.45960029952
4.68614493629
4.74110669651
4.69888556159
4.82530023852
4.32413874436
4.69058392456
4.49769576824
4.65423956576
4.23014914629
4.0766686672
4.46948761933
4.58934298465
4.7763560663
4.50364760091
4.02110686396
4.29743783295
4.15152741912
4.2551372186
4.39710910597
3.80296531542
3.437409667
3.71913855742
4.43517485775
4.86382895024
4.18800026994
3.96519863674
4.60548851265
4.29775776444
4.23481105919
4.71063618518
4.04665052848
4.2358762655
4.61143136663
4.52371289703
4.82688067717
5.04622240172
5.06296769856
4.66768730696
4.63173197268
4.05857821176
3.89262902606
4.77970419718
4.81220932963
4.79014508609
4.28925853524
4.63555659393
4.76642878116
4.60309953285
4.67334809543
4.34366610081
4.7520400441
4.53944676591
4.52411865608
4.34038805109
4.6376615092
4.50876152829
4.25552007234
4.96071261067
4.43609915542
4.71754365501
3.71304164402
4.66410818488
4.98038595542
4.90018148458
4.61001511536
4.56299299083
4.40499300434
5.13696449357
4.74041822323
4.45534761368
3.6840271127
4.37677368923
4.92204324156
4.38029569891
4.22381795974
4.69042642364
4.53917322681
4.34382008171
4.38209510417
4.45288701221
3.61907301578
4.25691262295
4.17072742085
4.18360272726
4.36554427184
4.29170238722
