4.2212586984
4.81265112275
4.63267833437
4.85720984684
4.65473113772
4.5688596503
4.76393200281
4.36204568364
4.87137846539
4.834763811
4.40808284955
4.50471327702
4.66325530732
4.73824313278
4.8413777818
4.59372176349
4.44293052617
4.27436649735
4.40398236123
4.32737114739
4.37393054881
4.6793589531
4.38136950517
4.52064391503
4.67212071844
4.3064673113
4.78070460961
4.65896595367
4.44100224224
4.60099170019
4.55973534614
4.73569820429
4.44184526767
3.8339522781
4.3606715279
4.16591576735
4.06087956014
4.47288773634
4.06660948822
4.60438012699
4.62836742976
4.31286489359
3.44872590634
4.54654990391
4.63577643458
4.2527282609
4.59885067154
4.70253163615
4.53134599564
4.18095703089
4.33096372847
4.71277503891
4.13181200403
4.2391805823
4.53510057415
4.78937173057
4.83617099801
4.20748988926
4.02789845544
4.19130908263
4.28889376005
4.48930410597
4.44556331015
4.31382082898
4.41048042324
4.60173428667
4.04141527591
4.52873712197
4.36125109546
4.44334901778
4.74845879771
4.63610924177
4.51369585332
4.74732347969
4.85385207522
4.45904053018
4.53591928509
4.42134111143
4.58051315241
4.7809842309
4.24037928061
4.78175251127
4.62756894327
4.43962089408
4.59014592124
4.55261700091
4.06180899096
4.13873717341
4.66529164146
4.58390636605
4.51877953163
4.34709954936
4.02034541362
3.78410874697
4.31372640323
4.57405958898
4.88340269049
4.47939180829
4.45130006339
4.94204959684
