0.00372079232916
0.165404559967
0.461623904855
0.449412161842
0.610470416305
0.732750778061
0.979085935555
0.522247790799
0.81147344646
0.976620838013
0.979947226535
0.979999033311
0.979207377214
0.979984128334
0.979999181715
0.979999987313
0.979999999803
0.97999999997
0.979977484091
0.97950093232
0.979999999648
0.979999999803
0.979999992092
0.979999999585
0.97999999982
0.98
0.98
0.98
0.98
0.979999999948
0.979999999996
0.98
0.98
0.98
0.97999999999
0.979999999999
0.979999999957
0.979999999997
0.979999999999
0.98
0.98
0.98
0.979999999997
0.98
0.98
0.979999999878
0.979999999847
0.98
0.979999999204
0.98
0.979999999995
0.979999989186
0.979999999256
0.98
0.98
0.98
0.979999999993
0.979999999999
0.98
0.98
0.98
0.98
0.98
0.98
0.98
0.98
0.98
0.98
0.98
0.98
0.98
0.98
0.98
0.979999999996
0.98
0.98
0.98
0.98
0.98
0.98
0.98
0.979999999974
0.98
0.979999999993
0.979999999998
0.98
0.98
0.98
0.98
0.98
0.98
0.98
0.98
0.98
0.98
0.98
0.98
0.98
0.98
0.979999999983
