0.00373726242267
0.165404559967
0.826521214372
0.976620838013
0.979947226535
0.966532497673
0.976239000432
0.860433653755
0.785057250599
0.933505035
0.829762030383
0.976459471224
0.979366763049
0.979999181715
0.979999845255
0.979999760579
0.979999999876
0.979999999995
0.979999999997
0.98
0.98
0.979988517159
0.979143871452
0.979951594044
0.979999248172
0.979999987313
0.971951857573
0.916698900716
0.929047129295
0.769177669736
0.93096918655
0.973978212145
0.893130562269
0.953080626236
0.97996723567
0.94641397702
0.958650383287
0.944770173891
0.979862902679
0.979999460608
0.979999429456
0.979999936587
0.979999999871
0.95227833463
0.97999999992
0.979999071585
0.979996895713
0.979822403011
0.979998801045
0.979990762812
0.975834438897
0.978664629961
0.979974819106
0.979947226535
0.978844618103
0.979693707887
0.979970003745
0.979181325708
0.978746928897
0.979990173072
0.97997566167
0.979999999834
0.979999962049
0.979999992305
0.979999999803
0.979999999992
0.98
0.98
0.98
0.98
0.979999969054
0.98
0.979999954656
0.979999997654
0.979999999911
0.979999999997
0.98
0.98
0.979999944379
0.979999999034
0.979999999953
0.979999999999
0.979999999999
0.98
0.979999999999
0.98
0.98
0.98
0.98
0.97999999895
0.979999999902
0.98
0.979999999916
0.98
0.974715598644
0.979031979834
0.979999999849
0.979999999997
0.98
0.98
