0.0037410023861
0.165404559967
0.815663012766
0.865229222999
0.946689332645
0.918160353006
0.976830484488
0.979947226535
0.979489977061
0.979999181715
0.979999987313
0.979999999803
0.979999999997
0.979999999892
0.97999996829
0.97999999985
0.979999999907
0.97999999668
0.979999999956
0.98
0.98
0.979999789433
0.979990705629
0.979999394853
0.979999994609
0.979999999834
0.979999999997
0.98
0.98
0.98
0.98
0.98
0.979999818978
0.98
0.98
0.979999999753
0.98
0.98
0.979999241912
0.98
0.979999992319
0.979999999803
0.979999999992
0.979999999999
0.969429678201
0.979186775927
0.97690543708
0.979526738978
0.979993953714
0.955871636175
0.925917322722
0.97890748264
0.979949289258
0.977490143761
0.979970344648
0.979668314325
0.979990147736
0.97999940751
0.979999886973
0.979985286814
0.979999999803
0.979999999997
0.98
0.98
0.98
0.979999999866
0.979999929546
0.979999997959
0.979999838611
0.979999999405
0.97999995943
0.979999997169
0.979999999803
0.979999997585
0.979999989174
0.98
0.97999996967
0.979999995787
0.98
0.98
0.98
0.979999998456
0.979999999965
0.979999999998
0.979999998951
0.979999990205
0.97999999812
0.98
0.98
0.98
0.98
0.98
0.98
0.979999028499
0.979999335499
0.979999996261
0.979999773092
0.979999917536
0.979999999959
0.979999823812
