1.0
0.74485306279
0.65656531392
0.609847768247
0.609845152612
1.0
0.98
0.98
0.923264224559
0.770698965005
0.242985152758
0.64930077751
0.761637978266
1.0
0.924342296133
0.98
0.98
0.98
0.98
0.98
0.960762554792
0.901520480007
0.913811741151
0.242985152758
0.609809040795
0.883703376705
0.98
0.98
0.976772425587
0.918020575587
0.643652455261
0.242985152758
0.47257650746
0.817536411184
0.673828721561
0.362985152758
0.880013413775
0.911669887561
0.556287578543
0.606985152758
0.755993074
0.776859915076
0.673874732671
0.971379851234
0.795284081603
0.977361747255
0.921796738115
0.977358955796
0.82128671828
0.885590812877
0.911035372837
0.956465448478
0.907916180488
0.970335602363
0.678153179552
0.898928502835
0.751258349897
0.848111263751
0.661915369789
0.584054468571
0.607129706178
0.242985152758
0.865962116407
0.752387130614
0.582033207435
0.920312494118
0.98
0.930211470646
0.975562717688
0.796407268014
0.98
0.960793109931
0.742811706323
0.77069907621
0.242985152758
0.744945813461
0.903143697148
0.98
0.98
0.98
0.955553358227
0.98
0.960903413989
0.98
0.98
0.915276312734
0.949021019702
0.553651197477
0.609794487006
0.870281844942
0.98
0.98
0.973972809315
0.902704107965
0.952001652233
0.954782696706
0.965919983214
0.963980493779
0.900103071201
0.98
