0.656526098455
0.877942428429
0.857693814231
0.970075144626
0.98
0.98
0.966209650078
0.953450507497
0.978185574752
0.975467202353
0.98
0.98
0.961074063836
0.98
0.955048231353
0.916881723076
0.922768944716
0.914353749894
0.904376072438
0.89269538891
0.98
0.98
0.98
0.956023176233
0.979693814694
0.98
0.978428821965
0.978251109809
0.960150511751
0.761637978266
0.419985152758
0.275985152758
0.720803466309
0.813178163062
0.892117408072
0.798785308732
0.65658455442
0.883607481557
0.98
0.98
0.98
0.98
0.98
0.907508907679
0.972257791444
0.97807397726
0.969642819804
0.913252664879
0.905243398429
0.98
0.919673435857
0.891052960542
0.975467202353
0.98
0.98
0.98
0.911962678675
0.931401474363
0.97756000576
0.856556980034
0.951802628778
0.877942428429
0.722985152758
0.528985152758
0.38548757847
0.407985152758
0.906698937429
0.908603651964
0.98
0.960540314064
0.98
0.98
0.974047339988
0.968923526468
0.962161189527
0.98
0.98
0.98
0.953319145918
0.864331154459
0.82199129442
0.973376547132
0.98
0.964245114228
0.78974737431
0.98
0.98
0.96913392524
0.977151489389
0.98
0.98
0.94038037202
0.975789365991
0.975103130182
0.98
0.937511308673
0.969836821302
0.98
0.966202602286
0.934436079962
