0.000597208289296
0.0496127588463
0.0163430057502
0.00129774096906
0.00130206833649
0.112096874798
0.180905240296
0.277076484251
0.177454635335
0.306016206644
0.295816676767
0.369199392405
0.490505365003
0.545683092074
0.54663001146
0.549126523145
0.593838445321
0.600736532884
0.63408759538
0.610562399157
0.499579546209
0.465365426976
0.416911673118
0.527316359809
0.556467752553
0.495437499716
0.487730174575
0.689916056889
0.7296416105
0.70441447829
0.762847545057
0.629969511201
0.519079617392
0.52786571155
0.530053439275
0.64889275578
0.605946524294
0.576784104002
0.560226617253
0.608429599374
0.542334457728
0.561600529209
0.609057280749
0.625905125955
0.518369583061
0.436205362298
0.367122564191
0.55113968232
0.653449501205
0.687138733352
0.602187516129
0.544799065303
0.563025383014
0.591757257346
0.540200682069
0.572105471949
0.559930727321
0.607125957556
0.629659949305
0.41577652627
0.402302156716
0.416862098577
0.380315044888
0.508962421804
0.441646608825
0.486329001365
0.562450642003
0.364238187091
0.413122299556
0.380095685569
0.495672010753
0.559022056864
0.418685508267
0.572369887341
0.518278517842
0.522244255819
0.565122083185
0.410786228516
0.205915841687
0.208913451894
0.346846049488
0.427452347926
0.540189057807
0.549486490881
0.567126589454
0.420796727949
0.471510806949
0.296895785044
0.198655983399
0.314085214869
0.47912160114
0.63100366791
0.671389541883
0.564170997979
0.592110598502
0.69010208742
0.756403331424
0.725001454987
0.692956850462
0.636163092457
