0.000635527418581
0.0502332118525
0.0165557193368
0.0680182240243
0.0464478755747
0.167277112456
0.100090276177
0.139237697614
0.174943486118
0.388483515896
0.374533161361
0.515667017005
0.651420290486
0.572435805982
0.577517295032
0.579661179041
0.501794781873
0.514904382005
0.511435613318
0.565530739619
0.469992699169
0.58477456553
0.76609840277
0.6275371899
0.621665655981
0.60532851639
0.63880782216
0.693149955587
0.770907927298
0.770852371441
0.565936603538
0.512861868406
0.33265492621
0.452723804456
0.433623980527
0.492075864822
0.631685573971
0.759872085025
0.684360388585
0.728765246742
0.730657675385
0.735152205853
0.571856534044
0.380181935144
0.436486999196
0.613838909128
0.655971140853
0.72883498726
0.646473137876
0.724119472973
0.855781395601
0.846069359284
0.714458853507
0.460380672224
0.341120703076
0.291427278055
0.398026575981
0.529528917219
0.620022167505
0.647541588129
0.587232698131
0.711720540508
0.700906735902
0.640725418608
0.407054436923
0.415118980382
0.616075813579
0.784466920778
0.730809872924
0.696003254176
0.661854539607
0.616726074521
0.418479604748
0.372189327713
0.541163139643
0.561689862488
0.474431847064
0.626116680737
0.503462899004
0.541471634843
0.587504394123
0.584724944691
0.538848008595
0.51043284522
0.411227747593
0.427673391695
0.389370492379
0.506418035574
0.589697883122
0.571807221045
0.595711575505
0.427550709745
0.372352381594
0.617138750507
0.57803728004
0.621505377162
0.586492444985
0.606336935135
0.79947952859
0.725324199436
