0.000624501637312
0.0484852594994
0.0222295356916
0.181318788952
0.264957180444
0.423166277372
0.25255770049
0.357791523754
0.397108789587
0.420540765207
0.540504017324
0.521280865073
0.514724371685
0.529321176002
0.526111376346
0.66593316428
0.718916907984
0.675616937157
0.652994523639
0.605933007587
0.445191588865
0.486744849698
0.582286474341
0.665416469152
0.661637310928
0.630763033736
0.447337712893
0.449674355382
0.518779123758
0.377704061252
0.297549626372
0.443094561164
0.446609657548
0.480400503594
0.474212156534
0.501195790763
0.456237094267
0.532950640529
0.496510807749
0.356931463194
0.540105082476
0.494202831286
0.514234945121
0.520070192289
0.569482114062
0.632768927322
0.573009099658
0.500548425536
0.56442857402
0.484000963464
0.448975094978
0.37459995648
0.643750656942
0.641130277944
0.659407779169
0.577517204054
0.52313290966
0.439742515929
0.541457838507
0.637374245131
0.76950040537
0.746080639969
0.744638578063
0.661875443219
0.583108722443
0.59696574801
0.55108443032
0.634054863441
0.534232584491
0.571823702419
0.654313848454
0.61381894847
0.610292281371
0.559378037584
0.437564118997
0.388066671154
0.35125287352
0.549689491901
0.524576496174
0.481698461521
0.368872587886
0.510708929145
0.475432466947
0.558960716462
0.657842245225
0.655865523936
0.691978811803
0.57968329435
0.548382366894
0.593281873015
0.482715141104
0.530192403264
0.297493129565
0.453872195417
0.392197368509
0.451812442133
0.51005061676
0.480111697436
0.390364827161
0.250934088557
