1.16849221184e+266
4.4279052863e+288
4502273.68686
5.38850122116e+030
3.18007441001e+279
2.53961714143e+253
9.34929767541e+282
5.01845775731e+261
1.01137305021e+301
1.87957703663e+303
407.49381161
4.46034602076e+023
1.76889042362e+202
1.76227135446e+167
88.515309325
1.10540996437e+124
9.50623385671e+029
4.31371973974e+032
44.3089586606
8.56054398737e+302
5.5726853694e+303
2.19455611234e+302
4.77985932836e+256
27.0219174596
0.538109415054
7.61359590572e+060
3.94777325349
5.92605071107
2.94897475338e+046
9.96662535398e+252
1.10258119298e+264
2.10821335965e+240
131551637.355
0.0167534538176
4.1313673852
8.18686664102e+254
0.585708046973
2.34161338055e+227
3.60494399191e+228
1.54963200705
12.956546208
4.38826104129e+293
1.1801321114e+289
1.30439453124e+293
7.5796758908e+291
2.35962002536e+252
8.45624831428e+255
4.44994669362e+238
1.53820763806e+293
5.01508632316e+281
1.01045303242e+249
5275180104.13
1.47973528541e+020
2.07782476253e+042
2963590.83535
3.58578319996
7.73332149652e+017
30906619.0916
25.0128883336
23.2170465826
6.84712826516
49891.7806106
2.98893785194e+185
2.80066523573e+201
6.6088253092
168.897176524
19.5426387386
193.493182432
7.40394122518
4.03239444626e+016
1.32339775488
0.787737700458
1.16517961503
2.42206116821
26.2439454729
12.4160641428
0.785923461325
2.04546879754
1.9814589294e+248
2.3882958984e+102
1.53865644382
1.55827216548
2.24989374533
2.20311270428
17689445.0192
1.51069963151e+012
1.79993078503
1.06530591011
0.315517518288
0.281949269893
0.298467455341
0.280719768666
0.456822403899
0.516364879677
0.930631223556
0.972429657486
0.913402404994
0.953908096857
0.857085378471
1.44766857836
