2.35646304748e+188
7.98782506778e+273
2.49120836157e+271
1.36127844854e+057
4.89256892154e+304
1.20064171676e+163
2.06239394644e+162
3.51404404848e+302
5.40872350724e+252
1.16056842979e+162
1.4335166036e+045
2.55672537263e+213
2.61383980064e+102
1.64348456553e+031
1490.75459627
4.95890161027e+250
8.90052745184e+283
4.84781832754e+269
6.74150741444e+124
7.99359807927e+119
326.614889856
4066.87425363
131147351934.0
29.538733148
11085194.498
2879.73732154
156.52917538
12.9052332354
7.88964695803
15.1418495628
9.48478528554
9.57302308047
9.42139374201
4.83543708159e+013
19119.1427931
7.65538645595e+036
3.43506859263
8.98572160751e+055
5.5323440824e+013
2101.83174021
6.75651860838e+062
7.95175957881e+014
866187755629.0
3.875332983e+284
3.3997164988
217779270.711
207.407314136
44.0868429704
13.5873027862
270.924861568
106174.964934
0.512168577558
5.3198384008e+201
36.3115469946
43.1085302497
59.4494050199
25.5462360955
2.04176657788e+241
1.09387882305e+110
132.223373632
816.796883594
1.03452654305
2.04541284664e+023
1.38876002659e+021
1.24701666692
2.0523813366
0.109393831226
0.0240749178877
0.45272788663
0.481362582765
0.0
0.0
0.0
0.0
0.0
0.0
0.0
0.0
0.0
0.0
0.0
0.0
0.0
0.0
0.0
0.0
0.0
0.0
0.0
0.0
0.0
0.0
0.0
0.0
0.0
0.0
0.0
0.0
0.0
0.0
