6.66239166561e+303
1.14151380053e+119
28.0395797949
482.348551154
3.54887128497e+113
6.90184469933e+027
1.2673346475e+033
9.85550936167e+174
1.55788599397e+242
2.98133363486e+034
31.7903371064
12.6556417537
98.2847297368
31898.0433533
5729.23410405
2.72846966312e+074
11088.1080145
1025045.37696
66.4771033704
1.62891792728e+034
6.65355676736e+016
10878349.2908
23.5067116994
1.11029283339
1.62439971726
5.57877615231
9.79352583535
4.84289043448
11.25522956
1.23703578439
1.25768500643
5.19039399198
3.86254010829
3.45125399817
11.5387011103
9.56157520849
161.251939292
2.20138511246
25.0541765807
8.52436144094
4.19992745856e+031
2.63040971172e+012
16.1251305152
388.445077402
29861913209.8
5.5676939699e+056
5236809.15836
3.12553998416e+033
2.08525673976e+014
1.16015654908
28.0649159563
0.966818379166
181.967017192
1.12986263101
1.05200151217
9.61486548222
0.340102031184
0.0538061456391
2.54308353587
1.83843161636
1.61681500176
1.16178676149
4.48088733655e-008
0.0
0.0
0.0
0.0
0.0
0.0
0.0
0.0
0.0
0.0
0.0
0.0
0.0
0.0
0.0
0.0
0.0
0.0
0.0
0.0
0.0
0.0
0.0
0.0
0.0
0.0
0.0
0.0
0.0
0.0
0.0
0.0
0.0
0.0
0.0
0.0
0.0
