0.300677950236
0.569281778084
0.54345341072
0.497648806643
0.454662422169
0.399418261723
0.399993818195
0.380013801019
0.445007629073
0.43952349724
0.448738175869
0.40222067549
0.363138413447
0.430750176578
0.452491691756
0.427009680488
0.398422524953
0.35654350976
0.418622113621
0.362770585814
0.345623603829
0.275194689221
0.271056407734
0.279614853368
0.290927249779
0.219216132297
0.39840545384
0.364018640668
0.369784357914
0.352899629993
0.271360296877
0.3301937584
0.45103123964
0.316866843632
0.393030099686
0.491316463566
0.465806358996
0.384357776536
0.412072213439
0.407334379934
0.388937485568
0.321695695596
0.342650028497
0.349835987952
0.410412191931
0.465844715975
0.266409027265
0.359067465949
0.308671573972
0.424902666331
0.342247964458
0.372417301521
0.271017999135
0.371375810908
0.45394344474
0.453240443519
0.436405175841
0.281208927055
0.305610996708
0.275796854644
0.233907328559
0.318859312515
0.508378875271
0.596813937735
0.484717902151
0.416468740673
0.481351053312
0.345667253731
0.46074989554
0.419512411936
0.313393278498
0.333421240798
0.377832578055
0.577987844904
0.473309819818
0.395802482176
0.462345889288
0.404194794436
0.419897910744
0.341142441999
0.432695053718
0.588518129909
0.473360313072
0.455497102759
0.431897099129
0.382807886046
0.356690595564
0.329350927356
0.475507046966
0.415887325535
0.227900075075
0.257239714384
0.44062974701
0.410722146281
0.462371789378
0.391340396131
0.390525558349
0.434945022221
0.476487496576
0.412247683923
