0.273032611538
0.509130736329
0.576229148894
0.523738459489
0.470397645248
0.393646194624
0.384756284846
0.456837278901
0.547286595818
0.414905599337
0.547887681177
0.426187666804
0.394137157702
0.522036812241
0.514453358645
0.342388613347
0.522634601029
0.401183773061
0.421981325549
0.462556214982
0.331290576291
0.566000934554
0.459138946253
0.352135537088
0.354000969178
0.326734930301
0.402060222424
0.395660557879
0.503327933272
0.460077731153
0.372415760407
0.387574666684
0.350392686381
0.401122542044
0.448073009701
0.462624416538
0.532227592627
0.396489806164
0.397974032966
0.464339391655
0.391431967866
0.311591317761
0.29452595198
0.226785702876
0.229391065362
0.277671348289
0.322888757941
0.345097024953
0.226819828841
0.465896729559
0.539587550099
0.564472685218
0.549363758874
0.444735449564
0.503122257678
0.553515808466
0.576577379123
0.558933727048
0.455983174655
0.482403245574
0.570326873552
0.480189717988
0.568087013415
0.564937668237
0.448126602549
0.426822376935
0.500058105008
0.56087705659
0.494805328527
0.51908899218
0.501783644679
0.567166618131
0.554553535294
0.517578123162
0.583827841023
0.57619639195
0.542689762839
0.525557654763
0.405244931449
0.421761123109
0.494588327648
0.369388813207
0.510031387411
0.436975017239
0.320003307053
0.481948456803
0.473261500248
0.513690143698
0.486769851086
0.63296872112
0.500169737922
0.560122643358
0.488348841548
0.573985318412
0.570690988157
0.587354796099
0.557581534347
0.543210870181
0.538766173625
0.52128890302
