0.809477788002
0.780320327672
0.743618046578
0.716881882071
0.716507752958
0.665478125436
0.620052373173
0.636972446844
0.618711122867
0.557394668349
0.573555859628
0.503524722723
0.442154164451
0.419925088815
0.402995897196
0.431509200264
0.35284522215
0.368112333565
0.286077835942
0.341205429482
0.307241817015
0.131692384135
0.112614592763
0.111949808987
0.0972944014077
0.0489892098181
0.0426530856177
0.115196760932
0.0648608546298
0.144246657298
0.0541570959155
0.0346099763882
0.0738123819767
0.249109269224
0.295716006401
0.415958417898
0.41517173096
0.341441084101
0.496195286393
0.507841338877
0.477121543277
0.554247322364
0.468389605996
0.47106883413
0.393093404162
0.334956224568
0.306869628525
0.446730600935
0.579308963434
0.580815814936
0.615920010676
0.518031923984
0.478572531235
0.447403779676
0.47074182453
0.4946516975
0.490527768441
0.532800475479
0.557439432174
0.524687175337
0.447206874003
0.429498413613
0.470021790478
0.487963454552
0.484180092277
0.463660647191
0.472808979205
0.546207151473
0.589210280169
0.557354450608
0.466098868217
0.516481436588
0.624979035298
0.541452757814
0.554788342217
0.438850001794
0.364126165667
0.266778677507
0.306062912399
0.377335082573
0.357261767434
0.376318598699
0.312970046185
0.221698497523
0.210373273103
0.313298565999
0.198607420336
0.114829400552
0.0410102434653
0.039015726143
0.0336219517302
0.0474752650382
0.0416696826517
0.0153667339213
0.0579670631416
0.0367691249127
0.0419077850682
0.0781777598541
0.0346042640755
0.332990789805
