0.805543324687
0.98
0.893600321788
0.905087733178
0.98
0.977164875091
0.941342524204
0.934876235058
0.840406823899
0.942325602543
0.98
0.977365506444
0.979181225484
0.98
0.98
0.98
0.934584676044
0.922831221529
0.687386118609
0.725624901234
0.921650660259
0.896700741392
0.98
0.98
0.98
0.98
0.979614732568
0.96737775573
0.98
0.98
0.971600000006
0.98
0.968940893954
0.98
0.98
0.971699856831
0.979133184697
0.845177548349
0.771778733473
0.98
0.98
0.92874019808
0.976042494114
0.850215426466
0.622406823899
0.750494893375
0.91707776809
0.894441734034
0.876880999117
0.839101371043
0.790858522316
0.98
0.914087065235
0.86239856906
0.86628818099
0.899333864457
0.890823383135
0.98
0.918811663977
0.98
0.98
0.945800002538
0.98
0.98
0.98
0.98
0.98
0.98
0.98
0.98
0.96384096727
0.98
0.972655611329
0.937798831166
0.98
0.98
0.972282594193
0.979600385347
0.900145189023
0.98
0.98
0.979600634537
0.849104004269
0.978094215471
0.98
0.98
0.98
0.98
0.98
0.98
0.98
0.98
0.968940893954
0.964388330045
0.98
0.978811404752
0.903400206766
0.95800000002
0.957625009432
0.98
