0.79977262446
0.98
0.98
0.98
0.98
0.964438188254
0.98
0.916238040698
0.971886810368
0.921005671871
0.98
0.98
0.976000001196
0.98
0.974067418541
0.98
0.977042494114
0.98
0.98
0.956236747922
0.968164190548
0.940706526737
0.978053117381
0.868708608288
0.98
0.98
0.98
0.917314401845
0.936342342731
0.98
0.98
0.98
0.98
0.98
0.9608
0.98
0.98
0.98
0.977277583407
0.98
0.98
0.976000000162
0.968696529428
0.977164875091
0.817369703355
0.977224033361
0.98
0.952208239424
0.98
0.98
0.98
0.98
0.98
0.98
0.943914159096
0.98
0.98
0.970837496967
0.954017361933
0.98
0.979603597242
0.98
0.98
0.98
0.98
0.976642191486
0.98
0.98
0.98
0.98
0.98
0.98
0.98
0.98
0.928142152188
0.98
0.93527837372
0.827619185323
0.98
0.98
0.98
0.98
0.98
0.98
0.974708307948
0.98
0.976527846597
0.98
0.98
0.98
0.98
0.883953739571
0.979605862446
0.977554408702
0.98
0.782742006793
0.98
0.98
0.979708314097
0.94254320636
