0.878981361596
0.98
0.979739411857
0.941725094069
0.829133380201
0.92353358566
0.892481529635
0.98
0.98
0.95771603787
0.954813187534
0.98
0.935000011672
0.968797764319
0.98
0.98
0.971335364776
0.927606981886
0.979375064175
0.98
0.956236747922
0.98
0.98
0.885493196887
0.98
0.98
0.98
0.98
0.98
0.98
0.979765935216
0.834781517357
0.974157535277
0.970169280112
0.926180108653
0.98
0.979603597242
0.856657106954
0.975320849159
0.98
0.98
0.977270903916
0.974600000954
0.98
0.98
0.9488
0.98
0.98
0.98
0.98
0.98
0.98
0.934689060386
0.98
0.906101663502
0.98
0.98
0.98
0.967823986823
0.98
0.98
0.98
0.977734370253
0.98
0.98
0.975636225075
0.979391543098
0.926004288804
0.98
0.98
0.98
0.977506401816
0.961638171658
0.98
0.978765700237
0.971603054709
0.946603242039
0.98
0.943816131154
0.98
0.98
0.98
0.98
0.959381993956
0.878524706459
0.98
0.98
0.98
0.98
0.98
0.968453776032
0.977320849159
0.940107945691
0.953606687812
0.98
0.98
0.98
0.911600411419
0.861053727913
0.959454138796
