0.00370614011358
0.165404559967
0.430740216688
0.0981446413602
0.0685241123883
0.160156619176
0.566402735256
0.623679508432
0.826521214372
0.976620838013
0.978747471414
0.979937273791
0.979979930029
0.979999896518
0.9799999875
0.979999870364
0.979999999999
0.979999999801
0.979999940419
0.979999308367
0.979999885077
0.979999987929
0.978675006751
0.979127610132
0.979981527209
0.979994762844
0.979999996049
0.979999999803
0.979999928792
0.979999998249
0.98
0.98
0.979999341713
0.930940545817
0.977540141211
0.979981958535
0.979999181715
0.97994955998
0.979999999803
0.979989673752
0.979999451766
0.98
0.98
0.98
0.97999797542
0.979995995141
0.979999999221
0.979999999767
0.979985535833
0.979999689595
0.979999999888
0.98
0.979999999998
0.979999348297
0.979999995297
0.98
0.98
0.979999999998
0.98
0.979988021777
0.979999309315
0.979999018901
0.979999460692
0.97999999354
0.926441924273
0.979197299499
0.979721094751
0.979920568966
0.97995440037
0.98
0.979999997365
0.979999999868
0.979999999997
0.98
0.98
0.979999997663
0.98
0.98
0.98
0.98
0.98
0.98
0.98
0.98
0.979963149313
0.98
0.98
0.979999948531
0.98
0.979999999679
0.978936646167
0.979599959494
0.979999971505
0.979994812692
0.98
0.979999999809
0.979999999902
0.979999999954
0.979999999997
0.98
