0.00369522565214
0.165404559967
0.430740216688
0.00336937228749
0.00385314427245
0.164087450832
0.504605343015
0.77300916208
0.970594304558
0.979363216787
0.977809973962
0.979807051264
0.979995396199
0.979999966176
0.979405604081
0.979997956634
0.97999999818
0.979975351809
0.979995714458
0.979199989683
0.979989425726
0.971939312336
0.977695887676
0.979599998022
0.979999436846
0.979999992146
0.979999994769
0.98
0.98
0.98
0.98
0.9799636022
0.979985143386
0.979999999999
0.979999999861
0.979999999983
0.979994221537
0.979999999856
0.95208411187
0.964999092874
0.974371242708
0.964396477967
0.979840038083
0.979991048505
0.979099534049
0.979999652521
0.979999999989
0.979999999995
0.979999998319
0.979999999996
0.98
0.979999999997
0.979999999999
0.98
0.98
0.98
0.98
0.98
0.98
0.98
0.98
0.98
0.979999675163
0.979999920973
0.979999999986
0.98
0.98
0.98
0.98
0.98
0.98
0.98
0.98
0.98
0.9788
0.98
0.98
0.98
0.976
0.98
0.979995119296
0.98
0.979999999961
0.979999999803
0.979999999998
0.98
0.98
0.98
0.98
0.98
0.98
0.979997174586
0.98
0.979999990221
0.98
0.98
0.98
0.98
0.98
0.98
