0.00363627332149
0.158705821166
0.430740216688
0.166751691364
0.791031635235
0.976221289416
0.973253029247
0.978666824331
0.979989509586
0.979988155588
0.979999606318
0.979321087671
0.979999995607
0.98
0.98
0.979999999986
0.979999819126
0.979999803653
0.98
0.979999998419
0.979999996405
0.97959999407
0.920000043628
0.979999999831
0.979999999866
0.97967302061
0.979993858078
0.979999980708
0.979999951534
0.98
0.98
0.98
0.97999999999
0.979999999999
0.98
0.98
0.979304027571
0.979244971386
0.98
0.979998084009
0.97999946989
0.979999997459
0.979999999492
0.979999999999
0.98
0.979999999997
0.979999999997
0.98
0.979987341328
0.979599998473
0.98
0.98
0.979999940273
0.979999892329
0.975199989897
0.978868069401
0.979974206329
0.979995867103
0.979999997432
0.97999999988
0.979999999999
0.98
0.98
0.98
0.98
0.98
0.98
0.98
0.98
0.98
0.98
0.98
0.979999999997
0.98
0.98
0.98
0.98
0.98
0.98
0.98
0.98
0.98
0.98
0.98
0.979999999989
0.98
0.979999999999
0.98
0.98
0.98
0.98
0.98
0.98
0.98
0.98
0.98
0.98
0.98
0.98
0.98
