7.88023620017e+299
1.33498858404e+075
6.3101700497e+301
3.03249470369e+090
2.28558358188e+120
2.36400531693e+152
4.77440591233e+174
3.71897314237e+207
3.19656749268e+040
8.77854375028e+271
4.0268393427e+295
2.41141241461e+293
2.70356146416e+287
2.15956898381e+253
5.31626548763e+285
2.32429870433e+124
23.6419929591
1.09436909915
3.6875046735
4.22156403012
13.9622911936
8.93437448879
7.80351325862
3.25095047832e+013
2.24267751004e+025
4.5418167583
0.138434946083
0.0414645337268
1.16324019741
0.00481271889264
0.39315668062
11.4384670037
5.37951311588
0.0333987672522
2164483616.23
15.0381923221
0.00203642637973
2.09753178305e+032
2.88621588368e+070
25.2048813246
3.64658343702
8.24885972209
4.22082652402e+020
22.7561548597
1.84807255778e+071
46.2997057433
88.0983407976
110.951066525
139.919827436
122.697180946
81.7493549915
129.096184369
57.2370555426
5.53362457751e+057
0.000722291237945
13.0981900261
1.1661788256
10.1481577201
0.355278919422
0.565928754666
2.03632630933e+021
61.6930416436
62.4244672675
6.59772667935
9.43080047826
842128.14877
4.84072638308e+013
4.06775237678e+021
110.61991622
187.584266154
229.12946601
258.695525306
160.509903929
70.0826263071
25.5027937179
0.0331034949033
20.9131524457
8.43552961125
8.36375685827e+015
11.8188343639
0.455004979579
22.9260480295
42.3727724439
17.1565863482
0.665981220008
13.9393442928
2.30346687699
2.57009470272
2.10141623186
2.88422930408
60512652163.0
5.03146093354e+015
3.26820173988e+013
2.61385119872
15.4830108777
35.8451416638
51.7880073732
18.843969053
44.0315518287
18.5445698167
