5.38620553054e+277
6.8186749643e+173
969897.628515
1.33855967941e+012
5.30870651108e+174
3.35878694969e+203
1.29274676139e+064
3.03802313268e+133
1.69413437215e+054
2.26017231866e+252
5.85125216963e+027
945728.030778
3.969273706e+124
6.13958475617e+228
8.05627132571e+053
1.89831716066e+055
8.47668616308e+036
2.10452734663e+028
2.71641543172e+018
9.6407117785e+216
86508.3097681
78375503620.9
4.49209847495e+175
3.6240215726e+024
2016226584.94
2.68321178816e+022
4.33127381322e+024
1.70189590326e+024
5.68799854094e+018
5.0057405303e+043
6.44259715721e+044
3.44549914008e+020
5.65148435067e+030
6.51532810239e+050
7.93242030679e+052
3.29193943993e+028
4.73323817285e+029
2.81947069001e+033
9.12656474623e+048
9.95176857364e+061
1.05251478163e+063
1.80131715236e+019
3.83259189439e+032
4.50822455706e+034
4.43412600327e+031
1.55316803993e+064
4.53548910267e+052
9.37217218516e+021
1.89451845559e+286
2.61947429973e+277
4.01848178193e+104
3.54932162955e+208
8.46784226424e+134
3.9125145161e+088
1.92272773663e+219
1.01620799306e+263
5.52686390009e+254
7.93502365248e+256
1.75372580139e+295
5.04298407638e+304
3.3142582575e+059
1.79535617577e+071
2.91680573443e+123
2.95046760779e+075
4.21911514296e+076
1.18773026574e+029
2.7902117728e+186
3.5090852161e+213
1.45895861567e+270
3.45100116055e+280
7.58305860427e+248
1.49430929384e+094
2.41350322622e+127
5.49679449563e+302
1.57880626179e+027
2.46555124667e+290
1.15673306923e+226
5.61444472674e+158
6.00618904179e+214
8.96187878904e+261
4.92583706915e+025
2.14324962837e+175
3.20125723482e+300
1.49454021621e+191
1.73003646736e+170
4.92008171192e+197
1.34089393451e+172
1.17969387529e+272
8.28350101038e+183
5.38641886017e+029
0.0128461928547
0.0
0.0
0.0
0.0
0.0184682931395
7155569.05357
7.63793066436e+301
53.3095514695
102.386925352
