0.757228583422
0.935682362487
0.98
0.98
0.923045322035
0.964013603649
0.98
0.975389588494
0.747649523627
0.874361398032
0.353976186447
0.579766046207
0.889830255453
0.975467202353
0.98
0.928502631735
0.98
0.969827101584
0.841246172692
0.860711607487
0.774697856195
0.242985152758
0.784530172739
0.973197367786
0.788254272774
0.817849219547
0.98
0.974481325954
0.663547466136
0.558139547443
0.814009295435
0.98
0.97576725587
0.946337971717
0.96280728229
0.970287893071
0.663558990898
0.744964211181
0.848697485517
0.98
0.98
0.976323806456
0.98
0.98
0.98
0.922290343448
0.98
0.979706975526
0.875997797195
0.964961125578
0.98
0.955262954806
0.94518072544
0.960535145293
0.972758884214
0.97785530119
0.98
0.979652449714
0.977600029693
0.970930209364
0.932468924861
0.970247919106
0.828861492949
0.819639092031
0.811722236892
0.977276188713
0.916562708839
0.891009373259
0.825360278912
0.857323441967
0.98
0.974882547169
0.945128566255
0.979368816619
0.98
0.973432929784
0.918036926884
0.98
0.98
0.932470081429
0.98
0.90684773987
0.98
0.98
0.98
0.98
0.943476352669
0.98
0.98
0.94783830246
0.947187996826
0.9733718369
0.973983352002
0.89341775067
0.885573688084
0.965086559849
0.971209741797
0.968572278904
0.973724097036
0.945935766641
