0.782915993925
0.858009265241
0.98
0.98
0.98
0.905337627568
0.958908222964
0.68947950045
0.744961648398
0.831124990261
0.98
0.98
0.883383224624
0.954886031134
0.955159234285
0.94902673353
0.843858145159
0.98
0.98
0.98
0.954915473509
0.978602565185
0.956845121216
0.477416779914
0.327985152758
0.687985152758
0.744964616307
0.832262344905
0.98
0.921603261396
0.961004008946
0.98
0.970429717918
0.948661599156
0.902267783117
1.0
0.801057286299
0.968695595981
0.977749575949
0.943998200446
0.637515344697
0.784472236688
0.744955519459
0.888515449117
0.98
0.97622094889
0.975288240239
0.964391705631
0.98
0.925568313359
0.98
0.972101704952
0.978792305704
0.969418197067
0.977197800646
0.858009265241
0.968836710282
0.979964938306
0.736057286299
0.242985152758
0.242985152758
1.0
0.824496295164
0.98
0.952760618371
0.922290343448
0.957552565863
0.98
0.769039121839
0.242985152758
0.413481545472
0.967104864581
0.975210412379
0.973831716088
0.887614886189
0.719851133175
0.98
0.956021454051
0.896830443239
0.771830689011
0.890416851829
0.856556980034
0.913239939548
0.961051548762
0.96662024088
0.978788394271
0.850998467308
0.929361523303
0.978493706795
0.835262491567
0.98
0.98
0.97707872893
0.98
0.969942958752
0.954230024465
0.82606674817
0.881609386591
0.98
0.955985732249
