0.736818518869
0.98
0.968495222079
0.908076407251
0.98
0.98
0.971172391464
0.962336747202
0.970971537885
0.931973447983
0.98
0.98
0.960501394032
0.98
0.98
0.979627450105
0.98
0.98
0.917184215332
0.969761563612
0.907481429275
0.731582472186
0.977556776069
0.98
0.979798767797
0.967763751164
0.973012792035
0.741903180921
0.828194813515
0.98
0.96152822757
0.944713937666
0.973128351456
0.951877473832
0.919525095059
0.828138087857
0.978930507557
0.68129369037
0.774160185613
0.98
0.952672637664
0.979754121402
0.98
0.896230903257
0.97791779681
0.827353843648
0.656581616305
0.866781065002
0.98
0.98
0.972245114228
0.90968708215
0.945464168609
0.974917858524
0.601077721627
0.609545552748
0.870182999095
0.978262031452
0.98
0.964139194668
0.98
0.94902673353
0.868640021666
0.908854297547
0.87004450682
0.966327896278
0.972151489389
0.860705098758
0.919716005612
0.933985024888
0.978311746218
0.72046178756
0.847487975699
0.950367936196
1.0
0.978429629309
0.97076725587
0.971652986965
0.943127625488
0.813178163062
0.851530361545
0.98
0.98
0.98
0.98
0.971138702179
0.973726520915
0.824519967256
0.858505028195
0.484565775369
0.632364306169
0.822498559746
0.880752198115
0.817310724195
0.950729264764
0.8150012849
0.979704716855
0.95775614985
0.969044528027
0.978819783452
