4.08452873558e+270
6.11582534621e+188
55.3128808213
1.10398333497e+015
2.42497971249e+062
6.56617344295e+079
4.730839949e+040
2.61505396933e+069
2.08847989364e+095
1.35161359593e+040
1581.665982
435.963424929
359.490796923
597.970537989
282.191979163
0.420125015533
1.34075655896
0.690641076129
4.59531489806e+258
10.1550734631
0.541834461705
2.15145809577
72.1463717435
0.832582882728
117.011041999
29.824304441
0.574665012876
11.6807927137
2.26830204969
3.82869784104
0.914765352982
2.52740736512
2.76364258463
4.59834263729
10.8054838232
3.41680709494
0.659564741906
1.24338992348
0.896442222486
2.51057251114
1.72981364162
5.67051138918
1.3247022285
1.36762387705
4.38512087919
1.62379590717
1.60195437648
9.22978463722
0.822424042212
0.715057758294
1.33771831379
1.52680235295
12.4340568953
26.0364808912
59.9007637622
114.319160764
174.177760281
13.8899211431
3.94607381606
0.810090144373
0.619305809937
0.688265454183
1.54005686909
0.84491402142
0.69765231354
3.16995736698
0.788981162635
0.869227045031
0.809287822348
0.669796995828
2.68126706832
0.339324544926
0.943214597834
0.380494651471
0.534195866102
0.528160093435
0.839148244842
1.05139493611
0.297076635326
0.36390670152
0.650702160354
1.04465751001
1.12327127334
14.7095713783
0.246354602769
0.53350454503
0.69861152543
0.157050812735
0.267029905776
0.324179389887
1.87914322935
0.162870954735
3.46839966123
0.16063788238
0.108227126039
0.079359225946
0.0927623630398
0.26642347688
0.74023544072
0.0969972713892
