1.75908370889e+259
5.15958975019e+039
890.343831325
88458776744.2
2.63173616238e+191
6.68015580088e+056
6.99970398368
3.09555229096e+029
159981.623142
1.5437828692e+013
21.5983260993
580727735404.0
284.59114672
963530.847955
2.44037599562e+021
112287933030.0
4.64780912692
5.91620749836
23.5984855656
3.1058507628
4.82884855851
8.34603914728
2.44981890759
6.23223624893
8.90469991014
421.128508076
10.7585788421
13.0339940685
11.8441449043
2.06987480809
13.2890087201
42.1956022157
2.129145545
1.87958397232
0.664054532501
2.99684941654
1.59805103607
2.97837884744
133.195873418
3.03801794799
21.9023451615
4.32230922173
0.842403791226
0.591502150188
1.43478073133
6.0108161733e+014
5.47047959174e+024
5.52303873204e+140
0.54949334617
0.721818681402
0.48414515421
1.01206208977
2.11810578345
1.48103096551
1.99936439053
0.830035209715
1.62745232402e+018
0.838349538311
1.56485771073
0.463955257329
0.353620480841
0.393755903086
0.580944584748
0.610174832336
1.96634596156
0.209457115167
0.446750716772
93.7022169879
3.02852372512
0.318108495634
0.597377324463
2126.16255681
974.160110746
73196848334.0
497076312.702
1.10556871812e+022
359243361770.0
5.72114676867e+031
3.78936250454e+013
6.10198698542e+017
1.98675940539e+023
3.92752613334e+116
7.76569843146e+016
8678.2018742
6.09619150822e+019
9.4926380595e+031
108.796640237
27.3148096758
2.31339004123e+303
20.1308929765
66.9958885367
6.20275446674e+191
42.3152757805
25.5581242712
54.834442965
16.1360886607
1243006.83037
17.3331303981
76.5370884869
8.26999157924
