0.813781544743
0.792357354937
0.756652827028
0.771152500792
0.773610786604
0.764052430014
0.73069536988
0.674278265937
0.712150617667
0.721740787059
0.714678616621
0.655058146993
0.621095968955
0.682177343339
0.678842342202
0.686977976987
0.687157957989
0.69421279458
0.699153331672
0.682221686344
0.685086996581
0.655828166186
0.682306035331
0.696184092992
0.674120915993
0.659013363267
0.649521719557
0.623435161418
0.621892464888
0.612090988937
0.621011041442
0.641683779707
0.620363452042
0.644758707787
0.603607570551
0.607318514658
0.620407012051
0.583613742724
0.518387412391
0.518324139855
0.558378894624
0.539655595402
0.530347475829
0.571950842365
0.576167103645
0.611193143039
0.618102663177
0.609890685194
0.598606964354
0.526884777572
0.582821754478
0.448045811861
0.40986757509
0.485018960003
0.420788559201
0.416490213893
0.406041046483
0.549534833327
0.480811087197
0.461922949671
0.420699981466
0.321009657229
0.36882711481
0.342952019415
0.323909027216
0.317710542832
0.301848315732
0.29041121159
0.385419865908
0.280979779841
0.250998013491
0.220212736543
0.213357776471
0.254532112182
0.240328267144
0.387650141016
0.402217785565
0.353538447361
0.235731538149
0.211689462388
0.116520817926
0.132238265738
0.252914372106
0.280237274427
0.138020161676
0.0
0.0
0.0
0.0
0.0
0.0
0.0
0.0723442437511
0.138707361351
0.0
0.0
0.0
0.0
0.0
0.0
