0.809422200437
0.768464757193
0.777664622724
0.78951096823
0.787884765746
0.758908430932
0.765536424924
0.75176211308
0.759845961802
0.777552103568
0.769363456855
0.759629806427
0.781928336567
0.781006554856
0.785376161426
0.758379839233
0.765794969905
0.795824858945
0.805190703949
0.772477298968
0.778415153088
0.778005461125
0.794852757615
0.766504427584
0.746307623878
0.717914413641
0.680891689629
0.722243605204
0.726670860619
0.749148361324
0.744121796684
0.722888196807
0.696230169085
0.689831391695
0.681589116235
0.66040401949
0.652897452994
0.641848916209
0.641891151612
0.629094817695
0.614247005832
0.614993293611
0.618570538699
0.596796376843
0.62393785288
0.56648808003
0.536025966686
0.521481156773
0.50982004984
0.531896294283
0.522954506262
0.508411623928
0.569727134136
0.538669266401
0.516230224343
0.500736124812
0.526113986053
0.555835553559
0.560680605185
0.481895293216
0.549388788271
0.535830783172
0.550943466767
0.530747266829
0.538656113184
0.555643249665
0.448993986965
0.511531625367
0.427683393396
0.430023138556
0.429542998894
0.400775845586
0.446232265287
0.434620799737
0.463280221801
0.467757216708
0.440376083438
0.318458093945
0.359698172076
0.20394496399
0.30679707242
0.314909959495
0.395526122284
0.409292318926
0.427890087809
0.490939233239
0.448708522297
0.45260438466
0.386488965745
0.39473553596
0.413871568494
0.406369491767
0.427030313631
0.371112552088
0.374714091151
0.366140369005
0.384695483531
0.418281401966
0.369335987362
0.349792031669
