0.809627324268
0.758124338343
0.746879608324
0.748153938744
0.743140205159
0.705953844283
0.66773231431
0.69319934361
0.703215675615
0.700169909486
0.731737606668
0.740626574947
0.759617569874
0.76593904768
0.746719590547
0.763641614981
0.76544245459
0.74880487952
0.734464136692
0.718276894126
0.700604252414
0.710226355574
0.725982437928
0.734377222829
0.714353966104
0.677472311004
0.68170555716
0.702674331702
0.715622630108
0.727347500887
0.716842693448
0.675664351896
0.670662149484
0.698181239348
0.693602435828
0.689206067144
0.676109923126
0.649215965598
0.689307968907
0.701556730616
0.7343629179
0.690680297344
0.6774681811
0.706451912457
0.651520385781
0.63301766107
0.585916361701
0.581151903175
0.5737870993
0.600467810938
0.584679243477
0.573308172556
0.618833555048
0.602107177519
0.589300169907
0.611288367122
0.600950914476
0.535121685245
0.576910898552
0.553643837206
0.586884858674
0.568221150678
0.423039583231
0.478119372738
0.522904871464
0.467305651727
0.468241219114
0.476983464667
0.444731498484
0.455884022865
0.429054482428
0.434485413657
0.452255610999
0.474160507257
0.4312282898
0.484755378061
0.511350673117
0.535467713547
0.401565931511
0.372990027456
0.371539598615
0.412308825586
0.485333008538
0.351782288922
0.336336527074
0.419042723612
0.398713413169
0.430422938916
0.341752507374
0.431443262111
0.333790460696
0.493445601935
0.536512107763
0.436966049373
0.453243066115
0.550851448467
0.381716805868
0.328341903472
0.288674314074
0.279410270536
