0.808692837574
0.784913156959
0.762277644432
0.749816546246
0.752231076711
0.73317984368
0.76074597153
0.756337274862
0.768955185065
0.762124732557
0.756515899127
0.773779277905
0.779031924089
0.793101378729
0.790881573525
0.777324042688
0.783249408347
0.774601186604
0.753741097357
0.763216535508
0.783867962672
0.766418600833
0.692030368797
0.608351524055
0.565527442647
0.537779268149
0.513642349245
0.596570873236
0.618885945782
0.643306901133
0.637133932964
0.623892195985
0.628000695134
0.610134239158
0.419734746922
0.508926516628
0.570968176344
0.57644978084
0.523995040038
0.54981429964
0.562534695292
0.614440629898
0.596418217442
0.539085119622
0.557917186013
0.552203051979
0.476861668974
0.413446808594
0.472901235922
0.469864256414
0.530765691839
0.539722553588
0.502811172679
0.539241297557
0.483395053528
0.444457288119
0.409718510395
0.375770519766
0.367513001525
0.385190106831
0.359097185727
0.37072348437
0.347567730934
0.356686414447
0.345913372789
0.321259469906
0.342526193144
0.341590615866
0.334289073254
0.354895554796
0.35533481482
0.359722993139
0.399235766559
0.327117983497
0.320683894259
0.256088352021
0.211098713962
0.253349624294
0.260090937724
0.296273918686
0.355132675933
0.32267984887
0.303155008353
0.283206204878
0.255680650753
0.244047900489
0.246426822337
0.27714154618
0.265818784284
0.206012148034
0.188909268272
0.231658076569
0.291555945702
0.406014720758
0.351282422162
0.268536012913
0.327871870497
0.344135022697
0.402770903778
0.370044720938
