0.809009791881
0.791280334152
0.783601350972
0.781327449381
0.763674291446
0.750080234588
0.765674891552
0.738559116254
0.739026727305
0.732212059855
0.709027851223
0.687149274984
0.71459103425
0.729177642486
0.752591038578
0.749371903847
0.753077527999
0.720502469537
0.687365226029
0.66270510448
0.65830744361
0.652724015289
0.657922966307
0.654856776515
0.663111519968
0.662662685901
0.639219495694
0.659875105226
0.69876572027
0.671859584546
0.639423411372
0.6175498376
0.579517060714
0.542760807879
0.647069303843
0.629200224737
0.638673290863
0.587276226785
0.526316224698
0.557076200214
0.563805170315
0.557807718256
0.51975995903
0.582079508813
0.521391262281
0.509384319273
0.52093576848
0.534187010478
0.500295036122
0.463232780608
0.434578081462
0.523309246122
0.56865690183
0.600804652647
0.522202894474
0.538336667091
0.509115426175
0.48852662095
0.438654119183
0.418614172851
0.491453398056
0.557250271457
0.51232105489
0.553233626603
0.557424661057
0.580944440658
0.577579927527
0.563027171519
0.551635367687
0.528681228569
0.579234000562
0.495562318309
0.496378440383
0.527647793435
0.480118095568
0.370941325825
0.353586111915
0.423992590928
0.299709090714
0.285923689144
0.295846995485
0.293727472091
0.304913667596
0.298926577523
0.345681851379
0.381213520025
0.32975103978
0.465342499675
0.442563983087
0.33219735809
0.363410368742
0.456209633258
0.536750974495
0.564147614987
0.609906760896
0.601760143871
0.578669032887
0.587808072775
0.531042988137
0.498280191147
