0.811683147855
0.782914092253
0.76316469246
0.731994063851
0.728889675785
0.718596418588
0.715829548284
0.729552693492
0.728810245606
0.732138874388
0.683677041375
0.65518966382
0.625481919759
0.657689578991
0.634046035478
0.608945435914
0.602866000156
0.591662419901
0.558518384532
0.545498727146
0.591032610927
0.616458322815
0.588753173161
0.597829476062
0.663311036969
0.730484597057
0.738972294985
0.739964521168
0.737435646038
0.735256493901
0.72272185659
0.712867079375
0.697947844601
0.631009279076
0.648216302663
0.671657792462
0.628349260691
0.672199430275
0.650513884655
0.690723200337
0.694426107517
0.685604553938
0.696949312724
0.692772280322
0.713301587007
0.66762691734
0.715391104205
0.698599844214
0.608830856258
0.597173379522
0.571989548263
0.547195111519
0.591569545952
0.608556683657
0.633788487885
0.585282064472
0.591070603569
0.584097352677
0.60125956567
0.591778932776
0.58130967226
0.526674153315
0.566265557249
0.543488428536
0.585526594596
0.569437023295
0.553938374733
0.519844019908
0.528001251312
0.556650857693
0.544825242649
0.587660395679
0.618530420813
0.55150847095
0.619356226895
0.599587147661
0.598625781681
0.606664109583
0.565350222709
0.561259787165
0.581806437642
0.566507019086
0.563616249869
0.635761712864
0.615781197004
0.625619704861
0.594131360052
0.591437483309
0.557408111117
0.495973031523
0.483868732677
0.448550926423
0.511000128764
0.525783061136
0.525948203078
0.517761327163
0.570649141192
0.626890779181
0.545358295396
0.600744853785
