0.803334173487
0.733781332878
0.669065424658
0.646948399308
0.592485313323
0.612455781876
0.625521746067
0.588042029703
0.631036212933
0.600022654712
0.488029128671
0.459968937008
0.546935294679
0.517215188482
0.339010813425
0.363265334547
0.353602725137
0.243927366155
0.143831484911
0.214892240779
0.309283849595
0.342672878267
0.284144105686
0.247950789983
0.238799911531
0.156182503293
0.236635986324
0.307912761192
0.271672280071
0.298896252142
0.38831388983
0.401273795096
0.3961694303
0.33042779553
0.274189538658
0.29368316077
0.261002195736
0.264027038747
0.182419034881
0.241608550593
0.252213764391
0.192100810841
0.304612072557
0.344375321908
0.399412279608
0.383947613943
0.428142856605
0.410317107774
0.294661697947
0.383527303659
0.422223817631
0.457127959299
0.510384048768
0.482377984498
0.464434485115
0.416777229949
0.4928524756
0.489277066528
0.502507034569
0.508801947462
0.548646764989
0.579317882321
0.620621957853
0.58731567644
0.596451234094
0.532399183282
0.547172927228
0.573644618917
0.572364689846
0.516442007973
0.574515182105
0.566730976193
0.515826845734
0.536466318277
0.506434543212
0.503293309853
0.545177064009
0.504260669956
0.454114819143
0.469386368571
0.405041397984
0.502609221608
0.510633887749
0.48819383599
0.417882185921
0.395592798129
0.3910800471
0.440516857292
0.403964254039
0.394532670544
0.359464579065
0.381612500785
0.41530918038
0.427155935055
0.33617070428
0.377413227352
0.418011615078
0.333017653379
0.396682615448
0.441076198641
