0.807066648708
0.771740813832
0.752482313853
0.744038459184
0.709006015794
0.703828992927
0.73186589446
0.660827946451
0.675298494603
0.678570082735
0.656097731263
0.647502384818
0.696002373639
0.698728337581
0.67214336164
0.635615937707
0.586087619922
0.633807857815
0.603333186796
0.631858721524
0.667765535104
0.667999963454
0.640071597584
0.648249886156
0.59545267582
0.566982517921
0.620324636019
0.58005230068
0.577203046372
0.582856226256
0.617441256158
0.639200037131
0.667519655699
0.666031995804
0.670362647489
0.67624135446
0.6689629884
0.615869133884
0.622962218214
0.60582047794
0.621319787097
0.604472325703
0.596715623469
0.588413402518
0.581229389039
0.577898494378
0.544205648304
0.603236559667
0.632509037469
0.639685314402
0.671349255365
0.659871626876
0.657549016586
0.633988723685
0.62907389391
0.662434570602
0.666002525324
0.653184222722
0.659579224026
0.662553395511
0.680231935762
0.681972689698
0.665774154203
0.655439499156
0.580888027317
0.520681692942
0.594772332432
0.599833124915
0.580923171425
0.570614313104
0.549030597455
0.489811130696
0.445550715793
0.514605553551
0.54299748132
0.560439656108
0.589559121835
0.554877102238
0.554244938566
0.552025297202
0.565390584658
0.573232051188
0.514535202377
0.505436208298
0.517949657946
0.489696813845
0.422288299419
0.346775935465
0.407412000751
0.421933915427
0.424829141494
0.435762917705
0.431896711748
0.439140890457
0.466539111038
0.464673815692
0.524937597401
0.559181178377
0.540043515329
0.556425493785
