7.57837236365e+252
1.77319372665e+211
7.02537470572e+252
1.72181065713e+261
1.06253931863e+013
1.80569793536e+129
473992.378238
12740709214.8
8.33157010922e+252
7.3536463339e+252
1.72223773964e+253
7.84024097171e+292
12.273695862
1.61152249013e+253
2.50998893975e+253
15.0963374182
24.6644819031
11.0355967971
1318.56674503
0.652105039765
427.431947946
0.938813704666
0.895693364584
40.300811357
0.96953739735
95.7062915762
2.21456055604
28.4735556733
166.076693431
71.7009077787
10.6578789221
0.74989667012
1.89980487279e+026
3.61251350905e+021
7.10426965937e+019
0.784334021951
17.4986490086
10.102371538
4.74406321712e+263
7.85088445953e+287
1.86380885071e+027
3.43314650195e+069
0.608402749107
5.79134749284
2.23721097521
1.52966702042
1.28960600951e+015
9.1791379804e+189
4708.36531665
9181.3211789
28055800170.8
0.857133341314
0.957909571019
0.8814398941
0.876963602375
5.18203202928
2292.15003595
0.850525547805
1.86837024611e+235
8969.13441466
71.0241788727
4.74706157999e+015
1.92673869359e+017
1.32007595423e+223
3.25045459927e+021
9.30833795866e+197
1.41259783216
6.16517645689e+186
4.93321321053e+231
4.6962597543e+263
2.01131062031e+252
7.78601234768e+277
1.70814576777e+249
2.09354084634e+240
1.46471719063e+297
4.0744666026e+276
8.02848904443e+301
9.16940342001e+280
4.70434035196e+234
3.59073332575e+264
4.94480907251e+253
1.0971903555
0.0937487116015
0.0532316975878
0.0900558638482
0.105539566371
0.0860202364007
0.0233639656549
1.14785421998
0.409891022547
0.142761773339
0.112448084012
0.074869581305
1.34980644251
0.0348719511383
0.0293368652523
0.546998804382
0.0739922416813
0.0244239243875
0.0646974882419
