0.810267355126
0.759944772361
0.733313939002
0.711131636535
0.620151731745
0.683738540254
0.685834258042
0.659640404658
0.626956503711
0.679056019985
0.683565447408
0.674439350715
0.671192918012
0.688407906975
0.660300485535
0.653101998665
0.649847262593
0.667425620957
0.62914125231
0.598318184866
0.563483326775
0.585647820946
0.572172065591
0.612144441904
0.640831658569
0.590279108515
0.678672134281
0.654002867224
0.602464806497
0.642296396747
0.642939109809
0.637152197931
0.567613584372
0.555948763059
0.561793853505
0.550660976127
0.562085085124
0.566226012866
0.566514579171
0.600265996771
0.585853571234
0.573717239401
0.548219467728
0.552098481804
0.533706439186
0.533112223343
0.444077824371
0.495899798681
0.46087561547
0.408785882029
0.481231422681
0.558883725052
0.597171651374
0.590367822208
0.565590578156
0.585782131193
0.560114808671
0.553921907099
0.558479928523
0.546760739348
0.504366256934
0.471901628269
0.363381060272
0.393263734372
0.310617503502
0.298325963529
0.388679302992
0.396799396848
0.499222173479
0.356633020958
0.351652476548
0.309605787945
0.24194973913
0.259939313411
0.298443516599
0.328898118897
0.341488663568
0.367563498576
0.357545987568
0.309583632266
0.222667822899
0.285901535028
0.438844185573
0.467002051145
0.457860241534
0.458480912415
0.504222499058
0.550301251974
0.526915358463
0.503674176875
0.471557822224
0.426106461162
0.413303246826
0.413736985916
0.305383812021
0.299443326139
0.242264756772
0.231202689794
0.346328576368
0.292637779093
