0.80733022789
0.773803445149
0.744004335989
0.733165495483
0.70332701043
0.708471720311
0.741975738596
0.745963059975
0.749940489701
0.721665299128
0.697928091649
0.660806541263
0.694199534445
0.671195606965
0.675023302768
0.622051129614
0.663254714609
0.665260563859
0.637679277494
0.633922036528
0.667639742061
0.716682345492
0.691877562491
0.690380186276
0.638194413235
0.645009277239
0.621536186229
0.603138009247
0.596543138015
0.606528339732
0.584214900071
0.582976642178
0.620074500098
0.544688085637
0.543126706256
0.557758605609
0.467675891222
0.470103952015
0.443016410873
0.483647715223
0.491235919618
0.336674747476
0.433828271916
0.39565337801
0.382706072
0.371591020711
0.580989690359
0.649850005856
0.65649236174
0.644955552454
0.620003786297
0.624693790817
0.512654572815
0.576749751692
0.521916686673
0.667616346386
0.697475862524
0.692452344064
0.702564070204
0.692895907996
0.697261627625
0.714293186219
0.706959350724
0.693894369425
0.568780894689
0.648589847754
0.611551104296
0.556333821573
0.611062766289
0.555097350267
0.568222421208
0.542780659878
0.607180671827
0.591450122375
0.580660365916
0.577398055847
0.600771486143
0.642952408315
0.62578676855
0.646768042972
0.632098503943
0.599804675067
0.579654344723
0.593047765565
0.598726228636
0.58867924447
0.539368536292
0.56680539037
0.544241092933
0.472750964706
0.461300426169
0.445648547557
0.435688504842
0.409591485622
0.439579772087
0.496337610987
0.411575977472
0.50837584622
0.501830358892
0.467319611898
