0.25825816114
0.34211925413
0.4628185841
0.511222918946
0.471872673063
0.413159819767
0.411959352123
0.4269380452
0.466654232188
0.435787608817
0.402437574185
0.500025368779
0.464870055997
0.358233859503
0.3920891098
0.375534865344
0.344232028511
0.290900594415
0.412940836256
0.314769649584
0.298222776253
0.313529763904
0.312143359041
0.426919199081
0.34723447732
0.365456432095
0.451042946278
0.417821732862
0.359758484306
0.405449256212
0.428675711261
0.420725501633
0.330136424549
0.423588988266
0.442703441425
0.467108672113
0.466880756616
0.562098131807
0.473283296873
0.439149655571
0.523909021202
0.434660655445
0.462308263938
0.493941475846
0.559405977733
0.556920245636
0.601795108418
0.568408600616
0.495420045641
0.500976446954
0.466215926106
0.463528619705
0.454784691889
0.353256935388
0.342499076912
0.366400844026
0.429695862673
0.406843899535
0.415078168187
0.437082551299
0.42108044721
0.372809368311
0.554213949916
0.459265023947
0.518329386485
0.499179311087
0.598648577808
0.555500258851
0.53790664079
0.593403183273
0.484247257464
0.423406606691
0.335202675697
0.560218339755
0.475598635822
0.483740692017
0.505113284466
0.488076442063
0.557668680854
0.530926938789
0.425455697026
0.530560874421
0.580637817485
0.559996071941
0.624751024158
0.500499672096
0.487409488573
0.576226818935
0.578634445967
0.585214722739
0.597931068503
0.539794674006
0.502284778621
0.459180090868
0.439565678388
0.429805299783
0.546077730684
0.537913814755
0.45002605337
0.483559061877
