0.264709895351
0.432922587818
0.532726595666
0.506855646422
0.401859218897
0.354420962318
0.351625730599
0.276316988394
0.35107861367
0.362839926401
0.312576271353
0.342827058234
0.327255296418
0.312770198761
0.2888166478
0.303357556312
0.308283837606
0.272831981708
0.373568025614
0.319868472276
0.318921685326
0.324308785389
0.286086005424
0.339182989257
0.338720415498
0.336945066474
0.439097473515
0.332850379289
0.400838656022
0.425751481064
0.420564790119
0.526630366416
0.417050906478
0.35432415699
0.4158418338
0.378365064805
0.342191010018
0.332774008255
0.427921331141
0.41862614764
0.485718295716
0.427317497156
0.330103630973
0.358390933537
0.419944108111
0.380834548193
0.519134870002
0.372459421397
0.393105786284
0.358092232325
0.368198077014
0.469847509335
0.318104946056
0.312970824014
0.306183948521
0.233671863572
0.233785378411
0.230260924077
0.255073615447
0.393429963021
0.557923007341
0.417861575434
0.494387157569
0.458739482692
0.416361020624
0.377992565436
0.327459567441
0.44992146032
0.417029666329
0.410991665999
0.299220723581
0.344214376573
0.401656962414
0.424827539045
0.48859255699
0.452355220637
0.602098706681
0.438753060976
0.531851807927
0.617738441984
0.463051691384
0.405978925233
0.525493256798
0.528310533451
0.433491111987
0.431454978404
0.508821159831
0.416419247657
0.423237439401
0.524900221617
0.564974913104
0.609793749273
0.587880241805
0.574674972567
0.404644799637
0.311764672013
0.500522383905
0.549755336352
0.477330574555
0.445982110827
