6.08863521792e+252
1.48132368677e+283
2.38990103312e+227
8.28221838956e+287
91806322.9317
6.03110557305
12.1385128911
8.2192171316
9.78966926647
16.072215711
22.1860090559
52.3188777831
34.5022254906
0.190219077406
4.42153642728e+052
4.44948318215e+242
1.81651588152
1.15371908208
0.376373452172
1.14597741654
2.05778650574
1.08064504267
2.52235217815
2.49748554229
15.2194004117
4.89267089177
2.07486887068
1.42226746431
1.37656501764
0.45957389914
24.5181968859
2.58727207033e+057
158.729918727
108.929115728
3.39488510976e+061
5.44049887711e+065
80.8693445581
91.6813019452
59.2995813172
77.4912286423
72.6289539525
89.1764487619
22.3788180521
30159.4870567
1.33318700177e+055
8.97045405933
2.18636969649
4.90679710794
10.8951213628
6.76023917014
20.0668106272
3.56257978788
7.79839382496
17.1466344907
1221988961.79
6.65878212151e+012
2.40761602517e+026
3.30579570716e+035
2.40986320939e+043
3.10200298829e+029
45.986566711
50.9727858097
13.1857625296
36.905187698
4.99654516574
117716.086648
2.58933576703
7.46526431043
14.5108484841
1.88147214506e+046
7.03134571036e+049
2.47794772032e+023
3.25898866211e+025
46971648.792
4152822.20573
1.73023370696
37.5230592511
2066653.9053
3.29343743913
2.58488113047
1.3818918098e+015
4.62360252445e+014
196.435828376
4.66494584505
4.72145330135
8731.88281155
426.753922379
51.0035005037
5.00294997888e+026
961509498.844
3.58779293841
2.34514167544e+012
3.37072558023e+041
42.2059408662
72.96224034
6.30993806287e+259
1224.61084562
2.06066525446
37.6336420161
14.2455592838
