0.800184470862
0.93524810267
0.94798777067
0.970438088163
0.98
0.931746835726
0.970601969053
0.974157535277
0.98
0.979708314097
0.909979238444
0.98
0.907386245378
0.97400004899
0.969237703706
0.961909810862
0.98
0.975787334422
0.925881366803
0.969536506573
0.851566241386
0.938672977229
0.98
0.952999189918
0.977693533377
0.942467591563
0.946092861304
0.967214182292
0.962673851667
0.966829986419
0.977253721658
0.98
0.973860877084
0.953569950276
0.954834489824
0.866783393148
0.98
0.932654037608
0.98
0.946601700272
0.98
0.969248796901
0.822053727913
0.97978798267
0.965683796113
0.98
0.954539805292
0.968940893954
0.913241969861
0.98
0.970598113248
0.968473258468
0.98
0.933869705351
0.974413733895
0.98
0.956236747922
0.953899661551
0.964172798193
0.98
0.923354531747
0.979601579417
0.968401861178
0.98
0.98
0.924570218312
0.979559181616
0.918390303302
0.977945760695
0.973513630961
0.940015755764
0.878909625285
0.890497561938
0.952133850145
0.87836058043
0.94162925351
0.98
0.979787006166
0.942213052037
0.98
0.971179130694
0.978704040926
0.975742048134
0.98
0.979600634537
0.960655824396
0.925409630378
0.947416693972
0.905910398389
0.950223001079
0.968940893954
0.896700741392
0.901356522875
0.98
0.902376852068
0.8510376726
0.833736534892
0.964316595247
0.977782896723
0.920169349654
