0.821446411771
0.923422900131
0.953123757272
0.944478930314
0.98
0.933662302271
0.944084964991
0.968340636743
0.971699856831
0.973169280112
0.977000013402
0.940929662085
0.948565340151
0.965392112884
0.978700975673
0.961000002082
0.956236747922
0.918400383502
0.967928884218
0.97977039056
0.955200552827
0.98
0.979600056776
0.93433469484
0.98
0.962146415483
0.968802240944
0.909803842735
0.968091449104
0.926464319257
0.957997255436
0.960010734034
0.929122015867
0.965165258792
0.926183402301
0.977064334605
0.979133184697
0.98
0.915593866116
0.917688772395
0.890452359692
0.974289481937
0.969850322578
0.97690361485
0.978585798504
0.974861904587
0.924914774373
0.953036668858
0.868390451741
0.888080691952
0.909389372595
0.93779754042
0.909087020639
0.951816131154
0.961785326313
0.963047623417
0.959454138796
0.968558732246
0.98
0.98
0.887239199324
0.935452091984
0.960477405913
0.98
0.977853220794
0.98
0.98
0.95879969456
0.937129358097
0.898417395585
0.870469728032
0.846841629734
0.976707017538
0.937910478734
0.932771915958
0.956868988765
0.889580368409
0.717369183012
0.979708314097
0.95343916539
0.98
0.951922179682
0.979720537068
0.945362770985
0.94060000007
0.98
0.872778117151
0.970177578678
0.965031763037
0.98
0.92344597835
0.899707008932
0.903849486446
0.958999475774
0.98
0.977063754609
0.95934577302
0.896700741392
0.975850472626
0.958669936312
