0.801648351648
0.747140847244
0.655214633951
0.462531132026
0.346436885219
0.32973973395
0.254943172206
0.1704474075
0.282027388291
0.346933570302
0.409268101449
0.344775785618
0.327741147741
0.274552577598
0.30663346317
0.260552780553
0.25927022306
0.150626322563
0.0938043570465
0.144469443248
0.053290148448
0.133064713065
0.148699420826
0.121098901099
0.140441873916
0.164280933102
0.147647775016
0.164825988047
0.141399145504
0.242373503689
0.154443773608
0.158026301374
0.182595783985
0.151609022556
0.192592753772
0.246870512607
0.151895275164
0.207135507514
0.210323646955
0.21929781754
0.252064006169
0.125841989589
0.144908424908
0.184741094854
0.0965934065934
0.216382506383
0.157747831116
0.104971696393
0.153663003663
0.176415384615
0.162271062271
0.176935286935
0.118205531848
0.109047619048
0.111074609601
0.130255855856
0.133588445125
0.169356403582
0.166903897469
0.054595144132
0.11098744123
0.0780364549628
0.140686238465
0.218801111514
0.201111111111
0.142623919466
0.148464868465
0.118608058608
0.16688977689
0.0497826895722
0.0592307692308
0.0991781657887
0.0414407814408
0.156495726496
0.108290701112
0.0247619047619
0.0310034316561
0.0104413782203
0.0146115288221
0.0587547658375
0.0528053084895
0.125302644724
0.0694268694269
0.079579109937
0.0997802197802
0.12180696127
0.0360882976672
0.0626034830666
0.130396658312
0.0450787832367
0.146922051613
0.203144474743
0.10499131196
0.116852579623
0.173944425165
0.209165499624
0.224486895561
0.159856196435
0.0871402180876
0.32771783677
