0.225379331253
0.246593423873
0.264521941121
0.297725398209
0.329019250821
0.297127270348
0.409092558818
0.51748715315
0.591297589775
0.578156365447
0.660256794028
0.532671484739
0.528789696886
0.525026568052
0.518243908896
0.587197708817
0.574110987518
0.506230260117
0.457010005506
0.538646647464
0.556174323623
0.520373346373
0.513813467806
0.431462505769
0.43749171743
0.500337322233
0.512086578552
0.441370475391
0.465527848003
0.408632375103
0.411571583824
0.495433057658
0.442894440963
0.498934815964
0.527642597052
0.530291756268
0.588902768378
0.535233435424
0.505911643656
0.445994631014
0.476820607924
0.595387209389
0.58320555332
0.607121226614
0.56784085153
0.458544677682
0.413848394154
0.445870788976
0.501925152883
0.549067759819
0.614175277451
0.451135794375
0.502164608699
0.598046188864
0.61674694339
0.508210795366
0.366322343171
0.438224598906
0.434925752857
0.483052641636
0.437863550858
0.431744023895
0.248462629918
0.44717470921
0.362536485722
0.279937104973
0.380052701607
0.667355000088
0.582501783723
0.670090256451
0.591743643272
0.554482565373
0.653145705325
0.644754275533
0.609412619171
0.654525719245
0.592835689103
0.546306412721
0.552526310119
0.661728212548
0.548017902952
0.458566766204
0.523920288249
0.509720333296
0.599730411765
0.478716768536
0.596553375878
0.594094194075
0.596068590976
0.591498136841
0.651385166757
0.511143139422
0.533463843687
0.554836135634
0.520630599876
0.472407479924
0.552174669052
0.516762263314
0.58576625059
0.480806162139
