0.980338564464
0.934671247897
0.905422649266
0.819488152109
0.784863289134
0.744640602041
0.770881597245
0.753984494333
0.751215772114
0.777130677749
0.784018877833
0.768685924662
0.728668428692
0.687467605372
0.684357340624
0.706742152566
0.651921161714
0.641065920229
0.637447396574
0.71039783333
0.715521435696
0.702150953042
0.702351651404
0.692798698327
0.679584846317
0.653940700122
0.632046140589
0.67158025519
0.707948900458
0.717204171941
0.680372042311
0.629817926775
0.646770722563
0.683043742301
0.635891516384
0.680299614752
0.735709629448
0.69751350715
0.721821057401
0.712672008753
0.763764986513
0.744595151247
0.777263231906
0.757578689992
0.718100872199
0.707082446431
0.719322551497
0.696735208924
0.663643401198
0.677843624011
0.677591366638
0.691527825979
0.689799721014
0.701179916057
0.718513468564
0.721155368603
0.716565450568
0.715600732556
0.743604444401
0.769850543587
0.737109301311
0.765698893056
0.729666176832
0.702807215775
0.723401729894
0.756290979027
0.763671532458
0.759206300421
0.735601235864
0.734029437714
0.690761312883
0.677624141952
0.675392181913
0.674720983806
0.681839442028
0.710595048772
0.721469906066
0.69125176917
0.665107381961
0.68059086731
0.693742059653
0.666231638254
0.668945180569
0.665681275256
0.688914771876
0.716586888853
0.710436559697
0.739663434337
0.728003222808
0.728965292527
0.717205204453
0.696656788576
0.70081386899
0.709693028373
0.712901196947
0.657690623448
0.681643379202
0.687775357703
0.682200631963
0.673723976591
