0.979690590951
0.923260728181
0.904534165876
0.859171168655
0.83505185849
0.75186981387
0.710187427013
0.652168886278
0.681121195142
0.625116587642
0.613945399514
0.63363105877
0.604905963454
0.593046470027
0.622731211616
0.618827940285
0.631960294856
0.651910864983
0.630550650534
0.639854145687
0.600120725957
0.625130349827
0.64287538207
0.636900479387
0.687651555999
0.658988672324
0.638113372959
0.644573663211
0.652395189845
0.699111322118
0.748151138765
0.778103791599
0.781369930136
0.774193714876
0.739187362943
0.738891420197
0.694825198202
0.737604759725
0.740648520773
0.760406299816
0.742067994772
0.784581375606
0.772105937197
0.80679753522
0.779212085632
0.775562119468
0.768211763815
0.760604128362
0.770460674968
0.749850356441
0.746369073396
0.715554017627
0.701227392242
0.724095084833
0.714947533331
0.736792842363
0.713357659164
0.671923020548
0.701695093404
0.676668441673
0.691550881576
0.709910891977
0.659822612118
0.660864777013
0.61276794441
0.520634398139
0.505598135812
0.527269732738
0.608106576497
0.561828719854
0.606701197164
0.615920759615
0.543510055694
0.529502087405
0.518363803667
0.521722510833
0.515770747034
0.589868370016
0.573531094433
0.640201313858
0.623902619694
0.630416706951
0.589650957704
0.612334182785
0.634148982925
0.639299362208
0.643823736675
0.654611986028
0.634666866636
0.602311617889
0.632508643009
0.640673422843
0.641708832949
0.656898167252
0.721352244523
0.714716976287
0.721715664516
0.739183810184
0.717999538754
0.75668088339
