0.976748154946
0.928966403185
0.887756263938
0.888532023316
0.868090982643
0.855761808793
0.838921304049
0.819010022028
0.799956091665
0.775268446388
0.786840704115
0.796340600257
0.740657039037
0.730457316439
0.738982107959
0.781275554862
0.77250340257
0.739665706118
0.709426802926
0.675477691988
0.698755860927
0.686573342795
0.675193056497
0.675140630186
0.729891688919
0.74552678307
0.743411699187
0.678267869019
0.681429012123
0.718097019292
0.716302377996
0.727029106248
0.738312055392
0.705771239762
0.673860571301
0.741378219704
0.737927666974
0.755384858451
0.758919885923
0.759165007025
0.756385120119
0.709709256152
0.684696909478
0.730404737843
0.688541666275
0.686290139516
0.69362230463
0.689245970433
0.713522682121
0.753516636482
0.662551579857
0.701231178631
0.733092648695
0.754373538048
0.791602384079
0.78923240694
0.777260675122
0.815487557285
0.78752064411
0.782131843727
0.763366072457
0.778610860303
0.76847257388
0.765635212544
0.734357170212
0.797492955471
0.787613131709
0.789690784424
0.783833708883
0.758459416327
0.770563720964
0.750731330504
0.75606069017
0.77180509502
0.77941059828
0.762235007192
0.755393379841
0.684069061867
0.647607691643
0.616385041253
0.651027302083
0.675156304351
0.664414491038
0.646567786792
0.661327324717
0.639493352728
0.697709763858
0.688529064503
0.687081884876
0.67813083685
0.672015025537
0.68568174235
0.6504269238
0.631604758178
0.623169590673
0.578201487816
0.572207520667
0.552164195206
0.573321360117
0.666966367217
