0.980879092465
0.938998679074
0.900914398515
0.890622088894
0.877594713008
0.865023319043
0.847177137213
0.816055333351
0.809349746564
0.816968290368
0.793408466684
0.748279390878
0.711324499567
0.75353909147
0.775902368625
0.749458077145
0.753814943171
0.700419059553
0.649787474722
0.639998226046
0.699112128852
0.691589129759
0.717722091878
0.785839909999
0.747244306458
0.762927561937
0.777972025169
0.746876241073
0.745282176462
0.70500030174
0.765689407396
0.796827537982
0.782038051231
0.760467349709
0.764751803331
0.76863263567
0.767517798043
0.715537982005
0.715305686243
0.704023278006
0.681713121033
0.622880451828
0.70355116171
0.791792540004
0.740298228542
0.725749587813
0.738458983897
0.725344197015
0.691265846111
0.690976144107
0.72235147988
0.695388917629
0.706349077298
0.664472417838
0.681526954419
0.713620649816
0.764148652342
0.743853362229
0.751492049312
0.739813871218
0.731716744896
0.723763141569
0.699408640766
0.663194288346
0.713284264451
0.682717578941
0.630960521475
0.644205864651
0.604519394645
0.559975848852
0.619332042115
0.669279389953
0.678764464782
0.665838073888
0.622315641142
0.661582257509
0.684525468473
0.662396571084
0.66199255419
0.682168858815
0.705491988381
0.745416573388
0.732363197102
0.726932529999
0.75314386962
0.752786920716
0.749767906505
0.765746728997
0.732653940401
0.730156667026
0.743623993768
0.759179592869
0.752654998706
0.747471726422
0.694208020135
0.711996532384
0.68084634133
0.643069966758
0.49356666703
0.530746967419
