0.976980702112
0.91936566304
0.901452940153
0.893443378689
0.875624962996
0.854405804123
0.805604978644
0.845998883587
0.819227585742
0.805039506054
0.763495032675
0.774246489492
0.804317463967
0.77803374724
0.753042751268
0.733421932321
0.746681717282
0.757684913877
0.755553839575
0.742256169952
0.734125578049
0.696463760185
0.731699842397
0.706520740387
0.714879183454
0.672981159564
0.69221083286
0.694812474222
0.654360683861
0.646216482988
0.684285723209
0.704340600226
0.713967925289
0.74624687832
0.730441581189
0.734485252547
0.738621771017
0.699833633813
0.675868618111
0.622734133101
0.628742690612
0.59368193457
0.596802305934
0.605910353553
0.623643094493
0.690452852793
0.660597647528
0.688075694027
0.675893184866
0.551908586632
0.530894142746
0.69492815878
0.68811901644
0.730352409096
0.694244372195
0.691762833791
0.689798150333
0.714466191041
0.718123582491
0.710921816632
0.710259292508
0.718422811268
0.711185258936
0.743346237917
0.726202646518
0.741651497352
0.751723616168
0.758265226693
0.767915812279
0.748064984125
0.707670654353
0.723453721945
0.735996167173
0.776761746836
0.774342336778
0.777266564863
0.763754152641
0.767072838449
0.761028468618
0.766205139784
0.773830088287
0.783559537694
0.785841785659
0.738719681057
0.772737562988
0.756970777673
0.765388332524
0.77547964456
0.763506923512
0.773203655435
0.766737797768
0.749280577142
0.755445469608
0.738806821075
0.726360218151
0.710571205199
0.71679131391
0.729423133511
0.719294183533
0.734972717829
