0.979358382316
0.927235349231
0.867430148505
0.870940276574
0.875825691963
0.887915520467
0.857521948124
0.837909579076
0.811102833082
0.792695351345
0.7457729371
0.733681005084
0.736325927426
0.734122041419
0.750618602678
0.68121432112
0.668588248377
0.592087936416
0.667473816468
0.715512433734
0.716580504072
0.776483246363
0.764453635385
0.754230823477
0.74842202759
0.780433210697
0.758445026786
0.740794291758
0.740260898572
0.765736960407
0.770393603957
0.782799544687
0.766035143951
0.763926237675
0.769915410407
0.750687947499
0.728720291277
0.707394515795
0.713423145222
0.739352855545
0.7371929848
0.738589044
0.736482842883
0.716333977323
0.729059064603
0.736488694931
0.724309231973
0.713388065417
0.645578243114
0.660827451376
0.637174771025
0.60597976126
0.641828066263
0.629896762372
0.575125940317
0.660806794284
0.716791033765
0.70510086476
0.709045111158
0.682245221232
0.67167772155
0.689508186252
0.693650202038
0.709817609259
0.683312768154
0.677112359436
0.687030722903
0.674089192915
0.720399002522
0.734132660717
0.705634854884
0.703900732821
0.660151090823
0.657290448184
0.641392575515
0.60283527844
0.610589403613
0.605609092786
0.591447137908
0.6214466458
0.608139961659
0.629876535976
0.577542999333
0.555166151793
0.608715061761
0.638361286084
0.671213692571
0.683113889413
0.662355332366
0.687862816059
0.701624512328
0.69849448421
0.705918299417
0.710531693891
0.717073881538
0.649424641674
0.652751299027
0.669703249488
0.695036374549
0.690587734256
