0.980893007605
0.934153827376
0.84715311388
0.839792560812
0.820756107922
0.815027060203
0.799851140121
0.837099406581
0.821885344091
0.799945828964
0.773530688115
0.770986224235
0.760799922971
0.72761101419
0.696241606005
0.712348021145
0.671646605399
0.615101898365
0.610237353406
0.64348710601
0.642269693285
0.652023511723
0.655553347675
0.695531794553
0.740438871491
0.721525914609
0.706471080172
0.668910408041
0.708633473144
0.694066447365
0.73934911646
0.694241429726
0.645037681654
0.679267523327
0.68558114629
0.679367592792
0.696477578212
0.684082163051
0.702440342838
0.736243836588
0.729106601174
0.712353062382
0.710930154906
0.676962525422
0.707714205762
0.735852844494
0.754230853919
0.723366177804
0.710482931173
0.735485482081
0.714961878816
0.701890651023
0.750434407431
0.767212075587
0.803830219327
0.800545128824
0.761219417707
0.801342411529
0.796777925014
0.759319561455
0.755937446718
0.787247713291
0.751342675292
0.709453150686
0.714603803521
0.630569778485
0.688024629042
0.673114487218
0.619025617171
0.603001738068
0.584498889941
0.57351220116
0.651059137743
0.663100021068
0.625602548132
0.613072422683
0.575406849467
0.656459310382
0.660097147438
0.679825227754
0.662484199582
0.652256293279
0.658840903638
0.625699812122
0.649677107711
0.628691462809
0.637905124295
0.657167858724
0.679518594442
0.722289430621
0.728715461494
0.709560607998
0.691961497709
0.670361814853
0.630267005407
0.588268258569
0.529625435022
0.585682286917
0.596175184054
0.591063990595
