0.978158050049
0.956137530306
0.930037187352
0.897747766481
0.854027580928
0.809789679973
0.852541510385
0.820436265262
0.794533542732
0.767285214078
0.780495416251
0.720477969582
0.716503006628
0.689442894068
0.721612545721
0.73611440632
0.73205639317
0.721803245154
0.739659920396
0.743542522061
0.7093613389
0.668483998882
0.673079590305
0.692458193918
0.69700156276
0.711800591253
0.730643327577
0.719402335623
0.710257492875
0.699131525304
0.725960851081
0.738345152907
0.715188366858
0.757295303687
0.7122542886
0.747540040678
0.768600688409
0.750040690588
0.735295736096
0.734947512045
0.718550243202
0.705591346611
0.711617727637
0.709719705398
0.690752205446
0.722489849683
0.742422619912
0.749734870984
0.73592502537
0.739461723655
0.747177593307
0.743947929298
0.721611679371
0.724343479944
0.686491515698
0.68286631984
0.675368406428
0.68433058735
0.693313657056
0.701179261495
0.66653995525
0.607231391762
0.551432737032
0.631868581701
0.656222617823
0.657486978283
0.67380339967
0.665150794007
0.63590995831
0.635782102473
0.598282110706
0.596764335064
0.636791159661
0.632549588488
0.651760080257
0.674163166375
0.685615821076
0.695361285568
0.682959512949
0.715804770714
0.727908693295
0.747000163198
0.678284468066
0.685785853618
0.714864587075
0.698048252458
0.726978191977
0.707983306108
0.708467901254
0.712485663494
0.710592395301
0.732537615849
0.695879614369
0.655199995266
0.654933661064
0.705385292778
0.691866445402
0.704857593368
0.7212591659
0.723062294821
