0.981794833471
0.939036138434
0.880914103239
0.88054982533
0.873870765856
0.862872800401
0.84263790442
0.827498212868
0.802823525346
0.774569166696
0.729338547644
0.680465227942
0.65092670726
0.702733812741
0.750881285027
0.747378953598
0.747256366252
0.706381616362
0.716997618829
0.666486816866
0.734299620986
0.784039293694
0.719942096726
0.66490791332
0.690251468906
0.710818872556
0.687104845743
0.720715711052
0.711203155163
0.71415125462
0.722314634286
0.731210192243
0.743546933612
0.746214927211
0.726720886933
0.703756422862
0.772895097332
0.667950671004
0.672128019145
0.664716121707
0.631248572856
0.649454052823
0.720631801755
0.722675304991
0.673797902015
0.674029717445
0.721125481974
0.715115238596
0.691363844833
0.687865751342
0.678396958686
0.650540817545
0.601058484433
0.658056124156
0.705058258518
0.668763506406
0.609656376169
0.599152991115
0.623686206339
0.660397323753
0.634096836161
0.613997734643
0.607155176191
0.607093021323
0.639774523518
0.668384952776
0.653653965617
0.658116378422
0.651000412951
0.661809289671
0.670871948162
0.648421582968
0.659451016032
0.618768625933
0.629977756508
0.634345658574
0.672413582317
0.672286300606
0.700330961727
0.738379812901
0.755373742151
0.734766222745
0.769550433423
0.78694366368
0.782145323324
0.75576912329
0.767708391503
0.761022721507
0.788767933554
0.801534799216
0.786096529863
0.780195900148
0.774395494475
0.755808243024
0.744765208822
0.70104640086
0.679748654325
0.751584997825
0.768412540494
0.756784613659
