0.978844837721
0.928039731153
0.886304784619
0.888229685417
0.867591642634
0.86805826084
0.828629979554
0.852924150344
0.845147664244
0.793163988573
0.738225910724
0.766463257406
0.807516565501
0.791454406878
0.775916344775
0.808240207158
0.796354688779
0.810850254408
0.797404228612
0.766006756723
0.753194026852
0.739332331111
0.747295983957
0.748891506273
0.788432178242
0.777244714055
0.798300700767
0.774751253288
0.760388023191
0.746641246432
0.713341981156
0.747688123238
0.751082065455
0.707453459959
0.678971991083
0.683251483159
0.699429510631
0.687518183266
0.698727296618
0.70724914955
0.744332960055
0.761939246248
0.738637791366
0.708079396758
0.695820797249
0.690202548767
0.748892255786
0.752745973315
0.728556676236
0.733963926128
0.715656181428
0.730742682936
0.739805299702
0.754174892611
0.739866630898
0.753082282308
0.753439618359
0.781892213663
0.777894997307
0.781904504703
0.694884649756
0.715450832476
0.726815143398
0.691818159786
0.717307446334
0.716555035123
0.650678350135
0.660655155512
0.74464271346
0.65852660308
0.665852046288
0.667549103225
0.670556693886
0.713428153232
0.726847880306
0.69340739642
0.694453090986
0.683249760989
0.710763957393
0.699519011919
0.688670284407
0.660349814225
0.699930107068
0.691235554797
0.693226545408
0.658254990195
0.635527937077
0.638047149695
0.651311112838
0.654566593091
0.679168952822
0.688763502899
0.730485440838
0.734959423737
0.709390740911
0.690240709901
0.698882902813
0.639225062908
0.659604725734
0.665419218011
