0.30709195243
0.50426434579
0.415614748798
0.517874315422
0.411803951749
0.578489378559
0.609014951378
0.552950517765
0.597199942465
0.534473127915
0.601298847274
0.610903752505
0.58274851238
0.591647649553
0.615110915714
0.606167013897
0.642120199662
0.659463162003
0.786613025753
0.764662511955
0.811312811205
0.665469960127
0.629030861253
0.579624248777
0.658001062751
0.560904111304
0.766013223236
0.693197797113
0.777346946384
0.773441138958
0.625922005967
0.636499229094
0.633478975445
0.659954157429
0.674879887974
0.6408013218
0.660957854604
0.677542580866
0.699819009803
0.758157456032
0.744028008671
0.754524971851
0.718122382791
0.678294410581
0.70463982142
0.791775481557
0.795703188024
0.66827637111
0.730310122218
0.729697108368
0.752483950209
0.694634885593
0.655502253924
0.744109288473
0.723243206789
0.771275742557
0.684905259303
0.647460089229
0.610618929474
0.715497973301
0.744623204246
0.67762387862
0.590624535951
0.619333699827
0.701696871204
0.784948490269
0.813914062009
0.650954561205
0.679992667424
0.80720450276
0.766961275774
0.625509083135
0.735793149544
0.755236898992
0.789574736605
0.696911597999
0.768057551517
0.783112628042
0.787889984166
0.81880249249
0.69472576198
0.727810400913
0.742422620844
0.772592482655
0.80109782993
0.74120914939
0.767819933436
0.812858128428
0.726437642664
0.780815374217
0.737004387922
0.63145715352
0.695562618675
0.719159115952
0.770958784809
0.74840565863
0.728636387752
0.780243952937
0.771430743876
0.692591061184
