0.276128401891
0.354162668263
0.341529585928
0.320296360135
0.377652791877
0.359467374682
0.40896936304
0.434295231889
0.380119104962
0.340068715948
0.434266058277
0.356178093525
0.311374160544
0.273291966938
0.328083277093
0.386296175589
0.2794411594
0.288555785654
0.442563086018
0.358320082393
0.412738536704
0.423434441351
0.409258546362
0.333283322646
0.479052959681
0.496846225621
0.438408488557
0.467186741354
0.399516860871
0.487052636244
0.380814926424
0.312824541233
0.300703303239
0.266271041428
0.310419138712
0.272014297582
0.357028472077
0.285918473347
0.34247280166
0.30402035671
0.347711538791
0.316634623323
0.308638683202
0.304291449439
0.26519064236
0.337081855059
0.382137393802
0.280102580783
0.355254059746
0.409299462569
0.295789343545
0.307888014997
0.34282446627
0.406690377646
0.413294462696
0.447446484119
0.449649151738
0.382174708323
0.287515171249
0.336622431152
0.336020797914
0.480494448141
0.382874415146
0.394533633435
0.380792992639
0.467843983601
0.524174702479
0.470472812553
0.478605709457
0.335217891807
0.307542814406
0.302896189556
0.34774776424
0.349996287111
0.30008087638
0.255215676373
0.270870210006
0.40192175666
0.40823121766
0.425233040274
0.475297802682
0.451199022119
0.332848826931
0.329916729181
0.248777988462
0.456723655385
0.552099987445
0.540388816924
0.404054222938
0.342568612166
0.484504442523
0.514505221042
0.468964282868
0.515531840557
0.476056788739
0.344116317047
0.442318303789
0.300833959425
0.314676438565
0.385611520621
