0.308649208755
0.349083526786
0.424605140817
0.391082939302
0.285017470263
0.314685471985
0.382167561557
0.419607949013
0.42540708334
0.393629098121
0.37192068216
0.321196995744
0.310636688537
0.286280480171
0.298236474742
0.301084900692
0.258806507301
0.226895181077
0.246848334475
0.390274334567
0.380155566918
0.391498106804
0.350994260263
0.574289788715
0.603309332152
0.420237019754
0.474724358028
0.470138473348
0.426491574933
0.494752060156
0.458471477611
0.439922092868
0.327811885381
0.351452543476
0.407287519431
0.416694346342
0.358305828569
0.287756474079
0.427980585385
0.526567928646
0.490785271774
0.417481813387
0.433690231227
0.486067899378
0.555426626819
0.520845350719
0.460139140659
0.558926392462
0.484055103005
0.558112519382
0.478548145525
0.520091927252
0.546987351486
0.484769351597
0.498868711333
0.522124198172
0.49003686968
0.467880441714
0.501312897959
0.464782067556
0.455110599068
0.370169018242
0.416800531937
0.34066850944
0.361178252441
0.378186776287
0.428143318591
0.403999416703
0.533605472153
0.515995541419
0.533312083327
0.399034761037
0.602984490333
0.517489453492
0.487607346712
0.541957966668
0.510004398823
0.477130791677
0.441435759437
0.43455038221
0.495240445127
0.401348907297
0.34899125016
0.352290821774
0.343230459522
0.248467296854
0.322169843215
0.283730945787
0.340358053558
0.591733393919
0.554918776072
0.520941674794
0.518056460353
0.53715095567
0.482983937242
0.546745221489
0.475156370536
0.530378248059
0.490810439772
0.523685797731
