0.275903280211
0.353763217229
0.438932636623
0.357402437735
0.390815214667
0.31906397738
0.335478397555
0.293774456754
0.363253912994
0.30717003994
0.38680134363
0.441403429649
0.451990124787
0.560768115403
0.449677841975
0.394882780409
0.399544221438
0.340212680996
0.27749389588
0.308575715295
0.389762100894
0.350105687064
0.468798008946
0.344453911984
0.322879233447
0.372085654902
0.356652415985
0.362033612704
0.502478190071
0.45127292539
0.38334078273
0.379584632503
0.372273714828
0.27979450168
0.304803583983
0.272963157729
0.328754711724
0.375086056099
0.398586466067
0.429144907941
0.318883523193
0.384536649859
0.506202238142
0.499791814643
0.433466119205
0.420008112053
0.441060095773
0.48991885665
0.534879407863
0.43629019993
0.404538108176
0.400285806812
0.424825112285
0.368323789792
0.263944442393
0.247228234383
0.342049386864
0.296771649896
0.372453678587
0.279973913614
0.294934603699
0.323271312678
0.404844559517
0.341815926162
0.370286640768
0.391951137587
0.352715775692
0.425828068553
0.393740954092
0.417123196481
0.434878453328
0.409919028737
0.369477950888
0.443036098318
0.435124646102
0.378287518434
0.334990143435
0.215838124313
0.250517036349
0.256901265505
0.327700658309
0.329787952633
0.271763236754
0.243218689195
0.427458563102
0.505839786987
0.476608641959
0.430613564996
0.514905791585
0.497183471434
0.43556138156
0.428430669921
0.478132659442
0.532863355448
0.424139648224
0.419720661052
0.438095975401
0.399871448404
0.478907145966
0.397134938501
