0.297588157023
0.389883723524
0.287356783172
0.398805359701
0.377382355619
0.367139881146
0.418085288959
0.427778311182
0.381322442514
0.44035125524
0.331443797521
0.360051573389
0.350596130289
0.295024097405
0.343305399248
0.40630712381
0.413463891016
0.439669158466
0.400377387106
0.340028743082
0.471239669618
0.571144316476
0.416280398514
0.333045207896
0.234379543403
0.41265373123
0.254285365799
0.230558323022
0.363821047516
0.44281720877
0.512552508685
0.421535999724
0.433060533136
0.377875550496
0.329011820229
0.397772982692
0.307990355869
0.308218455809
0.356475338242
0.494625977705
0.37047773216
0.376479087026
0.362199913129
0.441588057916
0.495628134939
0.398567385966
0.48084577006
0.449682015324
0.459153549662
0.35645660846
0.306805585203
0.447414861336
0.454024324433
0.482200078351
0.487758608853
0.471584645082
0.416003089373
0.441384792662
0.39433286947
0.321126151635
0.244609361445
0.225663756215
0.241953914
0.321649438511
0.488638339906
0.430763295897
0.419918550596
0.388609221901
0.339838755997
0.280683281558
0.233308901309
0.228336940614
0.382317180586
0.466423048671
0.452077884787
0.388554908149
0.353160497756
0.410576649673
0.464457650125
0.375296112475
0.341037649407
0.36141171989
0.326512392662
0.351186335377
0.429866335516
0.403200210996
0.383441033986
0.329352217465
0.320341277343
0.25780083002
0.24575859605
0.287990373968
0.405017583765
0.349974375984
0.219315430475
0.234220873427
0.306768167976
0.521879336017
0.51167474621
0.424214718151
