0.709944449588
0.872709593408
0.973320849159
0.963411090624
0.915991268589
0.975835004658
0.976728107419
0.979585137367
0.979600002202
0.98
0.98
0.966252711682
0.938644690776
0.98
0.939268231625
0.98
0.98
0.925600289284
0.904752980692
0.978564403275
0.98
0.98
0.98
0.978811404752
0.970463792037
0.972296012051
0.938780678582
0.958336928374
0.92479757163
0.907016008988
0.967958162349
0.868907816619
0.910630536792
0.98
0.933703195043
0.979359968574
0.951979629169
0.98
0.98
0.956236747922
0.93659624042
0.976800001275
0.951087496416
0.96383651745
0.941640024019
0.973932394505
0.98
0.962057600956
0.978276899483
0.976419463651
0.968252711682
0.947640626803
0.98
0.862752980692
0.86336031618
0.963907197254
0.825181657591
0.671624901234
0.817015273797
0.817205480729
0.875613020801
0.90507053852
0.832944359977
0.98
0.91143086773
0.871365594222
0.925615884065
0.8976321297
0.98
0.978694947957
0.98
0.98
0.98
0.979359968574
0.98
0.891383171012
0.956778974518
0.952400175805
0.98
0.98
0.93658487611
0.98
0.98
0.98
0.98
0.953606687812
0.879584676044
0.98
0.98
0.904266627722
0.889113127069
0.419406823899
0.349624901234
0.827789527102
0.900814465728
0.789963162749
0.516624901234
0.77697057962
0.851680431212
0.952813187534
