0.741933633812
0.909789523944
0.976574198525
0.956685201703
0.974373132926
0.967823986823
0.927083190378
0.850950997361
0.785720750534
0.98
0.921162832147
0.960161648846
0.950259059831
0.98
0.876894872807
0.98
0.98
0.951744473174
0.886070426571
0.98
0.98
0.976846876096
0.879512077895
0.955502554651
0.890557844564
0.908596302112
0.836064816987
0.854255635545
0.902003807586
0.932725655499
0.944376146078
0.968368486732
0.960573418761
0.905894709412
0.948213218832
0.952581289047
0.975600029658
0.954000033422
0.956026480764
0.967823986823
0.879324755578
0.943160297353
0.839949993866
0.944385100683
0.967823986823
0.862008746591
0.75469803798
0.914318106884
0.98
0.94543021042
0.954954286362
0.950187361952
0.98
0.98
0.93655558082
0.973665163742
0.918473385803
0.968012991397
0.98
0.942715327109
0.971320849159
0.904133153652
0.98
0.944891254949
0.940546950066
0.911674877169
0.952813187534
0.979312217858
0.98
0.932852019153
0.886406795596
0.934550110124
0.909259745333
0.893876746407
0.904785415335
0.928398393184
0.93162832074
0.957001031965
0.939971232335
0.939867076364
0.939112082272
0.952882090034
0.90166111657
0.950398393184
0.968940893954
0.968402875481
0.857302647083
0.877042437182
0.979133184697
0.932071134152
0.915056124021
0.9521990117
0.949140829552
0.909729169591
0.98
0.928259521801
0.941560087158
0.912589329604
0.979133184697
0.860285865566
