0.73777262446
0.98
0.974517146203
0.856785875536
0.979780930107
0.98
0.98
0.98
0.979225742706
0.939280696131
0.98
0.98
0.98
0.98
0.963236196077
0.98
0.98
0.95660913785
0.967823986823
0.771965363605
0.328406823899
0.776375829085
0.755624901234
0.98
0.976462765182
0.763778733473
0.98
0.98
0.822053727913
0.790693292104
0.918104211132
0.871471749539
0.978282726821
0.714247998973
0.888475071351
0.973647180657
0.870992998431
0.928133466707
0.97869642389
0.98
0.953630845119
0.949187361952
0.946995300794
0.81891946194
0.831758162197
0.970169280112
0.98
0.960226559109
0.934800000008
0.9072
0.98
0.969231426533
0.841993530804
0.94677678222
0.901307869504
0.975861298981
0.781392978024
0.788563023433
0.93496260327
0.91818489692
0.95576298794
0.957548652061
0.949886184953
0.930381518843
0.845643665916
0.978757839074
0.905170043569
0.971537759599
0.571321688578
0.461624901234
0.668267532205
0.862017336206
0.866786784157
0.971754784504
0.978811404752
0.94774009169
0.950570709063
0.97935997476
0.907703589695
0.964749901776
0.947854500824
0.898562683995
0.98
0.98
0.977807452709
0.858716030298
0.845053727913
0.851749405181
0.64953809072
0.534406823899
0.279624901234
0.278624901234
0.317624901234
0.287624901234
0.352624901234
0.390624901234
0.495624901234
0.601624901234
0.819680488957
0.934130505484
