0.808710867968
0.95323343248
0.973758607324
0.923045322035
0.967941156562
0.864406338097
0.976403391834
0.956451522728
0.953066433743
0.973987174573
0.969412730691
0.901316222177
0.976589167421
0.842866786264
0.840617407891
0.835451058263
0.632045937199
0.760553748714
0.848860789637
0.93452158763
0.976875862456
0.98
0.979502583525
0.93760078878
0.974129425303
0.77849099094
0.81363255788
0.860807995933
0.976828486351
0.851842833131
0.856556980034
0.862836654048
0.917545137593
0.90837102328
0.98
0.742945983654
0.868936792062
0.98
0.979
0.972469138341
0.941359972332
0.815521697941
0.91968588961
0.98
0.98
0.98
0.98
0.98
0.952139331469
0.98
0.863631583573
0.942879989432
0.947993589029
0.525975955144
0.880698149874
0.932618744863
0.98
0.96753602901
0.856903291138
0.943434326947
0.93413023254
0.939142061868
0.804441025175
0.921333773132
0.973936646561
0.912470480908
0.98
0.98
0.753850268059
0.962313466577
0.858452781495
0.868445211822
0.953993108844
0.972245114228
0.871298788605
0.890321917981
0.919543110301
0.84591185454
0.948672637664
0.700068162231
0.860007274897
0.972151489389
0.936311348771
0.965055120782
0.828422091652
0.98
0.98
0.972348191971
0.971419888859
0.976301191547
0.978603646315
0.98
0.98
0.920409662155
0.950755747581
0.98
0.98
0.98
0.98
0.979292087926
