9.30386725965e+303
4.3839685704e+303
3.93356128828e+304
2.16955290887e+275
8.39844464602e+302
1.91106202771e+054
2.34308980819e+060
7.56742111715e+123
6.41199644641e+134
3.8781578933e+136
1.15349326325e+131
5.11120049594e+059
1.17096498585e+184
5179327.16372
4.76797456432e+249
8.47845360868e+221
7.52596798756e+225
2.22367374826e+047
2.48868934376e+291
1.04495665435e+268
5.39625044376e+297
3.37151144892e+291
2.613518881e+246
3.92815840807e+053
7.85731941952e+292
1.1996960847e+304
6.33561461017e+266
5.91259786536e+287
3.74253561215e+304
2.33803023222e+292
6.65331827842e+266
1.91983171556e+301
138832879484.0
1.1976919653e+284
3.24951406983e+279
1.30230095383e+304
1.74575955028e+214
1.34686571499e+173
3.29270443103e+252
3.86536385464e+186
60.6833077325
4349161992.73
2.5828598815e+190
4.28404318669e+258
3.35687721687e+280
2.22280206388e+033
8.68195743915e+292
2.99115643556
87.4638938713
1.48023238163e+205
2.49729273302
4.11502713726e+226
281260.982066
3528551120.69
0.855348057974
2.35079645409
4.25121832893e+036
3.81235149051
5.5761237676
6.29912483422
1.58908012358
1.64537167975e+111
5.98966373159e+226
0.619343053631
4447487157.97
0.72648410093
7.10293180951
54.054535546
10.994319686
8.69939304397
1.37349915172
1.70221056521
1.21609931365
1.44147186133
1.03359785374
1.16178322176
1.86391185615
2.53671605401e+032
3.84280279343
682.271041984
23832678.4829
926575616629.0
1.84093338117
1.68326595409
0.771107352831
0.303482691293
0.524930150841
2494944.97216
0.61750661413
3.38534825532e+300
10603.6879133
64954060907.8
169700292280.0
7.29341586799
1.79732894238e+015
1.49964397232e+032
3.78921921744e+066
16.3806865077
1.69942862774e+014
1.42033089355e+026
