1.31459297742e+296
5804412.13319
5.4134380199e+050
4.38641602099e+031
1.73545076474e+029
14861.6895658
119450980251.0
4.08004798744e+015
1.87851143608e+197
4.29391755078
30.7455831557
2.96475034676
23757857936.6
2.21342678571e+185
3.47475660744e+086
1.05694691186
2.77883437623e+264
8.48197237764e+230
45.6228113624
9.35391325499e+052
41531.6054186
1.38268451258e+212
2.00835870192e+290
1.14003296177e+288
2.59865202639e+288
1.34384026881e+023
13384.3831384
1.06154652798e+304
1.97036623947e+304
5.23766703281e+022
1.31221974224e+023
5.17551093069e+023
5.55901366256e+149
2.54441142062e+023
4462.69132319
769.361445299
4269.45127568
4.69346670172e+016
4.51709885372e+018
20.2268621226
2.43097578631e+280
478.998531998
1413.84224751
2.1032479925
0.82372611446
0.487872142989
0.477661194665
9.70274284966e+063
8.12584143992e+144
2.12780558989e+031
6.26253182828e+173
4.17564883834e+213
1.07252517877
1.43001514128
0.584144563613
0.961441011884
0.171126346039
0.354508935567
0.530401439156
0.67762962993
0.0666908346466
1.03965832189
0.623273642257
0.388066968005
0.000302024572609
7.54918732347e+092
1.73534264739
0.0168638399365
0.0228240569997
0.00450939633527
0.0
0.00632460080949
0.0395886419502
0.0271770288683
2.76103591851
1.67414520479
0.772330091669
0.176998748279
0.274079597565
0.350422082069
0.362284428329
1.01850687807
2.4899082007
0.982624310737
0.552582891573
0.448720426117
0.101450201876
0.309170529891
0.440510528243
0.192664542951
0.0710168258077
0.0633148134287
0.0498971619286
0.0353724323601
0.0254448337847
0.00467596566163
0.00634573785896
0.00997439431641
0.00686554596375
0.0681091115244
