0.770834433931
0.928807546209
0.955954286362
0.926755164398
0.960738164484
0.891730129298
0.926935913812
0.958813187534
0.958017361933
0.951776986713
0.957136797804
0.875081510288
0.919134699993
0.934785622885
0.958850048513
0.951388710646
0.98
0.939313918717
0.956999189918
0.965791739763
0.94464888906
0.952994597975
0.96219687133
0.965092334313
0.903631881397
0.930798831166
0.972275518934
0.915468177186
0.926626427877
0.825202186229
0.832284407042
0.911219427849
0.884696987729
0.919380993394
0.975239783738
0.98
0.939594452155
0.970296507584
0.925432252409
0.877258683939
0.939096521676
0.807178512646
0.920169349654
0.970169280112
0.972520559396
0.98
0.973419720665
0.978717759346
0.98
0.908634706316
0.86847990425
0.954706526737
0.975299808005
0.979636485105
0.98
0.902644268197
0.946084767771
0.934713507719
0.974820071635
0.979582267464
0.979176163686
0.965906351631
0.98
0.91367742194
0.98
0.945362770985
0.967747504112
0.893405179603
0.910969822116
0.91533446886
0.919
0.814170043569
0.98
0.98
0.957996703411
0.870352658362
0.945226838529
0.945284069286
0.916970748757
0.98
0.941112914765
0.945362770985
0.918209179828
0.916416701802
0.965252711682
0.952802696531
0.949693676038
0.95298258298
0.976438641417
0.920829927077
0.907783296351
0.804759510393
0.636624901234
0.517406823899
0.799708915337
0.889487718292
0.926390176185
0.962708381374
0.964823986047
0.939723430567
