0.739375829085
0.98
0.943181954459
0.977605030611
0.848456905469
0.907795702041
0.98
0.97160392184
0.939195849962
0.873676042758
0.953141791211
0.952646559731
0.98
0.977063754609
0.977600381405
0.937717321518
0.973097168772
0.926671622093
0.959454138796
0.849897170965
0.958005781648
0.98
0.95317698571
0.956400547561
0.966445339037
0.98
0.944426301331
0.979068282671
0.959578989305
0.98
0.941115607087
0.974157535277
0.917413175232
0.950966719529
0.98
0.98
0.978495924555
0.98
0.846891952524
0.98
0.975072047092
0.979604595474
0.940806599989
0.932618680704
0.96560004738
0.977800023399
0.957965084397
0.91491138304
0.927057254843
0.98
0.964699981618
0.975324154516
0.970137877087
0.958681337967
0.976110720083
0.975584280992
0.965589414873
0.891214292922
0.948808391021
0.877126765903
0.924595671703
0.953576702429
0.954017361933
0.953245789198
0.98
0.979732151274
0.98
0.959454138796
0.956236747922
0.954599762045
0.98
0.93809898998
0.970986635119
0.977209493828
0.955904018544
0.883512077895
0.802457318279
0.873101663502
0.872289772893
0.975077557545
0.935102223863
0.94480008647
0.953169415776
0.969940893954
0.962350279261
0.939907135601
0.889908139662
0.917000410959
0.899118118965
0.978600000294
0.926053598298
0.925257299964
0.98
0.98
0.937804305568
0.949261174719
0.795544037039
0.979787006166
0.954871404917
0.976168676215
