0.608624901234
0.779751252994
0.475624901234
0.856785875536
0.341624901234
0.747931314305
0.605399656464
0.553008892934
0.965463353724
0.845236112046
0.909440335413
0.892651715993
0.917168157838
0.579994757744
0.85076382659
0.98
0.968322907903
0.883789527102
0.837098548917
0.964609943716
0.967991454162
0.979616382115
0.97171279191
0.98
0.969782675937
0.978996070226
0.828778733473
0.971653711802
0.838001209461
0.932921103761
0.856785875536
0.98
0.97611205051
0.98
0.979762081774
0.913241969861
0.969473286618
0.98
0.98
0.968638736999
0.73482390765
0.856785875536
0.98
0.976637270799
0.98
0.976708314097
0.953549121621
0.969059156711
0.961600021535
0.924833882644
0.769760937202
0.829752980692
0.98
0.971699856831
0.98
0.973176114913
0.98
0.979774353252
0.973799081352
0.907881576621
0.973584849416
0.971858994682
0.919445486741
0.98
0.814375829085
0.888795527822
0.747672221818
0.946029996133
0.93615017087
0.531582213336
0.870387800334
0.978738085787
0.979796946569
0.98
0.98
0.972288665367
0.972553057028
0.98
0.665039404951
0.588844623625
0.866782879888
0.98
0.91921681906
0.855522372212
0.921194257398
0.887623264006
0.976877257326
0.683616829062
0.362624901234
0.706732526545
0.963063807498
0.98
0.98
0.971067575124
0.973541048096
0.962543896626
0.973472249035
0.931236394541
0.966550151708
0.244624901234
