0.972631578947
0.830653346653
0.553181318681
0.453945648435
0.432203508772
0.486211558308
0.526183384933
0.512196491228
0.513334158927
0.504210526316
0.557031578947
0.559757069143
0.604161437908
0.503359752322
0.452669005848
0.403113312693
0.425263157895
0.459574819401
0.502989473684
0.461899690402
0.484210526316
0.470416477468
0.424989473684
0.449583488132
0.502231578947
0.527642930857
0.523368421053
0.528123839009
0.487164499484
0.493997660819
0.500369315445
0.513282421741
0.441824561404
0.561313243894
0.532976401789
0.562664327485
0.484632954936
0.526432748538
0.532526315789
0.561010526316
0.617347368421
0.579485380117
0.526904231166
0.529473684211
0.529974819401
0.538800103199
0.489215617475
0.513637426901
0.474736842105
0.431010526316
0.444561403509
0.44721747506
0.493351599587
0.56207782692
0.532648434813
0.456996491228
0.384553422773
0.46470873753
0.506217681459
0.540442046292
0.51776314731
0.465387409701
0.398131406949
0.429446990024
0.352889576883
0.39916752666
0.426421052632
0.330649432405
0.396895218438
0.41054148947
0.308422600619
0.389458410733
0.480368342425
0.58063155929
0.439840110079
0.368133333333
0.310526315789
0.300112280702
0.305894736842
0.377264258686
0.384581768146
0.445263157895
0.433684210526
0.489473684211
0.548407017544
0.479089095287
0.46289122807
0.375296044032
0.340678362573
0.260479532164
0.256596353629
0.34380378397
0.369473684211
0.407404471964
0.347591056072
0.392252631579
0.240746680427
0.290788697233
0.315669900241
0.342648125215
