0.986315789474
0.86035520362
0.699014103887
0.728794633643
0.719030202958
0.679947162023
0.653543859649
0.697041486068
0.593481490302
0.599549501204
0.590240159222
0.630873210587
0.523658445132
0.453232748538
0.45583262228
0.430449606843
0.511993846539
0.552548340548
0.593939393939
0.600127872128
0.635908225108
0.546929691877
0.5186875129
0.565586947762
0.53416745786
0.486454803676
0.418233367733
0.444502788268
0.481916217116
0.49662639349
0.479347230547
0.462337774128
0.375965347071
0.488273539326
0.53389010989
0.531541557789
0.575636363636
0.398301698302
0.373333333333
0.425151899356
0.444474755035
0.43180339083
0.536125862167
0.536042105263
0.558947368421
0.599279532164
0.602394220846
0.44501754386
0.48
0.445799012236
0.3629125559
0.335657069143
0.334906722689
0.335022187822
0.269566907465
0.240112493904
0.171746076146
0.1629750258
0.246848218586
0.286501511698
0.231743977591
0.293684210526
0.263130374957
0.294714411423
0.297565190365
0.283377254256
0.555897435897
0.527673241791
0.639
0.68044955045
0.646981512605
0.577773962604
0.635909568416
0.53697859533
0.372301062886
0.466034498834
0.488188733489
0.516666666667
0.458333333333
0.499760990712
0.437787925697
0.425082834537
0.496978603371
0.522511558308
0.618507487421
0.60500877193
0.549647368421
0.45693912723
0.495141267195
0.508100229836
0.494428861335
0.367054545455
0.322852597179
0.320384298983
0.352759545924
0.429429871883
0.300954557207
0.329909769522
0.408953445832
0.371628857451
