0.977894736842
0.859047619048
0.842947368421
0.808421052632
0.832561403509
0.797894736842
0.744063157895
0.746126315789
0.677755211558
0.473941933265
0.538947368421
0.517336154111
0.598521932282
0.338894203835
0.283321637427
0.347983920964
0.572971723426
0.535766081871
0.56094255246
0.59424877881
0.624184760922
0.581477640179
0.513228070175
0.435789473684
0.508079532164
0.465059373925
0.53608255934
0.609812624699
0.535789473684
0.549922807018
0.531401169591
0.667617750258
0.597614035088
0.613318679051
0.626378947368
0.637557894737
0.624705195114
0.486648641211
0.568478844169
0.526690849673
0.526513175095
0.539122910217
0.604925696594
0.6141750258
0.619201100791
0.600254007568
0.593651186791
0.637649122807
0.654736842105
0.596295218438
0.673171069831
0.67060906187
0.673344478844
0.663855365034
0.623843550052
0.604734033906
0.588821288515
0.520412741129
0.457846577227
0.422747884417
0.452120372197
0.412113138427
0.44195568769
0.400791208791
0.376717612659
0.443569177847
0.424315789474
0.404496697626
0.349063192294
0.330527829377
0.396842105263
0.439721534228
0.493929824561
0.573073271414
0.565795665635
0.571490540076
0.505988060271
0.557930374957
0.493192982456
0.471882149189
0.444056862745
0.464210526316
0.435789473684
0.468093188854
0.458861781906
0.3537750258
0.409551083591
0.511947987616
0.568425730994
0.548070175439
0.568277949776
0.584732576539
0.64
0.638009907121
0.648371517028
0.62338245614
0.597066632267
0.552821878225
0.338637354321
0.342466535872
