0.989473684211
0.883645687646
0.780058823529
0.783157894737
0.747254454764
0.684898780889
0.63355624355
0.512259300967
0.524925146199
0.643067079463
0.666647953216
0.61408627451
0.598465084279
0.467677192982
0.618381836945
0.515117991056
0.610106639147
0.487088544892
0.597894736842
0.523157894737
0.466315789474
0.468116959064
0.512540350877
0.402791881665
0.391256759546
0.374341658067
0.307134502924
0.359778190574
0.397761816305
0.393260130719
0.406315789474
0.498870863433
0.453684210526
0.360231578947
0.386526315789
0.378947368421
0.410996353629
0.442105263158
0.431578947368
0.396842105263
0.466315789474
0.495204678363
0.492519298246
0.512926315789
0.437633298934
0.498837426901
0.479087237702
0.510266666667
0.406684004128
0.423351358789
0.451697867217
0.474104231166
0.404417062264
0.461564912281
0.444252321981
0.468939800482
0.416842105263
0.410335913313
0.427429239766
0.439529824561
0.430856140351
0.399971654627
0.404210526316
0.460028070175
0.417966563467
0.433684210526
0.347368421053
0.463140626075
0.402315789474
0.395043274854
0.400831097351
0.365263157895
0.359030478156
0.477878637771
0.426959064327
0.384035087719
0.35787120743
0.397894736842
0.41623873409
0.438482800138
0.430300722394
0.471436331024
0.460569281046
0.462394152047
0.35345030714
0.468208978328
0.389473684211
0.447005159959
0.460954385965
0.498362573099
0.436639834881
0.529342690058
0.611437770898
0.566534434125
0.571578947368
0.531058513932
0.547640866873
0.551864972764
0.562262813897
0.577659511524
