0.975789473684
0.848807192807
0.803764705882
0.758049122807
0.726189473684
0.707368421053
0.68816374269
0.702105263158
0.628023391813
0.683976608187
0.612049122807
0.584467836257
0.450510629515
0.459705263158
0.430526315789
0.308460681115
0.3398750602
0.437453044376
0.425773959408
0.43125380117
0.446184657723
0.463157894737
0.501930753354
0.415083040936
0.425263157895
0.428421052632
0.502452975576
0.525569453044
0.587873684211
0.611578947368
0.54
0.589548538012
0.578767113863
0.490526315789
0.579415479876
0.574081596147
0.587621052632
0.581483316133
0.572856140351
0.602105263158
0.538947368421
0.602296800826
0.583480151359
0.564808324733
0.564980254558
0.525442036464
0.510526315789
0.539249604403
0.561427588579
0.658484210526
0.561052631579
0.525192982456
0.504210526316
0.403150877193
0.486315789474
0.296603508772
0.304210526316
0.36
0.4
0.371578947368
0.383971929825
0.399536842105
0.464301754386
0.394736842105
0.397557894737
0.448546370829
0.387368421053
0.425964912281
0.444846783626
0.478501085292
0.559719298246
0.484783625731
0.613684210526
0.50315376677
0.451883040936
0.385263157895
0.382105263158
0.450320330237
0.447733608531
0.483969728242
0.500252631579
0.470056140351
0.522105263158
0.485263157895
0.461749019608
0.41310877193
0.395789473684
0.375789473684
0.389827588579
0.357512624699
0.37318128655
0.327335672515
0.325445614035
0.384210526316
0.321052631579
0.315789473684
0.470526315789
0.41154619883
0.484009081527
0.460280701754
