0.988421052632
0.887743733391
0.847077640179
0.743071345029
0.76
0.712056140351
0.70178245614
0.645824286206
0.610292397661
0.65281871345
0.524096869625
0.489095424837
0.449804609563
0.350646714826
0.303274853801
0.469910147919
0.493423460612
0.450526315789
0.355244444444
0.419884692122
0.384187134503
0.353202751978
0.404210526316
0.535522807018
0.487662607499
0.477894736842
0.520893567251
0.334905263158
0.322436326109
0.317061988304
0.331164912281
0.284210526316
0.303712280702
0.238114344685
0.268919607843
0.223242105263
0.255074647403
0.286685483316
0.346315789474
0.384285999312
0.412207774338
0.459567664259
0.435789473684
0.372854901961
0.484416374269
0.397398830409
0.446835087719
0.409715170279
0.333921981424
0.395840522876
0.371536842105
0.386152046784
0.52496374269
0.474588923289
0.469473684211
0.548901135191
0.530785928622
0.563136429309
0.509473684211
0.488421052632
0.489871345029
0.435789473684
0.426351565187
0.395693842449
0.375415626169
0.414456140351
0.472631578947
0.441319435845
0.486974750602
0.564888888889
0.608840247678
0.59761871345
0.496238596491
0.434176814585
0.377543409051
0.466935466116
0.466306845545
0.426894142218
0.491440144479
0.431605607155
0.510703955968
0.609983625731
0.587368421053
0.528712762298
0.53235252838
0.523833918129
0.523845201238
0.533684210526
0.496151909185
0.454206776746
0.444313450292
0.456842105263
0.475389473684
0.435789473684
0.482344685243
0.487368421053
0.393762229102
0.412137874097
0.473684210526
0.394807017544
