0.971578947368
0.862889201614
0.790745786034
0.795221052632
0.760227038184
0.750147368421
0.623537667699
0.586838218094
0.601730994152
0.636242930857
0.66424630203
0.711578947368
0.687666185071
0.636842105263
0.546643274854
0.462231578947
0.42
0.468168421053
0.358954385965
0.313396628827
0.34
0.294577984176
0.377992982456
0.368074613003
0.43328630891
0.326061919505
0.239921568627
0.318035087719
0.353684210526
0.372631578947
0.333684210526
0.416842105263
0.385610904713
0.433049329205
0.353975920193
0.354736842105
0.322105263158
0.325816657405
0.368308049536
0.403013484692
0.416842105263
0.352584795322
0.347368421053
0.384240247678
0.414113106295
0.436842105263
0.472775232198
0.432867836257
0.302478087375
0.329909322325
0.34078128655
0.40609409043
0.364696574014
0.32621499828
0.371379600963
0.404210526316
0.390526315789
0.384158513932
0.317894736842
0.442505263158
0.397894736842
0.362926315789
0.362863157895
0.427368421053
0.405074922601
0.394887960096
0.45281375989
0.464771929825
0.467052631579
0.549904093567
0.576673684211
0.557445614035
0.589699621603
0.544003990368
0.525356725146
0.476842105263
0.453227657379
0.464149776402
0.436307946336
0.403952665979
0.44688255934
0.462035087719
0.414998830409
0.449182180943
0.392168421053
0.412042105263
0.310526315789
0.402494874441
0.498626109391
0.386206811146
0.492024443462
0.483157894737
0.546315789474
0.589473684211
0.561052631579
0.530958617131
0.481052631579
0.547368421053
0.507368421053
0.497894736842
