1.35508060694e+251
185575488.341
4.66752640945e+015
6.67361871816
26.1508925482
3.73859526115
1592.79015022
5.26826559764e+030
2.49677370149e+012
6.37216937438
57.0563462813
7.47836954604
1.51553823196e+013
1.19822026181
191.49706266
31.1002004527
2.86219676726e+012
62.6117401706
31.0755350395
0.779705859566
7.78007041341
15.8260374473
68.5176144115
5.30283383355e+028
1.95059218226e+020
4.70903370245e+054
2.11780401188e+102
8.02328022442e+035
2.26294914942e+040
9.0779901387e+017
49.6780269709
1.01531293174e+016
184.335637153
158.292495486
3.25989090914e+068
2.23798115451e+028
1.13690131356e+267
0.149357482344
4.38491503888e+169
5.8968541089e+207
2.23347973336e+262
2.25730180783e+287
2.25581096641e+300
1.62651193687e+168
2.25730180783e+287
1.72061737555e+266
1.95389541706e+294
3.14824540765e+115
1.08651991576e+049
1.69813986925e+177
2.18764636904e+160
3.42519797656e+294
7.75742244035e+298
3.08576735425e+284
1.64259058138e+280
2.27137179889e+115
1.3763445293e+234
2.53518232099e+037
3.13681983362e+074
7.08042183003e+237
4.3308991022e+251
3.28181404977e+282
8.64516018835e+129
3.6721692235e+288
5.05325732587e+298
2.92661860292e+263
4.07662723426e+213
3.81596519305e+222
2.72270893477e+302
1.13202349772e+241
1.06004819243e+253
1.21867331646e+304
7.60337474791e+138
14.7276350898
6053.20662837
1.24607261301e+286
11828830.438
4.9751698346e+252
4.96680096426e+098
1.12565201462e+274
6.50396580302e+233
6.53456047665e+285
1.63416829296e+146
2.7631580661e+300
5.91888306529e+062
4.08267242017e+016
1.56147725771e+050
5.27967305483e+045
64.1544555665
1.18781320016e+206
7.24793802868e+260
1.34787758122e+038
2.94062940755e+196
3.21092406667e+039
2.68053983916e+061
3.5500654558e+019
1.62666435633e+039
2.07647251556e+074
1.41893331668e+098
1.36832847851e+069
