1.98567608425e+301
4.70658519212e+102
8.85128249979e+016
156399700.935
3.96010793695
0.867003381141
714.654090031
2.8690169362
2.12830200018
0.611733198553
9.16621579165e+279
38.0765776366
1.38659066277e+080
6638.84242753
1.40997100176e+012
88499920.7394
13.0603565927
2.80893289416
5357527.97778
1.49253899404e+023
19.0937429469
10.0769644004
3.03252791781
33540090715.5
8.72228565351
11.7687382707
0.589876907942
1.82756715144
2.5384699571
13.3402419448
0.555831419322
0.0805546154468
0.839345752062
0.572587018788
0.224682983768
2.29610228103
119556.744562
0.0980696333162
0.238721240996
0.0473485356533
0.000527019855771
0.0
2.35834405271e-005
0.0141906996217
4.21172002461e-006
0.0
0.0
0.0
0.0
0.0
0.0
0.0
0.0
0.0
0.0
0.0
0.0
0.0
0.0
0.0
0.0
0.0
0.0
0.0
0.0
0.0
0.0
0.0
0.0
0.0
0.0
0.332235444995
87.5265364059
14.1750981973
0.0
0.0
0.0
0.0
0.0
0.0
0.0
0.0
0.0
0.0
0.0
0.0
0.0
0.0
0.0
0.0
0.0
0.0
0.0
0.0
2.28225114432e+207
1.05936752275e+231
1.11031230075e+227
0.595819227501
0.0
0.0
