0.00371179974779
0.165404559967
0.826521214372
0.976620838013
0.977684222975
0.979227927736
0.894197940145
0.92388353029
0.96332402949
0.979763580812
0.979947226535
0.979562187293
0.979999181715
0.977599987362
0.979999999803
0.823428113491
0.873727137918
0.878766347083
0.92168970705
0.979135801466
0.976833770476
0.979931230639
0.979999181715
0.979999987313
0.979999999803
0.979999999997
0.98
0.979999999891
0.979999996171
0.98
0.98
0.98
0.98
0.979999999019
0.979999999999
0.979999999907
0.979999999985
0.97999999164
0.979999997995
0.979999999958
0.98
0.979952072643
0.98
0.98
0.98
0.98
0.979999999604
0.979999999961
0.98
0.979993452361
0.97999999986
0.979999999997
0.979999999796
0.979999999813
0.98
0.98
0.98
0.979999999821
0.979828572346
0.979599954965
0.979999995999
0.9795000579
0.979999999886
0.926789300897
0.978165202446
0.979988574493
0.979999181715
0.979999987313
0.979599858997
0.941614866022
0.977148771693
0.927418363559
0.979947226535
0.979599181752
0.978399196973
0.978336419265
0.979999999803
0.979999999997
0.98
0.979998853782
0.979999997083
0.98
0.937199999986
0.966666868196
0.97740435738
0.98
0.98
0.98
0.98
0.979982210384
0.979998422143
0.979999999487
0.979999999981
0.979999999984
0.98
0.979999921264
0.768399988647
0.866675377071
0.979967473347
0.979704027569
