0.00373077087367
0.165404559967
0.82576450322
0.775335746451
0.812307613416
0.971024249902
0.974960338103
0.971331223078
0.979970890046
0.979999999803
0.979999917665
0.979999987313
0.979999999903
0.979999999999
0.98
0.98
0.98
0.98
0.979999996259
0.98
0.98
0.98
0.98
0.98
0.98
0.98
0.98
0.98
0.98
0.98
0.98
0.98
0.98
0.98
0.9792
0.979990279547
0.979947226535
0.979999181715
0.979999987313
0.979998949599
0.979999999997
0.98
0.98
0.98
0.98
0.98
0.98
0.98
0.98
0.98
0.98
0.98
0.98
0.98
0.98
0.98
0.98
0.98
0.98
0.98
0.98
0.98
0.98
0.979999999999
0.98
0.98
0.98
0.98
0.98
0.98
0.98
0.98
0.98
0.98
0.98
0.98
0.98
0.98
0.98
0.98
0.98
0.98
0.98
0.98
0.98
0.98
0.98
0.98
0.979999999865
0.98
0.98
0.98
0.98
0.979999999998
0.98
0.98
0.98
0.98
0.98
0.98
