3.9996837442
4.69984265997
5.1714204342
4.88442387383
5.02635865411
4.92933466877
4.72424359925
4.45184186662
4.43251146155
4.31690309792
5.1738694738
4.91394318923
4.19552974374
4.67524071428
4.78619510346
4.03283364282
4.63819331053
4.74825864558
4.44223281897
4.82481792226
4.70035706077
4.49254813268
4.31506626318
4.00449468805
4.52051450009
4.19763582306
4.88657062149
4.33739258781
4.32644299646
4.45975878608
4.23152764114
4.31480395943
4.59865345725
4.18100964103
4.69159429849
4.54778400632
4.12012699986
4.2100664633
4.67482795329
4.17887974212
4.4254362597
4.13888808705
3.88598650165
3.88339598383
4.54030639337
3.92931361973
4.82512114416
4.58244232936
4.48273532887
4.67201494625
5.02838122164
3.80072247272
4.17078920733
4.66226023241
4.7532657433
4.86258892788
4.73507275778
4.4040163415
4.07575582782
4.21431718876
4.30377602224
4.70545274329
4.7295781544
4.34295159943
4.74988361111
4.72836535496
4.46560198666
4.69565767771
3.90646479186
4.29389762019
4.50819363348
4.49217067593
4.40060947172
4.78112500666
4.02381502386
4.99063262695
4.61748939986
4.18552784625
4.12915985303
4.46823898571
4.28172761236
4.29677963539
4.55068719228
4.34772592542
4.52198779427
3.90235551285
3.6801789515
3.87872621656
4.49310612349
4.29624595216
4.20156545798
4.19862886099
4.60321943395
4.3063796396
4.35940229844
4.54684708401
3.94584603694
4.0509390865
3.96061325346
4.39305378164
