4.00751842361
4.11094860502
4.52455553416
4.20796446685
4.21040361031
4.00175173118
4.05236961106
3.79495316757
4.60323416249
4.24671092205
4.04797771925
4.12922465622
4.37581171457
3.60913093347
4.10060395443
4.1963885858
3.99844039936
4.12019910226
3.86703805209
4.27149980785
4.02708755291
4.17470528028
4.08017540615
4.03907730657
4.17791505613
4.12192184617
4.32954399334
3.8623620141
3.90736230312
4.19922227873
4.25733579635
4.11070733011
3.98866810697
4.00910807719
4.25180857866
3.95265628802
3.85444214123
4.03069436448
4.12130543977
3.99291564247
4.04325139198
4.38450197396
4.4070752934
4.34392798062
4.43677333073
4.2719047826
4.51666161898
4.37061515562
4.16343543626
4.07771140663
4.17838635525
4.13236633436
4.03604756695
4.00780862417
4.09284991577
3.64321078486
4.18575551362
3.89975961902
4.07707412812
4.01254853987
4.11713204153
4.11004197234
3.94691208387
4.49950407397
4.08875623318
3.84369417808
3.95997649151
4.10020939433
3.48923417111
3.6623844698
3.83418929712
4.29808633405
3.99325365729
3.84138719176
4.21551256437
3.93178034341
4.05207044796
3.91819429648
4.01537372127
4.03732030497
4.01461697254
3.8678872949
3.68231877051
4.06063282733
4.25791133705
3.82107762235
3.23228744099
3.93737683452
4.01278853139
3.64675201603
4.11469575404
3.91853970629
3.8173638288
4.03411727273
3.60122221548
4.09828922682
4.10648968518
3.97779612546
4.11426246013
4.09088704804
