4.42331524647
4.86822398367
4.83270065221
4.44105086318
4.7890990388
5.01783481753
4.37457719069
4.48560174196
4.60211557365
4.41911134583
5.03817387404
5.03266173622
5.06299308944
5.11099032089
4.8786367112
5.05858991354
4.7355345082
5.20995548111
5.20725614103
5.09219492318
4.86649811413
4.92528580626
4.83679302478
4.64141773658
5.00399341076
5.31653139084
5.04072479746
4.79387556705
4.88806728365
5.15747043231
4.96104414989
4.40635115983
4.91611889019
4.87792806077
4.99570991045
4.92414998393
4.68285383336
4.61343237035
5.03751386769
4.95396941526
4.70115825708
5.25635812515
4.86946865744
5.04387750652
5.16898550106
5.24280442478
4.78265579028
4.6861663577
4.5736249999
5.05749330586
5.08909128173
5.08686881494
4.97019237236
4.82900836205
5.45010532643
5.03275178419
4.66272626797
4.95486679669
5.24211886936
4.96801706276
5.13127050056
5.0930843105
4.87517804089
4.87260542521
4.87043102951
5.04201585391
5.06178944417
5.17256938842
5.17370634559
4.96105275324
5.04924257738
5.05046625982
5.06453825607
5.15414048795
4.81142762924
4.77261745856
4.81720542201
5.04776101373
4.8697829924
4.83305799836
4.90995688493
4.64847337642
4.83538018112
4.92073767605
5.10148784659
4.86628516461
5.02745264075
4.75433470774
4.61074970202
4.41466667171
4.8073579556
4.92956047473
4.79524865074
4.86808660581
4.73683417548
4.86797148875
5.07606157993
5.00372034696
5.03974334274
4.75483636831
