3.90873906009
4.48846004623
4.68172787086
4.21772634202
4.54803813956
4.47267187381
4.5863192685
4.68971119374
4.62960708015
4.31010877299
4.09507624757
4.91323582388
4.59676482528
4.36451477639
4.54070401261
4.66108038085
4.45662925794
4.61691350901
4.62320074458
4.51960921629
4.6525976712
4.75729898995
4.74027731238
4.59620588316
4.6473298773
4.49598439728
4.47223640726
4.56562597481
4.47322032941
4.59720294691
4.55000502469
4.44893542743
4.44181228657
4.4560900645
4.62325944271
4.53291485075
4.55666965555
4.7546318159
4.34487006936
4.38657958537
4.70702771275
4.54573883391
4.33183461436
4.33355848251
4.16770838273
4.40864379898
4.48602647291
3.98968222473
4.04894539656
4.23988546275
4.79054399834
4.54267006406
4.61410727678
4.45425181
4.57750160226
4.59479313967
4.53546755175
4.75074640011
4.74122250154
4.46540489125
4.7327937914
4.90665279387
4.57609011938
4.51127623649
4.32221149241
4.57003900111
4.48190071824
4.55717544658
4.4569297318
4.47604699533
4.38356416059
4.62589694445
4.76630120799
4.69051979528
4.58292965008
4.47218999738
4.52996990006
4.5397724141
4.82683784425
4.74597294042
4.56700341104
4.76100673752
4.64859839661
4.69802759986
4.50675936639
4.55773727884
4.75903021488
4.73494599721
4.62211567056
4.83655876849
4.43536493198
4.69487785931
4.37102885554
4.35675109824
4.36710526394
4.29676651386
4.36954118728
4.50890922712
4.60055471744
4.5779925385
