3.58358732041
4.09540462806
4.41545576257
4.91921737721
5.09227174171
4.8117511939
5.14805443849
5.03960292111
4.91088671435
5.09313254165
4.6814072256
4.7741244203
4.88751923165
4.11912699647
4.5760654346
4.19981063901
4.94725699379
4.62106898457
4.73376914537
3.93439038453
4.30437976193
4.92761689258
4.79907577726
5.21300316276
4.48154112653
4.23188155318
4.60393379528
4.57137869913
4.76615441953
4.53512003698
5.01091854463
4.27970727152
4.67467352456
4.79375159273
4.92212066491
4.45558942697
4.10380429551
4.70713499319
4.29604914151
4.35064333436
3.93111762361
4.43470618594
4.09261934796
4.64342917077
4.52828376151
4.45809542459
4.70992486453
4.78567550284
4.74006012591
4.52861622343
4.36566549258
4.63851023335
4.62962533859
4.36268522014
4.50011934321
4.69021170118
4.73632127046
4.92014720804
4.91721311018
4.70738542483
4.67752892968
4.39402178518
4.89638514298
4.84057618197
4.60967506661
4.6985355037
4.53516367303
4.83441398769
4.71510778477
4.55195418982
4.70882127346
4.3159124072
4.64785792106
5.13403885441
4.67802405629
4.98403051832
4.66152374481
4.85801225109
4.84917979979
4.32980382508
4.62844934223
4.62256250119
4.59263110903
4.3564560005
4.42931029441
4.17953010734
4.54265203069
5.07783159921
5.13437354375
4.76704136482
4.90197225353
4.71534836704
4.25739278696
4.35216970958
5.14855931377
4.63163546378
4.65772692441
4.55702650351
5.23381015619
4.81825486579
