3.84400786416
4.55538180465
4.56823780723
4.75171595129
4.96379029138
4.31119794547
4.41865775085
4.71704228799
4.23469042937
4.6589471652
4.08098519667
4.29496737925
4.58941601988
4.72374920059
4.37819740286
4.1839617089
4.16299126402
4.43527908079
4.71329194334
4.50906215353
4.52533176466
4.54061389065
4.26382243902
4.8272363949
4.72210765441
4.76845217881
5.06060015976
4.94476482929
4.90223007056
4.31436537849
4.8928200212
4.534386756
4.37269606871
4.51736452932
4.67425944186
4.51969864088
4.62824562363
4.72360956932
4.6894258821
4.86685404135
4.95389500437
4.26341636692
4.67075339077
4.52587285143
4.94007738238
4.55190887914
4.51789697519
4.07845335686
4.45720828937
4.75316884002
4.51385065512
4.87203809093
4.2141430594
4.21349680231
4.98299696298
4.76680242842
5.2508553434
4.9658425884
4.9323779581
4.88110297747
4.44232144837
5.23452509807
4.91122225152
5.11708759875
4.87788331604
4.25298348419
4.38600747881
4.61679385598
4.6709704149
4.24083850508
4.874544076
4.98436995056
4.72564655843
5.03771937861
4.96457510032
4.38238467379
4.60256184805
4.3515938012
4.33045146064
5.08303772007
5.35432067578
4.97265643613
4.54880525858
5.15347208313
5.21799403824
4.68562776629
4.52853932503
4.86039936739
4.88482497025
4.80964708351
4.82796109199
4.88282300964
4.98317577863
4.59345809956
4.98915466712
5.02553702523
5.12206790878
4.93055002879
5.45811384743
5.11048494079
