0.328148668283
0.447369181795
0.531570512595
0.524572649841
0.558750305401
0.482063542448
0.487378355891
0.52677782521
0.495782794113
0.498037150425
0.449805216396
0.321581267044
0.439772838259
0.380742260046
0.429020558895
0.47451417148
0.3957814228
0.44130753643
0.474547851379
0.575478878794
0.554710471476
0.501745751974
0.449601255415
0.471712040976
0.352665812613
0.336705507433
0.373190188944
0.470052560239
0.5504754526
0.477289001302
0.481782401304
0.517304021992
0.577236483729
0.493715330456
0.518618162371
0.498823863413
0.564302621156
0.584942242637
0.558737870846
0.505056663512
0.581760854101
0.508482594991
0.478875841138
0.638757132676
0.467321765355
0.613183346103
0.500994660771
0.497655196486
0.583247309676
0.590193454837
0.566647882909
0.409220318878
0.500026458124
0.47063213711
0.571670782833
0.49950156457
0.567410766409
0.524758478874
0.580420620847
0.490667166696
0.470588731771
0.53156483633
0.562824073166
0.584327587413
0.579092899915
0.588327325908
0.558427429763
0.536350938755
0.489114559038
0.462835460245
0.628028178531
0.603619925774
0.457673814604
0.565677654888
0.463917479191
0.434917488309
0.536909572197
0.645852932689
0.52267635862
0.545383689971
0.530806957497
0.52586199176
0.528337354614
0.539259832795
0.463392868612
0.533936680547
0.46746641622
0.420753320685
0.375629267095
0.495537908193
0.617561927338
0.630827318024
0.598318556746
0.53324056396
0.46158663779
0.482024052011
0.481706887593
0.515948672953
0.583476128694
0.531138256635
