0.677525893785
0.967129063431
0.894088979355
0.92406052278
0.952715677714
0.907910478734
0.98
0.972775592634
0.950414145042
0.958609215265
0.951332007828
0.98
0.95832839489
0.957320403059
0.881888765349
0.952484094025
0.943395615279
0.882402726231
0.962102197387
0.979289612082
0.979254441642
0.916180905907
0.974205341915
0.979373716031
0.932767407971
0.950628515823
0.911207101602
0.957182570001
0.919411858214
0.914197392728
0.819362857237
0.883550708778
0.979762081774
0.896700741392
0.978793864795
0.952360072713
0.918899863154
0.902645876565
0.876169814712
0.855571322029
0.899999287874
0.971602974463
0.89156563818
0.978319993712
0.949058673546
0.97135012498
0.927869111211
0.968940893954
0.98
0.967400053752
0.947722106321
0.979600000001
0.884216384257
0.964601555074
0.977450893224
0.881993339233
0.929347443284
0.793565308903
0.88137178388
0.781865820317
0.878795702041
0.903394475747
0.959618845525
0.756064816987
0.829752980692
0.453619185323
0.889541142481
0.962493990588
0.933232454031
0.948211218307
0.979603597242
0.98
0.954269512174
0.979739411857
0.943400020986
0.948138093437
0.884969101262
0.758091036769
0.852360339765
0.831101371043
0.962243360619
0.97242727808
0.979788890148
0.933411662783
0.946156465166
0.929423942008
0.963071253478
0.846339955911
0.98
0.925481001978
0.979708314097
0.820992998431
0.86550058486
0.698356247589
0.947289037342
0.872103393708
0.503711684807
0.414624901234
0.292624901234
0.431624901234
