0.557624901234
0.940590077256
0.978444295531
0.928778488438
0.902484385126
0.966306386521
0.971487748349
0.98
0.98
0.895144557378
0.929497018738
0.917026336946
0.814139277009
0.931229157748
0.921124285486
0.98
0.98
0.940472752589
0.98
0.98
0.951335982539
0.973600004859
0.941342524204
0.878524706459
0.861577017976
0.964000595934
0.948033154628
0.855793671211
0.98
0.810456120588
0.762190349369
0.98
0.98
0.933712869581
0.925321999835
0.92456218439
0.915650994509
0.896036869292
0.98
0.900962866916
0.976042494114
0.98
0.98
0.904394751923
0.929054201553
0.867189611309
0.916864523146
0.865404556957
0.938012743543
0.98
0.937602921431
0.958320683345
0.951816131154
0.918409114525
0.979732151274
0.98
0.98
0.98
0.98
0.975298255122
0.978202904388
0.975787334422
0.978282726821
0.965411028793
0.780779713674
0.948526994122
0.963871985314
0.875113293904
0.877019466526
0.913212299355
0.935815918094
0.968231426533
0.858443030156
0.872222534803
0.972282594193
0.874349407176
0.950344357477
0.98
0.953606687812
0.943943481627
0.974320849159
0.98
0.98
0.953907736253
0.968800034757
0.928636467763
0.948275016142
0.969559858861
0.965252711682
0.98
0.909204755533
0.936347045041
0.955311810537
0.966531271237
0.816471015792
0.978811404752
0.967757763226
0.978800037001
0.868474356793
0.957888497928
