0.673717046886
0.95237338804
0.958013018923
0.970879618632
0.951629350585
0.971553959457
0.98
0.98
0.973692254625
0.979608087913
0.976815843705
0.979752508394
0.966985798391
0.98
0.970200330399
0.971804923293
0.943953612607
0.98
0.970169280112
0.98
0.8506000916
0.884764683903
0.943898341005
0.509624901234
0.705406823899
0.93739655861
0.978282726821
0.897355812404
0.86791398969
0.845610930916
0.98
0.98
0.98
0.98
0.98
0.867222018202
0.9756001214
0.96364454913
0.98
0.977081123531
0.86669353094
0.804406823899
0.873724777753
0.948638897674
0.978600018995
0.978970796581
0.913524706459
0.98
0.98
0.979133184697
0.95049850253
0.962253741116
0.912612732353
0.767981361596
0.98
0.887711558876
0.701760937202
0.771965363605
0.334624901234
0.265624901234
0.351624901234
0.287624901234
0.287624901234
0.337624901234
0.657600297401
0.937213766654
0.820599128738
0.829752980692
0.962461040555
0.83753453926
0.98
0.98
0.967160727749
0.98
0.853789527102
0.954017361933
0.830411612298
0.844600321788
0.97765870322
0.97709513207
0.968103655474
0.98
0.9279309084
0.932211204868
0.933798831166
0.976988236937
0.9796875647
0.98
0.98
0.851469393931
0.964850683354
0.978504164257
0.975222733394
0.934012206276
0.965588631535
0.929889236473
0.945443932369
0.964166863041
0.932158467654
0.888924848308
