6.82228706993e+253
7.99446615892e+303
1.27126498658e+257
1.9463847289e+204
6.44893187576
8.49806547905
9.98978480991
1.47598646241e+291
3.1165839673e+253
2.02505977349e+253
2.39850064606e+041
3.6717644157e+253
8.55338204571e+252
14.0236007182
3.98608984873e+061
7.82791352075e+204
1.97893912566e+286
217.844386989
109784.924611
1.02052746044e+027
5.47938311327e+252
7.64513683353e+268
6.64189932981e+033
5.74861678031e+251
0.890787994138
32573896367.6
2.72924345097e+211
137946.532516
2.91836903948e+013
8.36434051285e+252
1.06459568431e+253
1.69397794599e+035
3.52634614983
2.5659021022e+013
8.32344120358e+014
0.942969880596
7.55419260822
18745202964.6
1.277812606e+034
5.97831549147e+252
0.486596693731
2.91593907602e+014
1.02986107852e+015
1.02335592248
0.514098905269
7364934.78007
1.58394878286e+016
0.96462799129
35243831473.1
851530.147302
1.41382392812e+038
0.865550605131
3103358.29971
2.94272628411
5.66306981392e+254
9.00848474925e+017
0.26144827774
0.624918731216
576.838761901
0.196680069825
0.149652114167
0.182580207292
4.04310843483e+031
882.940997522
99.9797773475
5.03320468951e+252
0.189003471488
5.13251659072e+252
9.30270780591e+270
0.297244201672
0.140607296627
0.343568652792
0.389466122236
693.653083397
0.280894803078
2.46755605323e+252
8.47637186617e+015
0.516273499665
0.463301615832
0.339427236387
0.184925816637
362365518.554
8.60298070525e+302
1.10684296049e+157
1.30467981702e+260
5.52066154217
870119.170878
0.503263554533
5.26546800656e+252
6.21623717408e+029
0.815901795883
0.632942573782
2.62149213026e+252
0.697747139442
6.53489127016e+252
1.02935475904e+253
2.01810888509e+253
9.63156381636e+068
8.71472583758e+284
47.4292666478
