0.880498657696
0.915169168006
0.975879396413
0.964437154173
0.896830443239
0.98
0.98
0.98
0.98
0.98
0.98
0.98
0.965624340958
0.955719307171
0.967682486523
0.964400267132
0.98
0.98
0.973471610714
0.98
0.98
0.98
0.961834986526
0.942642095288
0.98
0.98
0.98
0.98
0.98
0.98
0.98
0.98
0.98
0.98
0.98
0.979798284503
0.978796164484
0.960823134338
0.974953549349
0.98
0.98
0.98
0.98
0.98
0.978302129997
0.98
0.974231016011
0.96534455301
0.941458369822
0.98
0.98
0.913685436142
0.973467839572
0.976937814477
0.978113543371
0.959548009714
0.973805578763
0.968701685061
0.97961201733
0.978795987084
0.98
0.90119336023
0.98
0.98
0.98
0.98
0.977026116948
0.98
0.98
0.98
0.979644540028
0.98
0.98
0.98
0.98
0.98
0.98
0.98
0.98
0.98
0.98
0.98
0.98
0.98
0.98
0.98
0.98
0.98
0.98
0.98
0.98
0.977177209774
0.98
0.98
0.977366746782
0.98
0.98
0.98
0.942689345957
0.970121091585
