0.849227545512
0.98
0.973702680688
0.98
0.977151489389
0.98
0.958527482967
0.957851472247
0.965185125709
0.98
0.98
0.98
0.970759711474
0.968163860972
0.98
0.97959866143
0.98
0.98
0.98
0.825625445782
0.827648157058
0.619827883324
0.717618366403
0.842700261858
0.851154416762
0.895235670107
0.965946727594
0.98
0.806443389808
0.902073291179
0.98
0.98
0.98
0.98
0.98
0.98
0.976367015043
0.971419595156
0.98
0.92992131194
0.969222492821
0.895349935234
0.945338078634
0.98
0.98
0.98
0.98
0.98
0.98
0.98
0.98
0.975731868886
0.970121091585
0.967741897752
0.958632852339
0.918134170561
0.977349258902
0.977332890685
0.974116915345
0.927212732409
0.872521967253
0.849593198959
0.97388912912
0.98
0.978499774525
0.98
0.978116630658
0.98
0.98
0.959859238945
0.98
0.95796462933
0.975726930069
0.972977270276
0.98
0.98
0.978505590268
0.979728366809
0.98
0.837478275381
0.877922695215
0.979638058778
0.949087944867
0.975965858579
0.963950114746
0.970479132341
0.98
0.975796164484
0.98
0.979693814694
0.98
0.98
0.98
0.98
0.974107128486
0.976352725137
0.98
0.978986890103
0.98
0.97818297643
