0.909975332678
0.98
0.98
0.98
0.98
0.940363818831
0.98
0.975676019302
0.913174997482
0.98
0.98
0.973175248041
0.976288831845
0.937905257669
0.967823986823
0.968629775253
0.807536305467
0.975621672291
0.908405186746
0.896927165458
0.93994905482
0.841703982286
0.951605571175
0.838264527417
0.911424095534
0.947391079695
0.963673205326
0.955312837308
0.971896851268
0.965252711682
0.976385454573
0.975508191482
0.938881139268
0.970051056902
0.98
0.969539815188
0.975871471843
0.98
0.98
0.98
0.98
0.98
0.98
0.98
0.98
0.98
0.98
0.98
0.98
0.98
0.98
0.98
0.97451701604
0.98
0.97566620782
0.978811404752
0.98
0.98
0.953057688022
0.98
0.971494393729
0.974315067447
0.979
0.98
0.98
0.98
0.98
0.98
0.98
0.98
0.98
0.98
0.98
0.98
0.98
0.98
0.98
0.98
0.98
0.98
0.98
0.98
0.98
0.98
0.98
0.98
0.98
0.98
0.98
0.979600000004
0.98
0.979599226644
0.98
0.98
0.98
0.98
0.98
0.98
0.98
0.98
