0.852061587644
0.962534832896
0.98
0.974304330609
0.949150809981
0.972921622878
0.98
0.98
0.98
0.977600381405
0.98
0.943236747922
0.919393308349
0.962413483592
0.913241969861
0.93938030392
0.94519294289
0.974764927128
0.98
0.98
0.98
0.91425503107
0.952813187534
0.978276342882
0.971774316255
0.98
0.97960000104
0.92190040997
0.976811404752
0.951309119538
0.979708314097
0.946075515412
0.921650660259
0.873922769701
0.953814571896
0.960896084794
0.98
0.98
0.98
0.98
0.98
0.98
0.948544442155
0.964258266428
0.97400005539
0.966516751347
0.979742872486
0.979133184697
0.98
0.98
0.98
0.98
0.965619108985
0.98
0.98
0.98
0.98
0.98
0.98
0.98
0.98
0.978111259493
0.98
0.98
0.98
0.98
0.98
0.98
0.979
0.98
0.98
0.977118822621
0.98
0.98
0.963221062357
0.960686995628
0.98
0.98
0.98
0.978209942936
0.98
0.98
0.975800180195
0.975704040926
0.98
0.98
0.977164875091
0.98
0.98
0.964992189601
0.978076271279
0.98
0.979524163547
0.973279429928
0.98
0.98
0.970239783738
0.98
0.979708314097
0.98
