2.54362082704e+288
6.06977114532e+258
1.1231934837e+065
36727710918.7
1.89680984162e+222
4.21636515631e+252
1.83859616349e+213
219660447.896
54637623.6543
8.92458756287e+013
6.46729272997e+041
2.75032368477e+016
8.00456249552e+013
3.36119992944e+022
39854.9102528
478130.589895
1.013180999
0.960534015833
50100036.0681
1.72671489175e+012
8.10119666567e+294
1.0980669214
0.51136903402
4.42825060812e+290
8.61399163677e+252
431224.894211
6.33786044334e+020
4.25721998582e+039
6.44210463459
1.44028537346
2.0682183888
121.875491352
0.271333444115
3.83677692047
7.07392923798
4.80144418512
0.142830976324
0.158926319014
0.0660673435408
0.0753606242893
4.88965602165
0.0980164273508
0.846536170151
4.38147225501
0.359761701883
0.303457773172
0.609881389499
0.437649879051
2.33008847382
4.48914955452e+036
6.94779432766e+026
2.39929725923e+252
397560.592906
0.145028942047
0.14764857851
0.07219987484
0.135057970612
7.44694153543
0.050269308128
0.0635038114762
0.0361758603602
0.0775995658815
0.0697538284598
1.28573392214
0.0514760972802
0.192798051933
0.0470794273285
0.0443375667997
1.62653233497
0.0451094995889
0.0786453116083
5.60144853857
0.102860289455
0.0449294744158
0.0455792703971
0.035860247998
0.0422773148943
0.179535386704
0.0497650613713
0.0437684698275
0.035209490023
0.0625409047453
0.0275246383453
0.0328878966543
0.000167658797894
0.0
0.0
0.0
0.0
0.0
0.0
0.0257884763149
1.13899967129
0.0
0.0
0.0
0.0
0.0
0.0
0.0
