0.980923935706
0.940573612839
0.877504549491
0.792492497706
0.740008295022
0.709351379669
0.65829076398
0.657253418446
0.635482284631
0.565392934738
0.558470959483
0.553488986147
0.565923073131
0.564774276497
0.635276134048
0.657147021649
0.619340298291
0.642540961256
0.649943322097
0.653518318522
0.706039651053
0.696212945687
0.707227344718
0.686075212676
0.688820332651
0.6930509418
0.667297294608
0.68255947668
0.668667655224
0.679767811719
0.705604683694
0.702646685697
0.688117953281
0.678668434407
0.697240994101
0.692594676325
0.665082071042
0.660253717247
0.661092385325
0.683914979605
0.66694090836
0.668761143249
0.653052969058
0.624785465559
0.647096411395
0.647415543953
0.661993637809
0.715073060166
0.68593074638
0.689250517536
0.664286817531
0.647370286703
0.599244255497
0.564445709617
0.602660240875
0.606191879668
0.67368357633
0.69350417649
0.694848903895
0.708618654686
0.696584627759
0.70795903995
0.696988338447
0.696590633533
0.696698376489
0.704551164501
0.697325664365
0.691514303869
0.704399351902
0.703704279286
0.714999522876
0.700835899026
0.691285390742
0.707207123262
0.708617887894
0.706636895785
0.707940108937
0.694150364568
0.694965883955
0.689565335707
0.67749834115
0.678864675906
0.702398416801
0.686930420611
0.68944044988
0.662932358444
0.586957787051
0.599733746601
0.590320225189
0.7190028197
0.670763126258
0.639913207743
0.61974148206
0.656635730408
0.629074112354
0.647784758602
0.626587259445
0.617131846154
0.665515181242
0.651556909693
