0.737751102901
0.957823986823
0.98
0.98
0.98
0.98
0.979755459972
0.959001048934
0.98
0.98
0.98
0.979762081774
0.963230412101
0.979762081774
0.960669573303
0.98
0.98
0.966990050026
0.98
0.975628381426
0.98
0.978282726821
0.881278655729
0.971420501795
0.98
0.98
0.975756314215
0.878666881917
0.879749405181
0.937091669911
0.937949939607
0.881726061835
0.97381411909
0.979551874864
0.98
0.974678995606
0.98
0.98
0.98
0.98
0.98
0.95443397692
0.974773525609
0.979603597242
0.98
0.885219694964
0.900617262943
0.956204705123
0.918500005446
0.968311400673
0.961303835366
0.98
0.976084184958
0.98
0.98
0.975394831679
0.946904395082
0.977603597242
0.969539977558
0.90908613999
0.98
0.98
0.98
0.98
0.98
0.979133184697
0.98
0.98
0.98
0.98
0.98
0.98
0.973179358533
0.98
0.98
0.98
0.98
0.98
0.98
0.98
0.977378756544
0.98
0.98
0.947210662898
0.98
0.98
0.98
0.98
0.972876018429
0.975076669927
0.98
0.98
0.896700741392
0.95677527697
0.906720770362
0.972624112218
0.971699856831
0.955598791277
0.98
0.98
