3.63732363416e+014
2.31353123748e+033
5.55868028936e+012
7.33877459207
509497833.166
3.20458729733
11.56453078
2.91083390796
3.90783115712
7.06390930742e+026
2.09726909447
2.33046338617e+045
2.43956448138
67.7808352913
28950335.0245
5.34398066274e+061
2.00830704633e+074
5.38519464301e+033
7.83322251511
10.2779536238
13.3553164186
126783.815098
2.00629136725
5.16617436812
18.0390146238
20.2006357933
7.27301146359
3.20139645316
12.7508694299
12.1302519637
14.1069280774
33.6334459319
21.5691203879
22.7412984567
1.03584858488e+037
31.3447424075
35.3103702596
24.4923083819
18.7843375861
58.7213558542
24.7580625375
1271.14395611
3.01039606793e+069
65.1644623264
30.8691273133
1.94974668242e+063
4.29407510184e+129
1.40477249435e+170
26.4820575128
5.71786929916e+034
1202346.87653
8.28494626915e+061
1.8626784566e+063
117.816626625
70.5142714383
1.47550920416e+038
2.97829911301e+029
3.12749298626e+035
141.415038997
58.6530112167
20.7499174441
7.4227292465
13.395536319
20.8317817104
1.02850988773e+035
23.8284583822
19.4713628862
59.8765180127
31.05902511
3.44891476149e+298
41.4307319084
479.656197245
13.6802825876
89.7281630692
2.08698987093e+037
3.30769310704e+035
3.86557554133e+035
26.1230838823
165.714562082
6.25663941172e+287
3.54242852628e+301
2.19120485451e+068
38.8699494927
3.2732386208e+015
2309.91597887
61.0002808663
209.384751192
111.311957373
39.3382520121
30.2936262192
31.6892924679
69.7719719784
38.0227515048
24.4290469341
35.49566947
44.5112042257
60.4212578902
7.46553124408
23.2438422266
7.91955919292
