0.000834211733001
0.0169863790796
0.0620121625808
0.139354513303
0.307327780409
0.30161285747
0.313930289373
0.342097453927
0.373678735447
0.293638088694
0.283063292981
0.327992847036
0.334920716324
0.350371725051
0.369492287405
0.357884176236
0.42977958964
0.420424761943
0.319950822209
0.270760585851
0.209522323856
0.184737692237
0.382037724764
0.37097800531
0.377343783026
0.322796703588
0.278501458631
0.220238263809
0.310617453348
0.354232038197
0.299614701774
0.325768931352
0.367913469972
0.368034382763
0.423386572646
0.4404214888
0.431838147203
0.480417514346
0.380590831228
0.234898556915
0.289682628837
0.310612008692
0.244363914793
0.233261784458
0.262756436003
0.249418137903
0.269330373129
0.414498684347
0.506466722282
0.54293397853
0.441439299502
0.368636339503
0.310314272163
0.35031226799
0.393219296662
0.493178438194
0.41934956549
0.428113112541
0.537583691403
0.550867939507
0.499023181518
0.464547568216
0.364110070306
0.342845859611
0.362047167655
0.30662726726
0.295107033354
0.351880587598
0.302763674898
0.29618406418
0.261440391823
0.295195619372
0.340598482604
0.336977453333
0.324068588283
0.373973494175
0.421402753504
0.411872321418
0.453348722396
0.483731770533
0.541079151935
0.50994132308
0.473937288647
0.440302403859
0.332984118104
0.342929482232
0.424087762276
0.420912560795
0.399542529367
0.462611999059
0.633666424321
0.475980075092
0.384275276737
0.377309309097
0.364637199483
0.333110062716
0.327159100522
0.38559113714
0.441418667375
0.371154066323
