0.00140352051906
0.0364298269752
0.113360271048
0.13704955772
0.108727257876
0.162702143818
0.151130033383
0.19037010546
0.19930244151
0.170895872276
0.190134129423
0.22907853151
0.275868483687
0.242329391161
0.193222268988
0.289492648385
0.291564993694
0.311656126814
0.314682744482
0.377360011247
0.379499674576
0.266308263639
0.229562306378
0.227292013432
0.255999504016
0.223017016195
0.226929343684
0.280754246166
0.224834439066
0.219884333268
0.264702728407
0.201580028016
0.229349036481
0.27829503745
0.236118991129
0.25287848192
0.191319128816
0.206883269599
0.225717239579
0.318038519193
0.31040261735
0.225333236763
0.214973605774
0.380236755224
0.397020187522
0.336561998461
0.24234533278
0.162497693098
0.21700437649
0.318212374689
0.290758820331
0.289920629344
0.318438073043
0.390166483286
0.304101030355
0.214726320625
0.259836654153
0.197131351102
0.181991390702
0.234161719431
0.202433121629
0.242432684954
0.275876260287
0.283329055643
0.259604950182
0.278828883065
0.348267422944
0.391818884663
0.30861585924
0.289263965181
0.287513447267
0.192825816226
0.119071979063
0.125298790788
0.186175653436
0.178690840281
0.137411382069
0.206172495725
0.336046908426
0.262027168207
0.235615503367
0.205907410409
0.327201882213
0.370713937251
0.312101456453
0.291285201396
0.301425736335
0.278723795536
0.271119523157
0.314738879442
0.259664726761
0.278648464367
0.296637914022
0.389141311511
0.382333617586
0.33212318442
0.263993283212
0.324152959482
0.424617987797
0.355596087571
