0.979818059771
0.895523728529
0.785874151791
0.722678021314
0.642622545059
0.591653317224
0.629214606576
0.576958696564
0.623563315042
0.661588420727
0.676653770095
0.630661642603
0.6355583523
0.635632424518
0.665698260723
0.737167604109
0.718801166759
0.739932512213
0.77761096161
0.755910765176
0.739116660779
0.705324559041
0.677179680473
0.688559803761
0.694568433633
0.680117481348
0.635345962901
0.652351209583
0.684723582661
0.686552847117
0.672573580443
0.687838107994
0.653655530686
0.664751552475
0.672684356827
0.6735542191
0.659473987317
0.707301080224
0.644482692909
0.630310230362
0.633873821279
0.665878444829
0.677908136803
0.628775545334
0.63796082663
0.677559552026
0.752147101724
0.614977941397
0.672735609329
0.689439620422
0.687070517379
0.686859825343
0.677980305674
0.705990694768
0.679520959151
0.645516071906
0.630599246745
0.694093575783
0.680847264758
0.6891999666
0.660992378149
0.663187226085
0.671140905839
0.651381845886
0.691288314816
0.696641805822
0.673428907335
0.664986822026
0.689140965409
0.713632073669
0.721027041802
0.711015234877
0.670915149413
0.661945761858
0.650464923201
0.682210779637
0.715442044612
0.708250263334
0.714239392043
0.704539972903
0.650889321481
0.668944196139
0.692296057582
0.659419523005
0.615430296184
0.628512192085
0.64068992341
0.611948021021
0.655706294298
0.653796800346
0.658501847855
0.650609728756
0.691973136064
0.672618884056
0.613157470657
0.597285957124
0.587184664547
0.617719874229
0.604574529943
0.590700177826
