0.980555773282
0.916041911256
0.840643466602
0.803587442388
0.738689135208
0.724537167428
0.72501039031
0.732241035144
0.620399360739
0.626949405561
0.643421078212
0.63446456701
0.68504569458
0.673088661508
0.675011218009
0.683900060475
0.653991494172
0.570647880254
0.572902858675
0.590821674556
0.608476153509
0.612007137566
0.602165657724
0.573977355905
0.547691061762
0.652430232024
0.561604396752
0.595970221094
0.539780776188
0.54208744624
0.58681684526
0.555107266056
0.64592734927
0.572292794362
0.555653554736
0.593304636969
0.603250837878
0.573628161898
0.581674964118
0.652766231909
0.684014052247
0.620092290625
0.662070130945
0.601569865447
0.620996845436
0.643974252878
0.592938893358
0.672169233107
0.617558546569
0.585051077431
0.589995999471
0.553526054391
0.631374833283
0.623781240819
0.622581005468
0.632513397666
0.59760641203
0.677341772377
0.628895727283
0.570155862783
0.63678402805
0.69915980923
0.706780137942
0.586467227752
0.610723374628
0.623726831695
0.596683456105
0.617030871
0.622337985246
0.631736981198
0.579082471799
0.564362762219
0.570769150744
0.662527932948
0.700697304493
0.715184392316
0.713300493292
0.664693425813
0.681512558015
0.61241572785
0.639417179169
0.637335189431
0.605298608525
0.617490428521
0.590807232462
0.608147457548
0.595450684289
0.626690788414
0.616864303894
0.567569472408
0.62522390219
0.625038549667
0.65716355408
0.659009162851
0.67237505837
0.613299166833
0.683334736364
0.706713798613
0.710563625651
0.712957152711
