0.310396635395
0.636478417023
0.57342199664
0.707506814798
0.626597599201
0.574322753271
0.6370129606
0.61181675876
0.676322418042
0.696180865477
0.702544876059
0.717731749856
0.680955106216
0.684777829242
0.676228621648
0.673046936172
0.647654749854
0.686529071846
0.730685137031
0.695816403638
0.655110751327
0.671226038564
0.746177954977
0.632001161039
0.65949366249
0.715324341446
0.754204222424
0.681795543518
0.644504123748
0.67913653275
0.63662566711
0.685413950075
0.730348121091
0.710729915335
0.665349567737
0.662909061776
0.769503639116
0.755335921454
0.755965153921
0.694739027714
0.648126891474
0.582110976027
0.69988071801
0.740094228351
0.797100730627
0.79637136431
0.750570285785
0.682278583328
0.703869929287
0.698910444478
0.656445517015
0.757716366933
0.674155691836
0.696567780258
0.673331921083
0.667064452347
0.610143367443
0.631161018088
0.65164090055
0.711820443331
0.727303646379
0.730558452739
0.746502900104
0.723638505647
0.709606266133
0.659358929339
0.762265380868
0.749632274263
0.751642859248
0.750448943902
0.76750773749
0.703417385602
0.678609072951
0.567984879797
0.604702188822
0.698105044889
0.735881881235
0.753783683739
0.779064997206
0.748945633776
0.807962872933
0.760717210469
0.744707227349
0.723056195574
0.788134513197
0.745953489581
0.746647263476
0.679872682181
0.838259389337
0.750035463531
0.673023084963
0.666341263101
0.77480896482
0.772867861005
0.764879646043
0.691722669482
0.697353385023
0.710437660952
0.751045729593
0.749064864147
