0.312036329518
0.52115852881
0.428615370729
0.530544041166
0.522563716138
0.503076855372
0.566641436955
0.635875025947
0.564443459391
0.579883996276
0.590931236076
0.635627575852
0.551350436791
0.556807834919
0.589214781823
0.558290977605
0.517210320914
0.542559837247
0.642790596418
0.605980866645
0.627600483454
0.636344423879
0.56666133875
0.607513485829
0.585321650952
0.603471060972
0.536644096289
0.553527208989
0.559639680127
0.621438263006
0.664378401002
0.619349610857
0.627968644247
0.584597862537
0.490043977004
0.578201608079
0.595562143112
0.604991875569
0.562743346613
0.617485946115
0.57394109057
0.594483761753
0.611611907079
0.613477352475
0.555541058329
0.638528227769
0.657235659048
0.605369182076
0.670332355443
0.668195988769
0.582815474035
0.586388184324
0.592455086929
0.692706069969
0.717298993898
0.703010750159
0.672868059112
0.626859492788
0.620337686245
0.630956466736
0.637530760629
0.577338518339
0.636558940409
0.594472127297
0.579963626619
0.578059499744
0.522503353841
0.66464325271
0.70459966084
0.738962048557
0.662975308084
0.637958144193
0.679288382903
0.681432538317
0.700248627263
0.656805802231
0.701406676788
0.638551753436
0.562767770177
0.572126944521
0.647469587862
0.635274470389
0.570697207702
0.614766610282
0.594592546354
0.631369479621
0.602697928637
0.674233460929
0.63197342295
0.622336280134
0.696517466556
0.697865994693
0.635143413845
0.668726069979
0.704164482683
0.745764726641
0.713712722881
0.667312110387
0.645879765484
0.636953698556
