0.278199531435
0.353037987635
0.392195653793
0.434180870838
0.665590949836
0.469995831924
0.530390906217
0.486535357694
0.465051056858
0.421526553134
0.487167014023
0.576550032593
0.538691195743
0.576450446664
0.57235270833
0.617618047785
0.5760799733
0.537744372956
0.593480219297
0.48442292271
0.562668567368
0.590274501291
0.640586268614
0.659320121763
0.721271217296
0.651994784286
0.685324497794
0.62480973472
0.664768845614
0.610173941846
0.557954639026
0.634894492216
0.612863238728
0.686454981242
0.613010464557
0.671690055978
0.64335037917
0.640813703099
0.569165780717
0.627755498252
0.687980918329
0.630998361385
0.66671291387
0.68211009695
0.682204118057
0.656287925797
0.632818432958
0.576030566849
0.598769724563
0.558960251929
0.500460045489
0.636331699346
0.583124514996
0.5333491512
0.601651173066
0.648467837364
0.639765338795
0.580184167235
0.609912327863
0.611397579754
0.731661298339
0.716968046324
0.704608564626
0.703933954772
0.614784493313
0.679270414743
0.718440771616
0.617814144332
0.692081868852
0.643080948497
0.642578819895
0.588956972311
0.612779788582
0.530213105684
0.65803162317
0.657029266439
0.682660421982
0.656338121677
0.703733069515
0.620228100074
0.70379113352
0.641634606028
0.675816702408
0.71748904426
0.62146468983
0.683889875721
0.670174752727
0.723854492735
0.630993501377
0.684179525008
0.710568260313
0.773669760012
0.716405849314
0.68636370592
0.687871160813
0.729355205627
0.696777005437
0.650887666211
0.710446515976
0.697398340528
