0.315988853519
0.471915893377
0.552949000579
0.603622157814
0.565933475452
0.450913271091
0.63464009267
0.668057846279
0.749777152703
0.726474615962
0.644313439984
0.626332777377
0.72282565288
0.766834078846
0.696446926085
0.687952704311
0.633490786425
0.664597877652
0.579482828829
0.59609686578
0.627332816137
0.761722286625
0.742862107199
0.71741449343
0.663734738147
0.745783233693
0.704820161143
0.749661856308
0.664143121906
0.592476843428
0.698506518477
0.672356056285
0.649095609415
0.650508745777
0.64847401971
0.570351566665
0.664822925701
0.68309748537
0.703118112569
0.639804062685
0.607179519677
0.596115195453
0.718283399146
0.729209367144
0.705826459975
0.544861840127
0.550574521845
0.558158831226
0.60550891618
0.57929642973
0.45797396637
0.613243893037
0.651835080169
0.631953714367
0.721293014446
0.763218436349
0.743179075327
0.666600064461
0.683177676212
0.512489587961
0.619476420282
0.608638226129
0.587308682818
0.683820692196
0.707635309219
0.721118970499
0.68770855168
0.623084521215
0.576738068252
0.478493396948
0.633536548834
0.607920352077
0.703833866992
0.79773071595
0.740904078304
0.634808393298
0.554637352991
0.741586594941
0.732856804628
0.722712779322
0.69137526481
0.664466676048
0.704001594132
0.722082464656
0.743881829813
0.760840401308
0.779716463471
0.663497363498
0.475686128822
0.557380668594
0.599300526866
0.605878893069
0.68934199326
0.634043536953
0.608963536621
0.637767745893
0.668381375739
0.687556761441
0.565814242293
0.632195473657
