0.289757808899
0.361939179964
0.414228820086
0.480856222927
0.589443282679
0.593052822267
0.607081154696
0.612054613024
0.65373558725
0.576743710391
0.550566887258
0.641474185089
0.623994756124
0.652345567232
0.605364120405
0.561229328934
0.619580686664
0.588718575081
0.619059666377
0.634344764419
0.587497201161
0.53994022515
0.48623947644
0.396608439366
0.478575605005
0.677743287442
0.637660656413
0.60777922241
0.60395259325
0.577022805213
0.609424771557
0.64115738864
0.573529156226
0.68311991863
0.640048743206
0.608453457466
0.591868312517
0.617142553418
0.591188326094
0.58542117665
0.654910639373
0.607665456761
0.59622548139
0.635728575533
0.636426020047
0.602481377458
0.72315438386
0.749123955649
0.656866049154
0.674805927911
0.75201270476
0.657067089603
0.583276163204
0.691495958403
0.70578869565
0.656173251237
0.728485566387
0.709152114159
0.777991077043
0.734882839498
0.811220880662
0.718791032578
0.729291293102
0.756338171046
0.685551516375
0.643691633446
0.679828951957
0.684111218059
0.722595046215
0.720914900142
0.755601690316
0.727229414177
0.648863985541
0.687840714783
0.683275792411
0.718135402863
0.695962246714
0.671021477289
0.762437856094
0.649208325117
0.564366560045
0.584632258649
0.647360801427
0.758380908981
0.596310515363
0.615956319242
0.613915307638
0.602067338308
0.680923202144
0.763454178588
0.699888895638
0.633044739951
0.698493210474
0.704645661809
0.715177059827
0.676484579423
0.707004791453
0.575398964613
0.721428403561
0.580181847283
