0.315548890991
0.470601718221
0.593864456087
0.657554004032
0.602669690284
0.667977565659
0.727351097977
0.699352834844
0.570080123835
0.621176477398
0.66215762132
0.688886069481
0.662324788717
0.588703392765
0.645735772204
0.707998215373
0.584858075468
0.631728856422
0.625046042019
0.633256099887
0.561710770298
0.575482045437
0.477888962838
0.497824314359
0.583516857799
0.470421963746
0.61205095512
0.586954976347
0.592373262957
0.658884447689
0.646650229757
0.662149491371
0.746689037743
0.650134914784
0.640058207154
0.547542128076
0.704802868504
0.540824627184
0.636881526494
0.62675195946
0.666147514176
0.636298676806
0.467114125196
0.464518466371
0.381380224696
0.433725510126
0.619919502789
0.705702850844
0.51173480963
0.478987193189
0.560392345319
0.45847792968
0.693833304421
0.67979979118
0.636346584787
0.557169231858
0.512280030359
0.570588394705
0.604482358298
0.604720335617
0.434137648078
0.495315455043
0.340484030078
0.361686522798
0.402116985836
0.402396759647
0.360236833352
0.408626556412
0.576365345264
0.519547369347
0.52562433105
0.470320436259
0.577358798387
0.39912976897
0.489808223215
0.648766451727
0.630518922036
0.566548612776
0.536504788579
0.595660212366
0.654592245681
0.622306492168
0.584926261304
0.633962777087
0.629255910061
0.676996712183
0.661119600267
0.644478566087
0.637522783649
0.630668870189
0.605301857726
0.656176131687
0.654315915614
0.613327863277
0.675928710961
0.58073688328
0.548328649615
0.522223021357
0.504805454698
0.526332983862
