0.301484961082
0.379884832181
0.389260625005
0.340935248267
0.31899566422
0.382017943985
0.366590163508
0.414337390113
0.380635076522
0.374843558159
0.50867686358
0.487598191042
0.547744260628
0.507099390615
0.52364091944
0.446917724449
0.366755418828
0.450187043799
0.440571026351
0.437493976233
0.369334052278
0.439893023382
0.570245690687
0.553291921199
0.466459850028
0.415806288271
0.383445743732
0.360729603236
0.446553848237
0.467688133957
0.32105559545
0.305799480757
0.399594586896
0.425519865494
0.34519138258
0.260438694554
0.382864686278
0.342838324641
0.376785447049
0.48183659181
0.575593660994
0.496312964407
0.46978458062
0.502843093517
0.468841340444
0.390287159967
0.443087078771
0.380192625387
0.412142155994
0.466787378303
0.437466358132
0.389499243498
0.569878538474
0.530924278979
0.538708532699
0.577001711576
0.55684033014
0.474383426695
0.42078146874
0.452072748412
0.400509966872
0.420997250358
0.380726685682
0.371196248079
0.42002618481
0.392041668513
0.364280677783
0.446155036025
0.453648088452
0.492930172246
0.430183418627
0.504290548054
0.528038251774
0.45568418562
0.420288919898
0.378030170864
0.484042811164
0.438879955037
0.363210298044
0.425514285098
0.457919867586
0.472033152511
0.420105577649
0.418359977865
0.549508262447
0.468726584694
0.438378255977
0.499304290905
0.485384973882
0.495294365988
0.454229034918
0.389212818441
0.44926058459
0.465373791543
0.45063444017
0.323253555636
0.446145503195
0.374752435609
0.340149023326
0.525137150231
