0.316255540693
0.363439090621
0.416386108176
0.403170264989
0.42424752737
0.327195766514
0.341821297983
0.463403901756
0.447987392691
0.510824097581
0.577634385458
0.524637691715
0.544448489219
0.383800048237
0.397910710115
0.484500897033
0.560858217952
0.546699008464
0.511390007747
0.523805178641
0.47623884839
0.467103567865
0.447056505382
0.46959893394
0.570360389442
0.416919985577
0.385958992724
0.491806910899
0.478959032099
0.457188225833
0.470746616735
0.432358037146
0.466601115944
0.516522473008
0.595801129744
0.482133882238
0.482967362079
0.440290542824
0.436028196387
0.44845184459
0.470703141146
0.431320254827
0.472383127183
0.330036727154
0.290568705076
0.450474952258
0.415350085612
0.360083424783
0.351728414381
0.528607430567
0.478341781752
0.510239160354
0.587278658192
0.513543966454
0.518274962788
0.466281091859
0.401433445286
0.538158512547
0.496386063823
0.423772968249
0.410444707468
0.361242277368
0.473287256544
0.58604256673
0.511891858223
0.527858740906
0.575507281201
0.547191397095
0.473826610247
0.437117971865
0.495877316346
0.390702246299
0.437913212617
0.393226409438
0.397233123946
0.569338560155
0.50844783511
0.516801108753
0.522937095255
0.489356303688
0.624075815969
0.554565442207
0.501969253581
0.479808216526
0.466453146435
0.452294722754
0.509857381295
0.491214234214
0.565430001529
0.568508044061
0.523006667207
0.535139389624
0.56316595965
0.430362112243
0.368855943007
0.445840720023
0.479084859757
0.549408963729
0.573225458025
0.535403462193
