0.993496240602
0.874183816184
0.742647058824
0.768748538012
0.836686824905
0.853510835913
0.79017131063
0.631578947368
0.731740763674
0.722659649123
0.666315789474
0.628421052632
0.610526315789
0.701350154799
0.65349005848
0.748842105263
0.703756725146
0.86127120743
0.899576444505
0.958857142857
0.965392176451
0.980736596737
0.872512820513
0.822528379773
0.909988304094
0.865755215717
0.919889920881
0.872208462332
0.9395500516
0.961890166593
0.974439284486
0.97128379773
0.986328861369
0.978219814241
0.985403164775
0.978645338837
0.927658172581
0.932433608531
0.966162366701
0.945813553492
0.904035603715
0.950663914689
0.965296697626
0.972199645384
0.93855640438
0.870790542791
0.904761904762
0.943641898865
0.980076367389
0.977020983832
0.972923976608
0.960652906777
0.947368421053
0.926743206054
0.926239422085
0.959396628827
0.98482628139
0.984210526316
0.989473684211
0.976101135191
0.967170622635
0.985497493734
0.957768145855
0.956022359821
0.907941520468
0.950271757826
0.91039869281
0.978947368421
0.963824561404
0.988489508084
0.987775713794
1.0
0.988912280702
0.988652218782
0.994016511868
0.991159920918
0.96868249054
0.978210354317
0.998011695906
0.978947368421
0.984210526316
0.986004127967
0.996859305126
0.957486998725
0.982842490842
0.99180952381
0.913855543837
0.964904115492
0.948349673203
0.960421052632
0.984210526316
0.952631578947
0.960979360165
0.983087719298
0.989217130307
0.969517715858
0.9337794146
0.925700378397
0.939220993661
0.956749914001
