0.991639515455
0.874159174159
0.590424836601
0.550877192982
0.559649122807
0.590350877193
0.488596491228
0.635673202614
0.451744066047
0.430068226121
0.455475633528
0.478692007797
0.488245614035
0.584210526316
0.583363719757
0.573044834308
0.63615407391
0.582361885105
0.613561288843
0.601211460023
0.592098383213
0.39882070372
0.465789473684
0.399122807018
0.423984233459
0.471695906433
0.50573672744
0.535087719298
0.567543859649
0.614459809655
0.573174406605
0.602003210641
0.565013645224
0.615118257559
0.606087375301
0.508771929825
0.556022245155
0.560614035088
0.588528093109
0.607005847953
0.543953216374
0.577657522073
0.586362126722
0.602262756565
0.670979016168
0.59382717446
0.646799989226
0.594118892001
0.628454449031
0.56125338264
0.554771929825
0.581520467836
0.586842105263
0.576631578947
0.507613605091
0.573298245614
0.530467934542
0.527750487329
0.489639376218
0.580247219356
0.543937621832
0.557862139008
0.514966842697
0.459453044376
0.470156346749
0.551285976379
0.504385964912
0.507894736842
0.564912280702
0.561253067309
0.630625673661
0.604385964912
0.634705653021
0.631821465428
0.655979675496
0.683126734319
0.744684095861
0.692280357757
0.694961558308
0.598612171769
0.466412022704
0.537593129064
0.633967189444
0.641960927961
0.710526315789
0.789698658411
0.684985294118
0.695524366472
0.653396800826
0.638564384818
0.62711787639
0.585576658464
0.537990196078
0.556179337232
0.483111111111
0.471929824561
0.505263157895
0.575438596491
0.480701754386
0.476964367618
