0.989264828739
0.877328914472
0.871047619048
0.831015037594
0.842669172932
0.898788638262
0.805045391256
0.805512596852
0.817364961969
0.818704334365
0.837310648626
0.844426900585
0.76954905783
0.78639538525
0.785077117127
0.764094455911
0.743247145642
0.666049669724
0.370767843268
0.262316293184
0.403346974777
0.527810252756
0.465571603797
0.263669515565
0.148552717578
0.104494152047
0.0303676470588
0.0539994410045
0.05
0.0
0.0510880632955
0.0
0.0251842105263
0.0264255245958
0.0284067337461
0.0
0.026727124183
0.0
0.0
0.025
0.0
0.0
0.0
0.0
0.0
0.0
0.0276676556588
0.0
0.0
0.0
0.025
0.0
0.0
0.101578947368
0.0
0.0
0.025
0.0502251461988
0.0
0.0
0.0
0.0494298245614
0.0
0.0
0.0
0.0
0.0
0.0
0.0
0.0
0.0257631578947
0.0264707602339
0.0254795321637
0.0
0.025
0.0
0.0
0.0270760233918
0.0261114551084
0.0
0.0267777777778
0.0
0.0
0.0
0.0
0.0
0.0
0.0
0.025
0.0
0.0
0.0
0.0
0.0
0.0
0.0
0.0
0.0
0.0
0.0
