0.99454887218
0.82127031857
0.649848039216
0.537364327485
0.477410526316
0.282097566219
0.322911455108
0.516894736842
0.367149088407
0.547148823794
0.429473684211
0.576209545073
0.618128654971
0.670568421053
0.664197660819
0.686683040936
0.708938648091
0.737368421053
0.716101754386
0.753442139663
0.711203990368
0.686811145511
0.643268489852
0.727497076023
0.719210526316
0.643872996216
0.613504274166
0.627631578947
0.619760887513
0.665526315789
0.682336842105
0.660206398349
0.662631578947
0.665717707258
0.646656140351
0.700497857389
0.714736842105
0.638833918129
0.642436842105
0.591908427933
0.662829807362
0.653961575507
0.65618879429
0.686596491228
0.633430151359
0.62
0.572369375645
0.539907671139
0.552792397661
0.590526315789
0.661052631579
0.734431854145
0.717287134503
0.717923116615
0.650580942552
0.703421052632
0.555789473684
0.666300257998
0.707842105263
0.680338381493
0.645263157895
0.652894736842
0.697681458548
0.715661025112
0.637385295346
0.517087246397
0.544925696594
0.523087719298
0.589660818713
0.498782249742
0.453377364981
0.482663192294
0.490526315789
0.514736842105
0.560293223254
0.545796491228
0.530780598555
0.635623254214
0.555457309942
0.582835087719
0.521052631579
0.568959064327
0.657973340213
0.693502646511
0.664628276574
0.678384549609
0.726603744656
0.689079463364
0.696860818713
0.679364121087
0.728094633643
0.741052631579
0.779868593051
0.775045614035
0.822105263158
0.802163880289
0.796734502924
0.797651461988
0.798456140351
0.792569934641
