0.304541376264
0.41796838601
0.523852118638
0.583380131499
0.617658794088
0.606233904263
0.563690089788
0.454175259167
0.546374479397
0.53683998236
0.556478097045
0.503084304557
0.613516052742
0.526559219681
0.465556781402
0.378993843587
0.51491540725
0.61965507471
0.651750075658
0.622175022138
0.644807177336
0.562732908437
0.573314899324
0.526080370629
0.35766003913
0.312600468492
0.482012821737
0.49253113971
0.515721301187
0.526596555941
0.628857150864
0.59248046194
0.612977577907
0.459936360397
0.473883691825
0.373411016155
0.502941315581
0.451025940068
0.536898400117
0.562295031136
0.60464987442
0.525767876146
0.497585267791
0.49479436267
0.455999652823
0.422781410398
0.320628872064
0.538565452199
0.673438893412
0.585513224006
0.575416798395
0.60706213235
0.487926112286
0.515759071569
0.455031539064
0.343161646785
0.548542991595
0.478271207138
0.52257156408
0.524253045919
0.495121985727
0.462933359092
0.44736178198
0.472376354322
0.483102250611
0.445586587881
0.481732102582
0.482637156167
0.508764062292
0.578418009735
0.707327974034
0.678863548572
0.639237105778
0.602651838274
0.56810867922
0.622450044589
0.592271807706
0.623905311305
0.604426148097
0.614727883258
0.651236199911
0.621283481225
0.597013027527
0.582572480399
0.593398926136
0.567008818891
0.615140742018
0.619180385426
0.566763392604
0.485334593471
0.422074707405
0.537729414847
0.628964999495
0.667621587573
0.578041412657
0.661745930787
0.603742923259
0.649007160193
0.553628857022
0.492831053062
