0.255292246279
0.341728623837
0.420544710689
0.445535720835
0.524250789284
0.382734000892
0.464234243112
0.520652407076
0.525260949787
0.481907526311
0.536636312922
0.575959238072
0.581721494963
0.525566134941
0.415839696345
0.34911544358
0.434702344794
0.457954158473
0.477526423147
0.489580928835
0.38148453118
0.482340474727
0.453136587749
0.357501858061
0.479335383431
0.516002250391
0.5404850445
0.571191404594
0.560523081926
0.651940296007
0.609861690071
0.572236752493
0.51334824903
0.542987858838
0.422772317582
0.524756192055
0.392355252871
0.450794649414
0.510201556805
0.540064313035
0.560895318469
0.532261709654
0.642602088357
0.551568181672
0.500658667999
0.514994799052
0.513385073007
0.545504852173
0.562986328701
0.52908391591
0.429952447229
0.364699959164
0.361693576252
0.463553383578
0.551664768218
0.641112649331
0.667639150357
0.528867697555
0.549440023398
0.567011666402
0.430637311495
0.431929824047
0.482568647691
0.373797471044
0.451345875105
0.576317815402
0.569921505542
0.577177795916
0.5237673661
0.395612126599
0.436735835823
0.441518332818
0.396994679792
0.263624485823
0.526455326668
0.54273891333
0.440569442109
0.476222901002
0.424562175438
0.381721834038
0.527391539479
0.469758608083
0.458483219611
0.486166935358
0.424474965223
0.454238122635
0.375426533652
0.489044399245
0.596679408928
0.491747476417
0.55722146883
0.593412766164
0.527869345314
0.531023083311
0.423494078307
0.300198946866
0.417568778569
0.56883389944
0.50897508651
0.481760415069
