0.25466082627
0.306904709056
0.404388796016
0.482589472346
0.558333631272
0.607493167295
0.613877806914
0.610770001491
0.547881896341
0.485799087945
0.390305791846
0.403665934596
0.552750775019
0.499139834602
0.556208263081
0.544464448899
0.550465758426
0.570149000638
0.455995170526
0.332553130984
0.427100995946
0.584864474489
0.594729237228
0.480055458571
0.514107577799
0.550676079206
0.533492158774
0.482570402233
0.536839370395
0.501334301328
0.474460060558
0.463464744212
0.580800603029
0.559223298862
0.576393998295
0.575251870306
0.585469558998
0.510817764769
0.50904565803
0.575963196851
0.488475697133
0.54889698903
0.533540289084
0.561694851905
0.501977189873
0.459692191637
0.427398700525
0.541191006365
0.579776962783
0.606071500913
0.628034671504
0.570428920633
0.512108299312
0.513342132538
0.592501508654
0.464280734893
0.544354029043
0.527500812127
0.579505907844
0.659319583201
0.689289904497
0.656423823468
0.608644098774
0.638391722409
0.681341535044
0.62137786259
0.632299331979
0.618024102038
0.576827020248
0.614502144005
0.5474784216
0.528944585294
0.533218612746
0.416978972408
0.431433814967
0.507351278154
0.595661175315
0.555240886461
0.576512026574
0.5853308894
0.534129277151
0.518165521973
0.325120858354
0.522004175018
0.522752495903
0.631308559225
0.581998259723
0.586004473069
0.604421803968
0.568830120841
0.536033693963
0.542283242589
0.573205579563
0.638465402647
0.707159071072
0.579765694111
0.555058546219
0.540360736007
0.399395121405
0.43658465281
