0.32042144552
0.38464748362
0.486706898322
0.520915573139
0.516362982741
0.419840395811
0.457219856136
0.47935276107
0.308011408388
0.472181541906
0.517261441329
0.424689752929
0.377785099394
0.475454946253
0.596834408729
0.622105297548
0.507188859252
0.53169942057
0.445530344573
0.43134333938
0.288795941229
0.464914857148
0.474647026296
0.560502566581
0.532989213302
0.557039297645
0.446071807123
0.557709375149
0.54772848134
0.56304930734
0.616565700793
0.582821804019
0.630295605287
0.475207228806
0.462983021592
0.449333039876
0.349977827469
0.480632111494
0.480102426807
0.471322600165
0.397693504935
0.480887329818
0.480661351399
0.570300138898
0.618524775619
0.450481880209
0.306429854384
0.515589309704
0.512720660446
0.531418307682
0.545319420239
0.499130163891
0.440827908016
0.388552625754
0.464999798934
0.464832245569
0.428326158536
0.450505557719
0.471060174872
0.469745495101
0.314874565755
0.531839345772
0.707796233371
0.64054459019
0.542331941285
0.582461405333
0.54362443815
0.494618092107
0.490428761618
0.503425754242
0.493858379744
0.453614832974
0.442334176686
0.36287666796
0.496875504086
0.559323825897
0.595942208085
0.503857433446
0.491789940453
0.511544858907
0.445329392055
0.443981464346
0.393988568924
0.493222948083
0.561551035879
0.525793391326
0.422485417073
0.364628360849
0.530729481401
0.53993358898
0.638662627463
0.627288262148
0.61987546057
0.625631895112
0.576986458733
0.515333946674
0.516574994908
0.473407023456
0.47982490607
0.364962379904
