0.296440192584
0.44255629224
0.522777472513
0.504824652056
0.491296838715
0.482816271888
0.594714111088
0.390700200213
0.460283218363
0.605308627911
0.535699005683
0.542337908585
0.485081149653
0.627082585334
0.58482504167
0.537050950514
0.546185236085
0.631792371646
0.514029770208
0.460198229757
0.369906263523
0.536169128089
0.560809744173
0.530669155943
0.574929744594
0.601748741596
0.581489192485
0.563439064053
0.547715295033
0.531291770001
0.413349852189
0.386278831874
0.514500090684
0.571465043835
0.594615844692
0.507236781547
0.485320085672
0.514517888942
0.533547558478
0.564346721342
0.6411878832
0.562366270767
0.57965994083
0.57064037391
0.53476602653
0.542732379889
0.552391681855
0.494961190024
0.543591266658
0.451581167009
0.403588680906
0.56280187619
0.546729072079
0.53425688013
0.547004292976
0.544017173197
0.517166525625
0.570288138978
0.543799309371
0.545929139593
0.485942337108
0.51361553002
0.521315971253
0.523219861439
0.536270531503
0.545594876321
0.434147844453
0.483940046593
0.395329398679
0.512222557087
0.554372659438
0.42051084234
0.460472540378
0.514941852893
0.57980644852
0.584820943914
0.513488757126
0.528156037818
0.558306398006
0.608982957336
0.544490584923
0.533916551362
0.491343747786
0.459904020534
0.482400819056
0.394430553548
0.455947667819
0.436881748703
0.569677546857
0.578850929253
0.457870535646
0.569159246274
0.537041676137
0.562894104236
0.55505098968
0.416931339074
0.588100809728
0.659605980485
0.525461244735
0.584192510174
