0.273368023014
0.365450658494
0.356536126798
0.396913913151
0.29631913705
0.34862186976
0.377640535452
0.498836561863
0.355254072834
0.331746787073
0.367616577469
0.348412650982
0.26992647749
0.329743594741
0.274232596285
0.338972185651
0.371558766126
0.344681364342
0.437206105154
0.53347060423
0.519878473133
0.573630078832
0.507346954153
0.372261951179
0.585306783007
0.544530178183
0.501395795061
0.478209191887
0.457959717703
0.453385209071
0.31145332095
0.249915974758
0.324801700065
0.446440904852
0.407962549084
0.390394521551
0.459361533777
0.424015037217
0.43345694652
0.60968008986
0.557480451859
0.584034739249
0.466865876254
0.442391598262
0.441560132277
0.554864419806
0.435267501752
0.433524691918
0.545522149236
0.54732639328
0.474913026418
0.474555483365
0.490422470792
0.576000781104
0.45373286565
0.448791168459
0.362059564403
0.389612666682
0.25634165549
0.331351978468
0.440962991123
0.392826526755
0.391493282882
0.327910598834
0.324191025749
0.498677879214
0.549040496258
0.497305766866
0.50527618632
0.517568984431
0.464340873104
0.445841551366
0.448943841008
0.35237434739
0.328159710109
0.44597251581
0.386875909924
0.436196432067
0.588727280958
0.473734702115
0.483316180906
0.442777003595
0.521422110702
0.471565703411
0.495830518172
0.485479026403
0.483100255908
0.434216054807
0.36277573916
0.443011436996
0.420428863542
0.425758753889
0.307339840142
0.360502523846
0.379418936733
0.403167178979
0.423026663815
0.441523094732
0.414317626436
0.568391347396
