0.264281145077
0.356040608863
0.411612399958
0.372772969826
0.390021015214
0.37034507887
0.407566721026
0.413380531381
0.399049906193
0.387967417181
0.346233202325
0.326328690477
0.314780878836
0.387383293356
0.407732053075
0.434307817129
0.457520943577
0.532718295706
0.488670991438
0.46115476587
0.492732582832
0.540322419789
0.380977990979
0.377539817271
0.318580892116
0.347798627124
0.393808433083
0.348871216316
0.314052564588
0.245455497202
0.422283745622
0.49247722872
0.414630928241
0.475518986734
0.501003465617
0.429965656834
0.450471689463
0.509813645144
0.453537441247
0.401903422281
0.435899382754
0.413669075496
0.389103534104
0.368086375367
0.278595766298
0.275055021325
0.416786153394
0.472366236168
0.399836882848
0.437628306802
0.425729270389
0.491504472818
0.426771452697
0.314685005939
0.524527119705
0.419104219579
0.346358775004
0.335738897448
0.260488174504
0.34060323837
0.354096756605
0.602492535111
0.438798503309
0.417642701915
0.503608429374
0.514947253917
0.443171640776
0.462718004948
0.442240263921
0.47132666329
0.43643642488
0.323219776504
0.46869569537
0.403650917119
0.423018832346
0.460757667122
0.424295538129
0.420717102668
0.457739916475
0.388487573233
0.424074193913
0.399365846123
0.408189752109
0.320775356273
0.362912041659
0.373302043725
0.377551264015
0.339209763561
0.303270921956
0.347190581083
0.307118704134
0.493511482742
0.548097918278
0.544091566937
0.542117297122
0.538662239121
0.519346324227
0.480841905973
0.477061328676
0.35478565427
