0.284782609107
0.41835210391
0.485099592243
0.43666706821
0.496641580301
0.485474242617
0.520074115674
0.424967778831
0.451932751329
0.337824798118
0.528361528965
0.409580551005
0.371734399369
0.456455847677
0.435826222102
0.395338504929
0.327234136237
0.39950681954
0.413903223664
0.407052569148
0.379305882237
0.313260881264
0.464170985867
0.422396168395
0.291881840377
0.345140548563
0.492574712046
0.469189725595
0.333646651953
0.385675134217
0.388073006186
0.245884879496
0.385197945481
0.476220212301
0.274967243788
0.408752621877
0.522279907903
0.440655365472
0.428483272753
0.400014254539
0.489160912505
0.518956874852
0.486726139106
0.530400910655
0.449063133213
0.53142497716
0.510797146445
0.372871380011
0.33087912804
0.309188372039
0.265497201017
0.471325000928
0.447605408564
0.333323447257
0.258912440072
0.195302748195
0.231655499365
0.236646468522
0.239207291519
0.301382742104
0.216891458616
0.291144356943
0.210894841706
0.242627998919
0.340520272355
0.211483958996
0.216807125011
0.2369810962
0.496924311261
0.520946407677
0.407717701393
0.297512943901
0.510616649712
0.374967249922
0.481662680446
0.493288854725
0.377366983081
0.260619738935
0.359187496938
0.601121062548
0.50667567237
0.441446813867
0.352902974576
0.250643847762
0.424891822673
0.502643864157
0.549571022611
0.482477046401
0.466196807141
0.437541248495
0.377787994259
0.427948466093
0.337057293024
0.39454611465
0.38888947868
0.250322527784
0.389030705225
0.610918892366
0.598861489202
0.478604224855
