0.303925546403
0.435091684729
0.416538955304
0.50302902737
0.496522802587
0.553730721017
0.46286929624
0.440766712102
0.484896299933
0.54855213469
0.564987694464
0.459318318631
0.433095213219
0.473824178178
0.391166246912
0.4793398015
0.452519481288
0.428464332282
0.483814464972
0.46942094018
0.523157652315
0.371895268036
0.344319911751
0.4883615863
0.517285165238
0.432668189221
0.347523698047
0.440625659702
0.428992080568
0.285550610198
0.302170868956
0.420693611656
0.306525826973
0.264200551492
0.327785627427
0.271620576147
0.386673874914
0.357023665224
0.359934631377
0.39502901053
0.397687429272
0.316152171641
0.43074750668
0.418243340673
0.356266854766
0.31176715897
0.374513106524
0.318834395786
0.475617423082
0.55772639843
0.509200211444
0.528654062416
0.475071450923
0.383419318966
0.358212727601
0.411157556451
0.298151751183
0.314652450992
0.390599221545
0.466858235113
0.421695451929
0.46358023234
0.494867374002
0.566830505
0.606133351796
0.585403433482
0.534242876976
0.475418733592
0.385998454711
0.405559234356
0.473193597825
0.560585929567
0.485122996289
0.444657731953
0.367795471632
0.397663768754
0.453663228911
0.451381379491
0.406741679879
0.334237025946
0.307164599559
0.290275036325
0.348230799116
0.479173252148
0.397881417
0.409899349542
0.415959721174
0.522200229423
0.559447628827
0.497601396979
0.430070194431
0.450583943993
0.47604172727
0.512872001303
0.370152643692
0.378935616548
0.541270042866
0.428704024271
0.426453927968
0.339466873956
