0.302610650023
0.38158139685
0.440668579902
0.458559491167
0.306354527356
0.279704075391
0.29310114333
0.423167066199
0.510375060515
0.46810986512
0.430250197482
0.517874926578
0.495750904094
0.457808293625
0.503568269266
0.474369605163
0.445988065973
0.4416915046
0.526471858063
0.436194293507
0.500659838463
0.47105846403
0.606744632464
0.502135414077
0.495635741685
0.511510885944
0.488342339149
0.402496628804
0.437718692031
0.472834284889
0.48013078413
0.512165022801
0.423696363799
0.445211100899
0.399526560929
0.428900935542
0.395961756208
0.555963741082
0.578834402329
0.581141415667
0.468945163964
0.615612028867
0.53092192261
0.516305621488
0.573366338151
0.551278338317
0.528717277183
0.530368842511
0.561587502629
0.514811978088
0.600007978109
0.430913750691
0.372356550067
0.547928942809
0.46040851697
0.421502573733
0.3961448427
0.511897466852
0.49064140562
0.507477692367
0.497010407747
0.385544379493
0.427381416219
0.412416785836
0.490233696445
0.521841351059
0.575521409075
0.549507596356
0.447737364803
0.510914119516
0.548293705839
0.595921386367
0.390107985472
0.38804987349
0.468553452363
0.418284901427
0.535141879678
0.506494026784
0.502905832415
0.535284030281
0.494493880256
0.407918420756
0.467160918021
0.518876892514
0.374225588686
0.501024634909
0.530808216455
0.511326142639
0.452299349208
0.434366351583
0.450578537478
0.535992811401
0.57585824289
0.425111573127
0.53597600009
0.52992160913
0.599535038339
0.517272423109
0.60362393268
0.465764473545
