0.286477731759
0.367283851669
0.412431721865
0.376089711601
0.443654013153
0.407919608973
0.420612296471
0.399202012089
0.362048755081
0.414304333444
0.521286907305
0.511064768234
0.466559171038
0.454831298385
0.442201163123
0.380287093388
0.46156624899
0.471395983255
0.531034528852
0.507993683934
0.445547948307
0.356242387346
0.43811882162
0.45105195488
0.529050826909
0.544648352073
0.522723534777
0.610220988092
0.553772495082
0.564119140081
0.500590921296
0.461722348888
0.355980558177
0.294473794086
0.449293871652
0.440526066518
0.326433302311
0.210979409346
0.239956042068
0.321140612807
0.224858880313
0.263385150413
0.520183250373
0.614225911454
0.539989844413
0.517234163167
0.586205863318
0.566449053755
0.589770360538
0.594952134754
0.566357448102
0.54608988339
0.539237977615
0.555230644563
0.576286625215
0.508047074111
0.461927190099
0.448264137343
0.45559966775
0.487443181655
0.523740418065
0.469090657405
0.563609249684
0.580710981568
0.583581099847
0.478398691923
0.502127525473
0.455266146485
0.541700669329
0.40351890046
0.457072443399
0.495592041929
0.598694785593
0.561917852247
0.544545482589
0.444083276756
0.568562331813
0.58565734616
0.539637254019
0.469249260918
0.471886462703
0.502151626054
0.514920968528
0.46744069913
0.396740334052
0.469891794514
0.549069412291
0.396577456469
0.377358507056
0.437302819973
0.436144828428
0.342299629495
0.310558780666
0.432502902352
0.372256587119
0.391628653669
0.294642813996
0.400395914884
0.535402780845
0.469528045873
