3.77991178396
4.22866844771
4.80447894287
4.53445030192
4.66678211661
4.94204213196
4.58120491601
4.98467860734
4.92507131656
4.9520971248
4.81296212074
4.57283704621
4.37829445457
4.90529463967
4.6460945774
4.79356220115
4.95403805122
5.07058233462
4.04635595796
4.36728370413
4.38633243449
4.64152526705
5.03103758698
4.85381940256
4.82127813332
4.42005015698
4.85495501954
4.73279499356
4.49007740063
4.36581257356
4.61058413481
4.46580527198
4.89121997992
5.1821565252
5.2338823767
4.69281405625
4.8330798651
4.47335782241
4.58631568056
4.30742513634
4.85558551216
5.09118862693
4.43433099551
4.71016630958
4.87896515817
4.45091545025
4.94437926319
4.8747344649
4.48361293979
5.12126456496
5.25825417658
5.23348579489
4.88361734726
4.96581143384
4.84118222738
4.92893776238
5.14475052683
4.53220625266
5.09998495665
4.7025158637
4.49364389727
4.52343660004
4.68323446204
4.81140982724
4.9337138715
5.07100665967
4.57267174882
4.94660292859
4.92651623033
4.5451324561
4.93884063543
5.10262557432
4.92890865269
4.58246633321
4.85188565964
4.96063076316
4.77102776262
4.70737253071
4.40559132495
4.61857674916
5.01267033399
5.05929713639
5.08730305199
5.02844888647
4.7007986003
4.99297323923
5.03316364456
4.16235843532
5.03963026237
5.25944795343
5.04227616112
5.1251750987
5.09947089479
4.98684622767
4.99768341719
5.1594429226
4.87497332501
4.35453908447
4.73644276804
5.21595142409
