3.34606513385
3.97955828427
4.56339840913
4.40025256973
3.95838626886
3.79082976575
3.75007351233
4.40690612503
4.1708189639
3.90479619782
3.8324253479
4.42770114974
4.20287732467
4.05220062682
3.9001734713
3.92786461502
3.58501475477
3.47543446783
3.67151967608
3.79525456316
3.60097244374
3.9538063682
3.74096939006
3.78714173488
3.39654032475
3.44311823512
3.88441831218
3.43142580573
4.04012283077
4.05721652785
3.99256599661
4.15879736643
3.9978633566
3.91299932197
3.61228119135
3.82091579697
3.25196394924
3.5726836038
3.93641851895
3.84707506146
3.82128772414
4.00329394871
4.24983415775
3.70887041211
3.96209855326
3.98219341916
4.07415491897
3.86392237613
4.3165312687
3.83228927985
3.7322606416
3.52679495594
3.669615902
3.62696103262
3.85012715191
4.24521301377
3.90493357759
3.76834475599
4.143747445
3.95158103797
3.09345780874
3.76626299033
3.8454324946
4.03637272665
3.62170906169
4.12407716829
4.02962084061
4.04407178573
3.75874283301
3.94657547834
3.73741365117
3.50200027582
3.96303371783
3.2120671709
4.316596576
4.04381641674
3.7507769057
4.0676791375
3.84772574822
3.7036338656
3.96405946556
3.89468898633
4.29550681649
4.10353539358
3.89880482095
3.5516088994
3.35525564809
3.91335083763
3.84795464608
3.70826097858
4.07949599028
4.04629036416
3.95104704212
3.75315567614
3.80097993767
3.54787399632
3.99423611817
3.88765225262
4.21582453668
4.02948057054
