3.28486054394
3.85035063879
4.18557940466
4.1135979808
4.15663668454
4.15994530701
3.95042120074
3.96378730146
3.65744555542
3.54300489295
4.16309691137
3.99636603362
4.21546948777
4.17498531825
4.1480884058
3.62582054118
3.94351719179
4.28513706515
3.66939775839
3.71397494622
3.85313366891
3.50795950127
3.60522202651
4.10277996804
4.32460107944
4.08990875812
3.85247447551
3.98296482629
3.8511766495
3.8567638526
4.06252840136
4.13369042174
3.92575848436
4.02203997329
4.10146297468
4.14041302202
3.6550771957
3.80035261358
4.6224587714
4.47395094023
4.43641147724
4.59474352186
4.51774272024
4.48806021793
4.45888276841
4.39215752573
4.23571067452
4.42370411895
4.37785962218
4.29434657813
4.28479999286
4.06126706872
4.28314706101
4.86252014636
4.57233337531
4.56000307932
4.57501356071
4.4162675137
3.9724134517
3.86096252436
4.57729073255
4.24030276661
4.81133463648
4.82970988673
4.65432908662
4.67323436161
4.54276962208
4.62790443407
4.28904339346
4.53715980916
4.28090373338
4.07669709069
3.95386495041
4.32324067574
4.48034159483
4.57992538491
4.4881899242
4.59136973378
4.39548119688
3.98140390401
4.01501794534
4.25819602928
4.38047842366
3.97883508232
3.9798703868
4.29295543397
3.75605394901
3.6447960722
3.36643681208
3.69806465194
4.33279487959
4.42153115266
4.57381003406
4.44096705183
4.24201068304
4.43743914112
3.93983567048
4.06508472432
4.14716527841
4.15176774326
