3.55543076775
3.80379087432
4.04468701982
4.41127497004
4.46823668408
4.00572464596
4.14097376903
4.21109461312
4.3168147774
3.76009588862
4.10045121821
4.0285284791
4.13584182355
4.1103809934
3.97592049754
4.0095075637
3.92226111103
3.97661382895
4.16980309787
4.62284567097
4.20771924496
4.36287204344
4.43858548827
4.3154536206
4.52361804722
4.32448183537
4.31803599912
4.13977605411
4.40618095202
4.07014089789
4.41734107262
4.62990109896
4.33477999238
4.47857006727
4.65257247105
4.53299707475
4.17161292632
4.302276275
4.11289588741
3.86973989651
3.98326685695
4.16093826854
4.16900651735
3.96091551936
4.30833364876
4.53514990125
4.88416308627
4.02152833447
4.40558109921
3.91371779752
4.05230339781
4.56353475598
4.42281222088
4.54226986792
4.2949214385
4.40565754553
4.23356887033
4.4019025352
3.9058142574
4.5587302205
4.52268727291
4.37548615669
4.01476530495
4.26709020711
4.0366215303
3.52075665179
3.65606035302
4.09944844695
4.28053659427
4.29784324881
4.25413740536
4.49780394695
4.63865914552
4.29992690112
4.67162098608
4.58147269037
4.25997277436
4.54594076724
4.08257731534
4.1155769858
4.54441285132
4.08020976449
4.05244678352
4.31217257948
4.60855142174
4.50968524635
4.58033540047
4.338110749
4.32999405552
4.21416031765
4.42872381228
4.20265359881
4.14749847124
4.17844255797
3.91479217148
4.31501115565
4.47816523149
4.63261112018
4.47448671451
4.04192226987
