3.7279972774
4.13420032656
4.87011431415
5.03094153416
4.9433352089
4.55893352512
4.26226375173
4.14171287889
4.23625331515
4.47730665201
3.94247086988
3.97167715651
4.22618205439
4.65283469025
4.57968314161
4.08784734621
4.3225427475
4.64582386869
4.73203517174
4.31835186976
4.44175094912
4.03436804515
3.49905167651
4.04027301831
4.41723650448
4.63120965594
4.63024196853
4.74265591987
4.64783594376
4.73843832293
4.48724545529
4.38132334181
4.18240878277
4.83507574438
4.49806077882
4.44904272015
4.53451310655
4.48138727199
4.5604761053
4.42931889284
4.68825601368
4.67455624341
4.60652474402
4.45152341504
4.45901698618
4.220890837
4.02092748508
4.35000530338
4.06496297758
3.88652864256
4.20635621572
4.51196692058
4.58420997684
4.31637353652
4.46757496876
4.26656402723
4.83579847722
4.71409318574
4.55586738687
4.55408273498
4.55691946188
4.83780095464
4.48432922327
4.50803016377
4.67986577375
4.33139691098
4.24997401897
4.37567948919
4.40265861601
3.75364142919
4.48736561878
4.3850153544
5.14000126482
4.87402292942
4.38725215294
4.76207099439
5.27534283984
3.80253648405
4.25339473133
4.85862707992
4.65196105327
4.65160363937
4.69446148064
4.33139196709
4.63703502699
4.4996125221
4.57488832462
4.57305443892
4.34181057477
4.53571787787
4.57199958028
4.65398198139
4.47494356896
4.3912852669
4.73353555294
4.15413022315
4.51950406445
4.79477537894
4.4870918647
4.55813326699
