0.255864544891
0.418850794718
0.529867967136
0.575691051532
0.521959940116
0.397529151192
0.294059706165
0.350074782388
0.325634299445
0.491272209797
0.383521667827
0.419741160397
0.356144361066
0.336387899793
0.284683674141
0.289475969543
0.424751359823
0.459678908387
0.42007154101
0.448205380487
0.463408678591
0.609356954687
0.536238722331
0.493700503198
0.387550915038
0.310346589369
0.380183450214
0.39169688141
0.42293623291
0.537809291164
0.454600196464
0.477311645008
0.531008301131
0.537213649799
0.486083089514
0.340781125075
0.315747481137
0.453027091464
0.370877425342
0.466276656203
0.453425894809
0.462922441842
0.444243230763
0.397868592277
0.299742724708
0.372319287825
0.641249945179
0.635074164249
0.610517318492
0.64450115198
0.592090964075
0.531634923453
0.524784711371
0.518552932685
0.519745301073
0.498352272776
0.458819827924
0.390748977875
0.394964718386
0.401181124897
0.332412585206
0.335677466981
0.466800420458
0.534618094668
0.365141138412
0.481881233531
0.407648551911
0.424150265305
0.326575356058
0.226739482326
0.365672099974
0.469565483486
0.422734638684
0.29085086313
0.379812347366
0.433961596339
0.442760471587
0.430009866288
0.39643194346
0.299044909263
0.386803937563
0.382358096018
0.45454628792
0.488919530045
0.402197351841
0.443394752167
0.453394647267
0.498965490484
0.532193387357
0.512199698422
0.515341356904
0.506962800966
0.382500822868
0.376277409443
0.28665481624
0.243938956566
0.232551019956
0.251212716177
0.277443057941
0.287575484276
