0.991263799281
0.941890407465
0.886807956748
0.880104650574
0.867323365028
0.854221926583
0.83280532294
0.87543593686
0.875292473126
0.89198580153
0.889692995029
0.877527917311
0.811301098819
0.801670217032
0.786475497473
0.74324969165
0.788102578759
0.65699620714
0.604895440164
0.665092017888
0.729802496849
0.77734342872
0.670763807513
0.669078074657
0.674795613565
0.71665081793
0.803740870939
0.740729509245
0.741869837821
0.665373233711
0.6244019059
0.586223548282
0.557432075422
0.503801625239
0.452744596004
0.487697012833
0.476240152275
0.617105965968
0.56468016348
0.671869901929
0.629373415194
0.627489684456
0.63357183701
0.65257003998
0.580239771295
0.574933117659
0.562630743414
0.527142468066
0.570824050769
0.603453505939
0.683644846586
0.698398621971
0.775348030823
0.754537947187
0.77316068064
0.792172048202
0.817463108203
0.779080816255
0.760135830468
0.683975251664
0.619035156363
0.611340084432
0.641088966089
0.615159185357
0.567815876859
0.566849243629
0.608718314487
0.567423973831
0.562336601647
0.611703969216
0.619178428559
0.598971080963
0.731289041992
0.736022136253
0.896339704543
0.88111722156
0.873067636255
0.857864433386
0.874158278685
0.874477368209
0.866383020504
0.838291731396
0.771923756096
0.839862369592
0.851667742112
0.86083423724
0.881197327255
0.835454136347
0.835084986354
0.836561313586
0.813138631551
0.79374533574
0.745935738621
0.799306833794
0.82456260783
0.77142928408
0.692813466887
0.796323770855
0.843695757015
0.806659014578
