0.800690018089
0.943813187534
0.844600321788
0.975787334422
0.98
0.919793744761
0.917064938177
0.909236747922
0.940523637957
0.908422139473
0.978708314097
0.965499580567
0.98
0.98
0.98
0.98
0.98
0.98
0.98
0.98
0.98
0.978812907685
0.979268237366
0.98
0.951332595823
0.979619069893
0.98
0.98
0.98
0.98
0.98
0.98
0.98
0.979783362396
0.961946169462
0.966701861986
0.98
0.98
0.98
0.98
0.976600100561
0.91162514903
0.98
0.968067418541
0.965266458404
0.98
0.98
0.968892119382
0.977548591084
0.98
0.98
0.98
0.98
0.98
0.862434178273
0.807847141995
0.879547869215
0.645751333311
0.828778733473
0.939906041829
0.868828306589
0.975676019302
0.974642191486
0.913964590084
0.97798784256
0.951242350005
0.94058708739
0.977133184697
0.955577440199
0.943432252409
0.98
0.969699856831
0.904969460117
0.98
0.98
0.98
0.98
0.971382404168
0.98
0.98
0.98
0.866586861302
0.972418967009
0.973006532922
0.952495907566
0.79977262446
0.891484359277
0.858860342744
0.972719197526
0.948882690056
0.914363387018
0.946444972289
0.931123888188
0.97434643572
0.98
0.963084199336
0.98
0.98
0.975787334422
0.879584676044
