0.980853726595
0.937716835172
0.794135631767
0.702552152059
0.689887208912
0.653413261119
0.755954300489
0.731282685238
0.648854298669
0.564400304136
0.542389138627
0.57575783466
0.556976791168
0.53872359657
0.589728646431
0.519551119521
0.504770245821
0.510390621257
0.517871378225
0.620963686491
0.577608878001
0.593567325388
0.621391611463
0.622268780625
0.655030760354
0.682442955177
0.679501292609
0.665854093463
0.643213656825
0.591566487781
0.618306122677
0.583802087664
0.591264680877
0.623335690375
0.606640198987
0.631206817649
0.643161973319
0.657554851151
0.653950007615
0.61795678822
0.553958837267
0.624306588663
0.621257946376
0.635482875099
0.571189348831
0.608359967753
0.652711225596
0.657702586731
0.670859706316
0.673598731584
0.667078447007
0.660328579453
0.673083970666
0.651880356365
0.603871137917
0.57882294435
0.658730949331
0.64235504928
0.610607941203
0.583298443624
0.634660697127
0.630845565909
0.615303510185
0.570641265435
0.577575360941
0.574091182763
0.594396906603
0.59864272183
0.515075840401
0.521966510448
0.592913799725
0.585307846989
0.592958771433
0.566860076
0.608074638456
0.614729083969
0.594859574571
0.615443616216
0.608714786688
0.666297179711
0.659999663347
0.638054612553
0.567228235143
0.58494976055
0.615555266855
0.588603326842
0.641308617299
0.637047169569
0.598057996891
0.679123509207
0.710448515885
0.713761288987
0.708519610142
0.696338967218
0.688991989039
0.646963897479
0.665269229706
0.625786123755
0.593280585463
0.614503636904
