0.980760883743
0.931511106032
0.852846486396
0.793279383543
0.798741828596
0.7778769652
0.746772699894
0.669851676408
0.641047709402
0.545074695734
0.585378236544
0.623487214343
0.595305995461
0.672546762854
0.646541669258
0.625658719325
0.637419238356
0.659570394016
0.703388453841
0.6686617101
0.704211027445
0.72109659913
0.711837246296
0.742684766154
0.759922695404
0.756843566045
0.723679159897
0.735872168226
0.723420115369
0.676893733577
0.680282122589
0.690764346188
0.738251142007
0.753183476302
0.695905584632
0.711520164069
0.717368291027
0.727673738804
0.710958209464
0.691816215453
0.641080201897
0.654448593015
0.614393991189
0.659287752785
0.660338146589
0.694478612777
0.671760537132
0.678203788575
0.689519388288
0.673153170278
0.664356167336
0.65031290237
0.688639868387
0.742051685335
0.726499223487
0.725860418658
0.68407532742
0.674777802136
0.667637307015
0.695592763726
0.707190358234
0.707091795476
0.634465128522
0.632366862627
0.666265694321
0.577427658271
0.565404898294
0.541210497289
0.562682482368
0.481320250821
0.546779791012
0.587013404147
0.606061610793
0.580771602315
0.584709682515
0.566866356386
0.597986154795
0.674675909047
0.588346342251
0.62004318005
0.598691991506
0.613796269724
0.611444278338
0.597023379356
0.523533310236
0.53132733704
0.588995906728
0.560140359734
0.558037479423
0.609832659977
0.612404064179
0.574892815825
0.608390309625
0.615861552884
0.6399616368
0.618057978656
0.689219656291
0.674325382301
0.716792626209
0.736139460777
