0.978253454765
0.930446198476
0.866891859586
0.827674865684
0.810475292686
0.767654781949
0.708636922819
0.710341290175
0.649778038073
0.678580955758
0.673864330007
0.683036164207
0.603922426667
0.613262080698
0.648725498079
0.662893404498
0.674599124457
0.66509219471
0.662007108104
0.669673254429
0.676536489392
0.6325631679
0.645854295708
0.694410106154
0.637804230358
0.686189371839
0.732239516903
0.737440771339
0.686314607245
0.646239515166
0.668944997863
0.534999256754
0.421938511865
0.303053778055
0.458438337635
0.535448321097
0.54815707087
0.54357339966
0.540465766108
0.582337570956
0.593887217318
0.583305070134
0.571638277322
0.575672098562
0.619375131404
0.614538368533
0.640890726196
0.689228213871
0.747870338016
0.73934592498
0.729003332252
0.723971264565
0.751733885171
0.752888857827
0.750053295444
0.711003149631
0.719109210964
0.745298717217
0.701357522775
0.725388512248
0.735239976775
0.729370487165
0.674713447972
0.654542154243
0.625532208469
0.612013907197
0.655981651981
0.619505568051
0.628475945811
0.632009172008
0.694660208421
0.738312703814
0.717610787429
0.680499368208
0.680499447477
0.712106634588
0.732556613481
0.68084761289
0.708258697172
0.687388578319
0.696766702918
0.704383707511
0.691396461101
0.677604191219
0.661220718917
0.654306746457
0.687467868642
0.684424430606
0.652370145852
0.64592722318
0.618035942547
0.610492412235
0.600173500689
0.620572305464
0.612152604787
0.575370737085
0.570933745674
0.63736552434
0.666674059979
0.714080133125
