0.979338061458
0.921576309628
0.882446891684
0.868330052781
0.864386867886
0.853894447091
0.824423054187
0.812703404177
0.818154445452
0.753466477061
0.732091921068
0.789721362624
0.744371103517
0.710778794227
0.701067213335
0.661675750407
0.683302511292
0.605546874421
0.539943499298
0.587899785733
0.541078505161
0.592407089496
0.560436465137
0.548747045915
0.593203045007
0.548567470713
0.571165612034
0.521378499812
0.527374608059
0.557154779222
0.62557409677
0.64986107201
0.669840371573
0.662747128699
0.5989882992
0.60297016781
0.646726407693
0.623533691951
0.653083478379
0.641600849904
0.627407093677
0.681656318276
0.715642323076
0.724821022273
0.71296773764
0.744490909697
0.714941593498
0.706405161088
0.692816297312
0.685362291918
0.660302549593
0.62563818182
0.646065233754
0.656387539557
0.681516149487
0.673028532011
0.683541594622
0.689563009986
0.684441748967
0.637808675532
0.664293148097
0.616594688396
0.699657957621
0.624084812396
0.659386789718
0.691173316289
0.661555147817
0.69218521572
0.693451082396
0.731946266721
0.717636422743
0.740755600669
0.726096078038
0.72006362001
0.715489882626
0.705419909106
0.696415212223
0.707938597146
0.718422594338
0.713716723202
0.690249718303
0.666942314108
0.628335678896
0.646547084305
0.518339892134
0.588820748751
0.590550868928
0.567792055597
0.50097660354
0.496141021636
0.468953310098
0.502731219252
0.525941672327
0.57262000173
0.535510806021
0.572531442858
0.541088871265
0.546850876424
0.603628092171
0.61151445942
