5.81737646042e+181
2.17274708955e+253
3.03742145997e+253
1.15600459147e+263
1.52892298538e+304
4.31519422767e+299
7.36246358823e+299
2.29187941017e+301
9.81867429901e+261
3.99763419175e+260
2.3901913104e+302
2.81848632027e+253
3.71749203147e+253
4.03584682313e+234
4.52328875371e+252
5.87415574464e+297
4.22872631604e+231
18.2373078854
27.3038142305
32.4925169005
3.35745316274e+023
5.56597330993e+071
1.71285725151e+084
284380605135.0
4.35387096382e+060
1.08849422537
2.33491013166
0.123213963548
0.163840115437
0.343081381961
0.57113129641
1.1253483079
1.65966285683
1.08623981219
8.99913375747e+020
3.12273814229
0.226060889709
0.280822642102
1.42921016955
13.5119817898
0.79649817263
2.61146746795e+215
0.554581958049
3.81112819043e+028
2.0184149943e+253
2.97248439516e+253
9.52167438045e+252
7.21082409003
19.7547274149
1.62961549916
2.07988466887
50.1018019073
5.19554836822
5.66652324605e+048
0.88444697811
9.31109154595
5.00222078334
2.60569663782e+014
3.6581494528e+105
2.26990331682
1.75843817097
2.23677471141
2.3276242587e+041
4.50887538902e+013
2.27860979799e+040
2.1819235677e+049
21.0135479437
1.23001674944e+277
1.84568121235e+022
4.39327239308e+021
1.00648550208e+049
1.46533233849e+024
3.56178860349e+179
7.24379131283e+045
6.87390045296e+135
1.36187699995e+274
62.506159971
21.3587762575
1.88986547332e+280
3.9126691956e+078
3.65832309137e+042
3.951977686e+042
5.01615048679e+062
1.02227996192e+078
3.64056575916e+188
3.27135536463e+282
2.4269863961e+232
61.5471758961
7.58944755293e+258
1.06490211575e+253
2.25592848822e+298
4.94954381891e+262
2.87017375563e+302
4.44881929787e+270
0.609638513975
1.92027594673e+023
8.42285599181e+074
7.21667117108e+037
5.02105446872e+241
5000.20037703
