5.51481285329e+259
5.89545806293e+174
8.49120809046e+295
3.90646701067e+303
9.23291292164e+295
2.11497855371e+301
5.18645128189e+255
5.56596136261e+303
4.89826222492e+252
1.83957640639e+072
1.96434475106e+253
1.69295610334e+252
1.42235512632e+253
1.06248487491e+228
8.05627119755e+053
1.27033069359e+030
2.75212611381e+033
1.29076336119e+066
4.39005049071e+069
1.92114626839e+253
1.22176975246e+027
1.55056591649e+253
1.61218324336e+012
326171447.366
3.69331470323e+022
1.20449016085e+016
1.83590794297e+014
1.86856013103e+015
5.32345313658e+013
1.18169503777e+043
26615836639.3
1.7011602994e+016
6.14923595861e+024
2.65070521287e+050
1.3481932563e+052
6.888511684e+019
18079699588.2
3.3320072668e+031
2.99873373838e+043
1.17283673923e+061
6172353.12923
2.90449409183e+020
1.83560585009e+223
7.97796119494e+065
6.22298045506e+068
1.01126787364e+063
3.52012516385e+019
3.75996130282e+061
1.72446045909e+020
3.04978141575e+276
6.29908860264e+059
7.80447440272e+036
4.42874938339e+038
1.27492791666e+058
9.59366531006e+231
6.21511133141e+295
1.23330548882e+283
3.11343897584e+303
3.74940097276e+303
1.02475725666e+293
5.75932797924e+201
4.76128079646e+133
5.81274826272e+189
4.99834473938e+167
1.15593018829e+052
3.95944667757e+028
1.78179723444e+052
6.17624252334e+236
1.44867481164e+270
5.34248550961e+281
2.5606743696e+055
1.26139562523e+229
5.61600400791e+063
1.5190406404e+303
1.48701668497e+300
1.01970887942e+300
1.63650806957e+300
4.58407477398e+081
3.12393193732e+165
1.82922866428e+084
51.9268027783
1.83041214248e+085
5.17432254984e+098
1.66982672721e+093
1.0816499726e+082
1.20119450426e+109
1.80844491511e+084
14563.2784338
9.25238919783e+041
1.00436753007e+041
842937.150882
3.40987429538e+180
6.7824249593e+095
2126.28201296
6320.91932193
12981.9509498
34396920.5451
70171694.9489
1.70731431897e+016
91.4394714
