3.51055919335e+167
5.9102227314e+272
3.89512952847e+116
8.20734491543e+230
1441125129.73
3.5177867204e+062
1.25547141419e+280
1.30936879566e+272
3.63648314568e+277
7.76817772393e+286
2.37306398847e+190
2.17734254736e+267
4.2867038073e+304
2.92012370539e+301
3.17770202099e+282
9.31897994089e+304
1.17760990763e+268
1.49140822878e+269
4.1144250438e+270
8.39947096127e+275
3.42449371299e+300
2.70471827336e+276
1.11609801304e+277
1.90592908804e+276
8.70611572636e+252
1.80061383886e+073
1.32877606284e+093
48.9686384555
285.650071337
75.1004419303
2850.43685451
145079389.267
1.88418348093e+054
6.61546964896e+054
2.22562444996e+048
2.25069989891e+183
2.35917674602e+042
2.86872370997e+039
279.697986995
107978.619428
1587.29493839
31.1343508228
15.8361987367
70.9952930219
156.884996372
1.37024350658e+254
1.3402332311e+017
3.76492172289e+062
75.4893050629
15.0993658988
91.1844303356
1417321.24046
1.12980987948e+063
7.81918365994e+127
4.21819951733e+131
3.20531528104e+108
4.48644726805e+126
3.24761995568e+182
14.7165166778
1.40008214961e+063
3.7100619227e+127
3.30755746544e+139
2.40111476697e+128
1.4921388238
1.71081553469e+017
1.45372479523
1.67775893205
21.6752298655
14.157611939
14624470231.1
22863.48023
12.7634661701
2.38541754107
4.35541901403
1.54946543332
108.639154219
42.1368557439
6.38214489189e+019
2.95384671003
1.01289682285e+214
3.73601032641
5.37305435037
10.0413940003
8.8444059147
3.76577178388
3.04481410744
3.80985822699
2.5189439836
2.05408212726
1.7349886993
2.2098188481e+020
12.866609735
3.03629152026e+063
6.16903479935e+094
153.030678676
22.9186034363
1.33353901422e+259
23.3687203687
10.5183954812
12.8056298533
