1.09226279518e+291
9.81279060639e+268
4.08394374012e+227
8.67385811886e+252
3.2322912435e+253
4.81974617858e+261
4.49037987652e+253
3.01388901717e+253
1.80642761311e+253
15.5761651596
6.30776412399
2.44441065279
14.8267932998
1.90412980431e+253
2.12365095719e+253
2.86468416324e+060
6.98402704949
32.2489159581
1.97855767919
3.20224123533
1.75006237604
15973.5857721
23.166960219
2.8003749858
0.440310576796
0.265694786501
6.18748405116
4.14725859275
1.65977465151e+200
8.31335750732
1.48194616231
53.013067564
1.4922320117
1.6019486274e+287
3.40248667408e+123
20.3071700923
1.28644301159e+040
2.55754250168
46.8099698441
2.69890573047
2.25865359503e+060
229.109447429
0.835269677563
1.81175904628
1.01332096421
0.348118468209
0.42599424442
2.35963610918
2.88480434267
0.553771947252
2.64154199861
8.99855667982
5.49239437771
4.57137375445
5.23127183773e+235
6.08162426875
7.5621017575
1.02759442202
4.05691883696
411.157699929
1.06424564861
0.654381779861
0.473710767366
0.522516361476
0.267103006092
0.484728104493
0.458225223429
0.353974382609
9.68097521389e+014
1.22700602943
0.774794205266
4.73408900111
0.312910852566
0.715235822409
0.604304630182
0.770474685231
0.698477501377
0.806866108969
2.07971541606
1.11372068749
0.594509792237
1.44705295067
0.517896200491
6.22697008975e+036
1.51920154047e+069
4.33512308538e+071
0.613741051408
0.544321046418
1.81012739405
1.18751674104
2.90252572671
600208408.834
216.561288725
0.524630639047
2.08302212211
4.82874441799
3.02799773369
6.05822652345
2.11355780412
1.364859027
