0.346109125532
0.630033370918
0.570620408179
0.47427305667
0.546040426602
0.611872492391
0.616309244062
0.66082783416
0.684327297852
0.686721788478
0.533374004611
0.57642667452
0.733146710626
0.661553594279
0.642732286855
0.722295957828
0.665587547539
0.780427822224
0.773677323183
0.618175916283
0.630713625718
0.610080431514
0.67269201283
0.633479014422
0.683359809541
0.653617339672
0.689687641434
0.674731165187
0.6897547356
0.644090683013
0.694186681333
0.591957977784
0.663720201027
0.682240326969
0.651028826155
0.660010633356
0.688741983518
0.643424301458
0.624326994756
0.592671189537
0.578308604318
0.610103084026
0.673913474229
0.756322809838
0.71106509665
0.697991991064
0.778211782801
0.627366089961
0.725950205101
0.756707714775
0.70944047862
0.672484873356
0.609845332998
0.717038186038
0.737006598015
0.723790521614
0.76890286938
0.740267079354
0.741409034554
0.713798247921
0.675301109095
0.799788682563
0.7457961143
0.712622348569
0.73307157081
0.702707945832
0.673441996156
0.73498350186
0.691380571246
0.679297043747
0.759930470608
0.690647083276
0.792345543635
0.668607382392
0.57191357769
0.697734966211
0.696826884041
0.8205124892
0.698789773092
0.67965538046
0.696379825568
0.635186610773
0.682454500111
0.706874090507
0.759075894423
0.68715493827
0.760727874029
0.640518174952
0.681947864905
0.75217359495
0.760297205137
0.685005353279
0.56621601311
0.570284975299
0.683299774887
0.720164459062
0.685917990016
0.736954446972
0.763232219887
0.612829724431
