0.29442986824
0.340847347868
0.54387942648
0.636027502601
0.613380097693
0.54191244867
0.631186847997
0.567875932752
0.582574739546
0.63375310537
0.558672650209
0.575969886211
0.551092799925
0.502106695503
0.556655169175
0.6223614188
0.628485094495
0.561834594251
0.612907807037
0.623194231285
0.580653070852
0.567419481361
0.59761405722
0.642756892887
0.682700387558
0.638116291625
0.683857804498
0.639794728527
0.607422467934
0.656341872634
0.615253645583
0.661279923412
0.596223243806
0.597822257572
0.633701597254
0.70509843332
0.665885530944
0.699731169233
0.7076134008
0.697487961078
0.615615508751
0.619902352241
0.633625579785
0.713926412299
0.687692612495
0.709894553902
0.634900911725
0.669432066524
0.707099794976
0.635507083625
0.652905802129
0.641469824086
0.647621028552
0.543190431066
0.650831969901
0.672187032844
0.558884516524
0.589640622032
0.580597533841
0.544690314218
0.513086642486
0.523435761265
0.648014845386
0.660462983232
0.617581182242
0.589774952513
0.640901533501
0.591264793274
0.580035187511
0.453608152626
0.54784351399
0.553351378921
0.482296185973
0.539549922489
0.54835516253
0.618618047774
0.711295250755
0.617297439886
0.553227016438
0.544223621873
0.568330895477
0.729768015771
0.753572648133
0.681634743496
0.595908553198
0.584482473046
0.626877336807
0.697383541097
0.683450762156
0.640881225158
0.567903389955
0.616089056009
0.704273460906
0.638712192811
0.75404247752
0.680590630982
0.611545252087
0.559869585104
0.635913927215
0.610668057498
