0.267970190195
0.415954573223
0.570839416188
0.648920645778
0.578978134506
0.680988562703
0.687384985651
0.686414640839
0.646751762592
0.517768532693
0.608982616155
0.641691751224
0.645607020536
0.635910836285
0.608359179409
0.697459268196
0.631618291052
0.59858358049
0.568405528428
0.620797364536
0.657221869183
0.682073772598
0.717650404842
0.646213443819
0.734314098995
0.743521196408
0.621648397511
0.602891106929
0.700671341043
0.791133648813
0.73337606794
0.728397621441
0.729719262787
0.686796698105
0.717535376168
0.813023326798
0.694582053204
0.594886669981
0.587401725965
0.612196803303
0.61385944127
0.731726727453
0.725426699115
0.676448215738
0.799007097994
0.691884208633
0.683219493797
0.540483726011
0.613546341114
0.635753217027
0.648609638004
0.745298871159
0.700231401545
0.785142838982
0.724235292147
0.735118836615
0.727765124458
0.73730349501
0.724499103075
0.633596351922
0.643234161861
0.71799999923
0.748584525006
0.660757263173
0.528913894602
0.601289280088
0.556214518076
0.626674880624
0.649182809568
0.661634357131
0.656675701931
0.800843213311
0.6574073444
0.682697911937
0.666038747818
0.706436968663
0.70348265355
0.702362859623
0.652854952267
0.747770846749
0.705263436065
0.709453565716
0.619631590774
0.774977443901
0.770248075536
0.68620913102
0.792854391462
0.731467694911
0.743639332335
0.734735015991
0.683615525612
0.678509464455
0.670365615979
0.828805688499
0.69917001381
0.764016290223
0.725291465109
0.815334620002
0.760161325912
0.685973693843
