0.294138919857
0.379623706296
0.573685114453
0.531484442174
0.602798382784
0.652881475222
0.624305233231
0.646587089355
0.619174213876
0.639900562941
0.659752350912
0.581504585628
0.678673233072
0.690380302062
0.635119100789
0.710174716663
0.670296289953
0.621890298407
0.64957169005
0.637374810236
0.627026299888
0.558780884718
0.625333596535
0.617364835704
0.587771017128
0.700870237918
0.599750095478
0.556650382694
0.540327559241
0.424902563148
0.456416651546
0.582584465326
0.530651003397
0.326964371967
0.557379915978
0.601378483159
0.669266446966
0.645996716447
0.784151557313
0.678011020505
0.660866797951
0.735989731646
0.685547076888
0.768596655233
0.756948792324
0.693515814252
0.622016656458
0.671197608198
0.716442279864
0.755845838626
0.679528800522
0.661355941807
0.73353100721
0.712925850006
0.708150899032
0.701926310539
0.69691086394
0.593352626102
0.44627712228
0.534713053117
0.680015018699
0.682184029545
0.582771648077
0.587150561017
0.709787509599
0.634831430744
0.573150765043
0.658737704903
0.736778376545
0.792889570251
0.719198392917
0.740311606924
0.731982008966
0.682684657992
0.631233704664
0.682722696347
0.654203749776
0.691260365912
0.695539813966
0.577522804006
0.62045899576
0.664324677228
0.608814955306
0.591600461801
0.66524238453
0.689837317315
0.622704352694
0.752830068642
0.702979743615
0.753375809022
0.662362278783
0.644210341883
0.719101579043
0.709095564647
0.695863329017
0.649726828887
0.689344764387
0.723132689281
0.656740310672
0.581184830684
