0.33545534045
0.550710124153
0.647090448135
0.673871186049
0.699334154088
0.699318499247
0.677954675011
0.604002195456
0.616665306918
0.569424472081
0.585871492169
0.663109893605
0.632415248921
0.642467252541
0.750435436114
0.760219168095
0.715345542998
0.742643200744
0.706378599946
0.660402159548
0.667009128867
0.621963063787
0.627134942916
0.561286758111
0.60933427225
0.677499932295
0.658356638938
0.751965626526
0.792436718101
0.768861187684
0.693888860074
0.663478540987
0.612162897893
0.640564148367
0.626944202101
0.667771374183
0.758388620922
0.799500609742
0.836092225082
0.785856077534
0.672366097086
0.67514246742
0.649933223941
0.691939199098
0.54703693165
0.59335481084
0.620696922807
0.632471052195
0.686224372162
0.694565353385
0.775937729902
0.716359207698
0.771353873135
0.635272520922
0.747869179817
0.76820572536
0.657490522211
0.5341846883
0.569663338937
0.54579217817
0.637594666167
0.773708046257
0.729555172763
0.782385116601
0.746474376876
0.764535050437
0.696373754201
0.633258369595
0.67039786597
0.783771948786
0.643504289648
0.749595596522
0.761713728732
0.794114156546
0.837426150213
0.707837067969
0.783702876602
0.732429007946
0.709550811269
0.636484469791
0.675725077134
0.617484208962
0.457129670291
0.607800444616
0.589828044539
0.630807243079
0.517510047017
0.613703501468
0.601047058957
0.638645808994
0.676518601898
0.671414248949
0.586505981422
0.628476389212
0.519120844144
0.611699105272
0.661666654259
0.793496257961
0.753779207427
0.767113621556
