0.343451375836
0.597725557143
0.663612665716
0.638863875128
0.612647757358
0.656722544847
0.730773066694
0.676837298831
0.550028344851
0.726140036728
0.698141476003
0.614719337106
0.68351736991
0.715668091003
0.662486928912
0.784594751356
0.744289779732
0.728091350617
0.745404868402
0.732857580168
0.73578476224
0.701462622308
0.70024342963
0.766163636111
0.623695614293
0.734222299731
0.727479390483
0.638179085153
0.804883063553
0.818159531366
0.68206176499
0.6901806153
0.78152664774
0.641982546818
0.556507621052
0.724256699873
0.772778996238
0.757664769855
0.574500190573
0.64059109712
0.756724201183
0.828050989633
0.773546805523
0.756529137119
0.609847967978
0.52394278033
0.480432742178
0.532588709394
0.534193203301
0.568602137977
0.792247060855
0.753093287475
0.637927443978
0.587323030725
0.688988550445
0.702721126366
0.580689331411
0.723963371509
0.663116994879
0.685747085846
0.813844348741
0.749637135407
0.732737902471
0.640989354519
0.784767161873
0.851883465253
0.85355363345
0.663402256619
0.719131308961
0.777437825123
0.707774814972
0.659874543339
0.837258023683
0.674691097343
0.556352266302
0.795271127464
0.727710797286
0.682942086454
0.731765521872
0.630770321226
0.752019760015
0.644671364801
0.704407953427
0.638240276936
0.698171772053
0.672008759883
0.61517208201
0.509982139204
0.378781868545
0.711151088643
0.735715248846
0.650328613151
0.658543337056
0.679582388802
0.767256415667
0.68224068798
0.799130725815
0.69355605379
0.651469601951
0.676777789888
