0.337692248118
0.57044991018
0.597564185258
0.514697022776
0.383000965088
0.425235202228
0.484653855447
0.590336947042
0.577604656674
0.475988872886
0.484578180583
0.52768505425
0.484593101882
0.600717821829
0.599202472039
0.478798197848
0.416442276995
0.546690330393
0.585396504823
0.532507787041
0.521393324852
0.544526103404
0.487054181497
0.443453495254
0.44662998888
0.533754632596
0.578923135989
0.580660291205
0.525780155091
0.667210283925
0.658744815269
0.549870233643
0.53772792028
0.486177967037
0.498847716669
0.543491758635
0.454015476342
0.601393223734
0.546373552735
0.592530930017
0.523950532433
0.607538047919
0.58138163156
0.510453284317
0.525186019779
0.564811261537
0.604553502183
0.554948168019
0.604322785921
0.624554015696
0.639761880619
0.557233598181
0.54813102315
0.552298869392
0.458632782836
0.452089534378
0.520113648109
0.52405040256
0.618489869933
0.533356616104
0.527545932443
0.554219344517
0.540173115248
0.574544841838
0.67777058226
0.600739142467
0.675800160198
0.66967981401
0.627181240868
0.587552311015
0.662503312082
0.573285609673
0.569024960707
0.520344259624
0.493077301904
0.398034305205
0.464656856803
0.568820098156
0.595581021729
0.648570820025
0.584648946692
0.598331646177
0.629626391045
0.63347505606
0.702575259763
0.565704558703
0.582958568032
0.510861808497
0.647996577392
0.770316240782
0.660110158114
0.618623950601
0.607664214353
0.602701169248
0.636202892775
0.612383485716
0.66264922031
0.690478574584
0.512230493446
0.498527887892
