0.814652992191
0.772865628219
0.763855122378
0.758279535333
0.755574137293
0.760731404421
0.754676497674
0.766028205162
0.766666947822
0.740703398844
0.779294118236
0.748561892801
0.763694717015
0.730650844983
0.687667265386
0.724158784973
0.70884698138
0.685562850541
0.674790133147
0.654545300727
0.684970458335
0.664366258646
0.648003550675
0.596312774636
0.583016027244
0.602165061966
0.554336838948
0.504176003805
0.509806924323
0.481834366841
0.508920813131
0.477501571672
0.562269272445
0.557765548859
0.544311722466
0.499115732719
0.45412590396
0.51526549812
0.547665455912
0.584065621268
0.546003834505
0.575893003283
0.527749193104
0.551680160281
0.520838495428
0.504419106482
0.398388188754
0.378303079968
0.47465106917
0.53243728706
0.56422926389
0.569225151321
0.562991173055
0.541316947951
0.526932364099
0.40374689919
0.414392726887
0.395439132641
0.37671913473
0.362282309772
0.325926412796
0.330325143708
0.311230206174
0.275150775952
0.174588273473
0.315838839396
0.262668305602
0.244507785342
0.183863369924
0.0744740685768
0.0324233900685
0.0231021957838
0.0218350060469
0.0652338520696
0.0176155808137
0.0328430201028
0.00802775727809
0.0
0.0
0.0
0.0
0.0
0.0
0.0
0.0
0.0
0.0
0.0
0.0
0.0
0.0
0.0
0.0
0.0
0.0
0.0
0.0
0.0
0.0
0.0
