0.978461538462
0.95358667235
0.908687317413
0.892915954613
0.865647667378
0.864742146095
0.872125969658
0.867189877466
0.86321120951
0.868996864096
0.846714630294
0.830925202994
0.831901821081
0.833775755408
0.813424567588
0.802884060177
0.83481044125
0.822992898412
0.784662131279
0.761646662496
0.746305792023
0.743879098627
0.761017077402
0.731749065665
0.729113705353
0.736993334341
0.721277549383
0.701738487591
0.682207629915
0.667047114633
0.637547434074
0.641058818911
0.626688988594
0.595852958091
0.614575926573
0.612252207384
0.60249330686
0.607797015556
0.64493458683
0.645359289489
0.624399827361
0.597346375043
0.636683662031
0.626601911894
0.613517147925
0.550292451516
0.542178784698
0.508664160316
0.500341397049
0.497104427497
0.476654642201
0.449516490116
0.426252123726
0.415367181253
0.39890208976
0.418373923064
0.431248355115
0.460848279622
0.472816522817
0.462611431725
0.435146713793
0.413838697841
0.41789108756
0.444268363359
0.45957204936
0.460325732957
0.467061289398
0.448336088986
0.464715970228
0.471315753
0.46731941036
0.473761184666
0.504866332308
0.507131253787
0.52080294337
0.503819611079
0.51445845211
0.511465063379
0.516783552784
0.509087411957
0.511449130456
0.550114090816
0.577751147099
0.575470985155
0.578406448554
0.608724496166
0.610427042765
0.591821456131
0.581015865857
0.595495276653
0.570229711493
0.560184930646
0.528105546099
0.498007353192
0.456871887272
0.448683909214
0.466385328232
0.440436885633
0.502440229531
0.483283711658
