0.979457852327
0.913555031269
0.859975213279
0.765536098177
0.764068073267
0.772795315242
0.704297793114
0.72876005263
0.762714367346
0.751576444478
0.746068224026
0.728809162457
0.712273454318
0.666243945822
0.628046015959
0.597910796922
0.656183827698
0.681635485813
0.651435821664
0.643999874835
0.576994695694
0.649347772878
0.668215613198
0.531724854429
0.60376944989
0.603966821723
0.658047500879
0.563681456279
0.675529771506
0.662422651997
0.650288612308
0.659005766698
0.664228113067
0.706455651923
0.687659236204
0.649506154067
0.670287245207
0.670141406708
0.671066797531
0.643263084114
0.625888118912
0.626109854026
0.659631066491
0.60211186955
0.536898598839
0.604702749342
0.651230306318
0.701008121238
0.69243005351
0.691308321235
0.71905154065
0.671094875935
0.642739222092
0.709203792085
0.677697809604
0.742007992431
0.728727255299
0.662707999821
0.714203182814
0.706171934761
0.704014818743
0.679588110059
0.685499148348
0.698603667276
0.67119479687
0.639061273966
0.561352200566
0.529312106845
0.503447527602
0.554391148893
0.534098665516
0.500737879831
0.517924208041
0.557826679415
0.565050294101
0.580048532201
0.542444074973
0.590190726479
0.657174666135
0.630441064163
0.659374388223
0.628078074452
0.630382310157
0.618618396841
0.648440839612
0.652107367376
0.702621777517
0.680911258441
0.691048122505
0.713408249524
0.756178101966
0.745885531712
0.735601643032
0.751164519485
0.776124252099
0.756744088086
0.75118360147
0.733277815728
0.68787742545
0.714912122487
