0.326800431616
0.510060638422
0.497499749311
0.443456246378
0.496425553863
0.441828241074
0.540158784523
0.449613635796
0.450668417737
0.515966145688
0.429725706226
0.509287739613
0.520907360304
0.600420748873
0.501025698953
0.543198549707
0.608638104254
0.615695674165
0.430949350539
0.416892778646
0.326129134995
0.371694272422
0.400017011705
0.484964395974
0.459233592254
0.417800145514
0.553003413662
0.587693485538
0.516083599469
0.499490181158
0.459604365094
0.574975499088
0.499272837845
0.508787353874
0.463689979577
0.603990841621
0.498642110961
0.508407200636
0.556187033302
0.507416195906
0.539962723191
0.50522046724
0.513368458652
0.53253739952
0.515030219225
0.441461839086
0.563677544494
0.599231629958
0.555249524156
0.551820021681
0.575641335762
0.494137028022
0.553883801662
0.535297140269
0.563617788777
0.534250421808
0.63620781864
0.506946256294
0.625823649599
0.548867020151
0.485008063466
0.468459743076
0.613598603985
0.523871470224
0.455888160038
0.503244632287
0.554143489936
0.534635619501
0.490794279832
0.458993428836
0.497044128639
0.406025747421
0.558614885663
0.499997516551
0.464107983274
0.528956886485
0.488316710488
0.42764032511
0.595080181286
0.450165223088
0.588948643551
0.532710746371
0.417926977853
0.557449959996
0.492372610167
0.473049326583
0.510367566825
0.631863287696
0.58330621676
0.564429452301
0.536831226153
0.573688552651
0.45251698411
0.489433244415
0.41538977611
0.558497123649
0.588935415904
0.546358991063
0.470712387529
0.5338144233
