0.35037386364
0.521855244917
0.568184007553
0.526919589256
0.466221600603
0.30885185999
0.415567242743
0.404986434088
0.356781438882
0.309146377977
0.348376717042
0.291437452201
0.461352637216
0.35670878261
0.473969723502
0.337100054399
0.363011418154
0.397758586999
0.352294894851
0.385377113881
0.250704417296
0.316504213457
0.435265065344
0.504923033926
0.310617874166
0.253575158084
0.246964542343
0.254663847393
0.356269250023
0.270431692649
0.284024258544
0.246419836873
0.335112942705
0.555476604831
0.552258597839
0.442265149983
0.499290916346
0.583182297869
0.438901127598
0.388648854624
0.368651698692
0.276771276424
0.274849823717
0.263081095314
0.479376305862
0.530919848403
0.41981288142
0.439994520954
0.430516889977
0.504319042043
0.397750523144
0.4284775768
0.357931566964
0.325153891169
0.319912576965
0.340427855612
0.226556985893
0.229861408068
0.248582921743
0.407591601653
0.421259660154
0.512198056482
0.469572667188
0.419132984751
0.498198116956
0.548473657913
0.542191839283
0.49222401373
0.422152003297
0.456669675094
0.451938639223
0.502208123418
0.459581856659
0.483026761249
0.467142319989
0.433924177781
0.453149369202
0.574340454927
0.47298368264
0.406099571341
0.434765174748
0.290942389843
0.253468953604
0.30420901551
0.323560106898
0.255253798125
0.222943974364
0.241650201824
0.276947384895
0.245189706481
0.323779622862
0.398614564025
0.307434394813
0.398906799119
0.303750183778
0.23839288434
0.348033171271
0.333779308959
0.441728074502
0.445812370982
