0.325681961029
0.492665415592
0.578897434893
0.522341592358
0.475611261808
0.432273188044
0.401921163682
0.40550110811
0.456430319713
0.538998345428
0.427834182634
0.379636014974
0.305660365
0.373613724057
0.286979199612
0.235981600945
0.239225476666
0.241188262995
0.28086421149
0.344713483424
0.253414282118
0.279889140011
0.282256941242
0.229273985069
0.23043682814
0.299906140413
0.339725592634
0.501747535185
0.530340815313
0.469493667365
0.450712277063
0.263523324934
0.423377089891
0.297038325302
0.36281025714
0.286689608634
0.366417600671
0.468308590074
0.557972923536
0.510318875152
0.50797021859
0.516522809051
0.446453251292
0.530572483977
0.352747938215
0.372528678384
0.287154524592
0.341430470903
0.504177666303
0.443913034904
0.377832256575
0.285693659282
0.310258022941
0.29748507551
0.496235825605
0.449367329046
0.384342161431
0.352609920273
0.397437476701
0.554009913075
0.442853848197
0.358078982334
0.307527030692
0.346269627195
0.372774932967
0.530230735403
0.422271332005
0.546740679543
0.476642600111
0.566786882272
0.455022821233
0.376515164422
0.351182084712
0.428954778495
0.512246024818
0.44439179184
0.316302723666
0.313941465753
0.405508368535
0.49349444257
0.540189816553
0.524105164322
0.478596874683
0.455757704348
0.41304471549
0.427998571112
0.398269634571
0.438047398661
0.439717411264
0.452298486326
0.356851687664
0.269103139723
0.302338594559
0.320750103863
0.30585872827
0.427675919703
0.383935066107
0.25421132961
0.39514075091
0.579865634276
