0.979700690773
0.928875398962
0.89665051406
0.830861708177
0.81646245244
0.826590157672
0.842959254162
0.838119568857
0.814459323084
0.798350388517
0.746190416018
0.667290337419
0.591543704157
0.538925714226
0.549612504867
0.541618361299
0.564991508202
0.513600270556
0.544434932268
0.577029215328
0.597035546319
0.689178506273
0.665315403873
0.582561384874
0.663043078563
0.663182716503
0.678330442228
0.707843898041
0.658828693985
0.666368928866
0.662678130885
0.683898872825
0.678005668216
0.662175127245
0.692600416743
0.700564241246
0.699684491268
0.698223961023
0.696150816675
0.715238023085
0.744462584556
0.720481400224
0.705982955447
0.708610173307
0.719016503589
0.778623252687
0.742164296391
0.73408133616
0.732158194656
0.731656054394
0.764986872078
0.750866792647
0.727902335412
0.683048123854
0.673732436848
0.664943169478
0.654157352826
0.695553805853
0.689942832029
0.695858921995
0.696692255495
0.636071135225
0.61885604
0.558402115907
0.649485882904
0.676861945423
0.624706227578
0.611247101677
0.596639818583
0.632392364014
0.634210466953
0.658709167204
0.671578176108
0.683834544511
0.70237361236
0.681337436479
0.703768839598
0.659174027813
0.656583650734
0.690456673898
0.677510007693
0.706451374397
0.69364737405
0.6801704167
0.629351984478
0.608019261372
0.618999075315
0.65198049588
0.637901875375
0.650621181025
0.643242974513
0.659853709864
0.592697663045
0.604417248422
0.643047680169
0.645644857342
0.517605764605
0.589195325578
0.568565617466
0.617153516134
