0.980406459512
0.925090401012
0.859333686298
0.753887098623
0.73684835128
0.68558025115
0.703511886164
0.670865665665
0.663849787041
0.694134751152
0.688315802832
0.684004809245
0.698219120413
0.706897767325
0.664280026112
0.653244482451
0.678471655647
0.641470223716
0.638093254238
0.710220777724
0.654678288774
0.682968885111
0.707636505522
0.699528366313
0.606550276314
0.623375144654
0.634520415079
0.670405613045
0.618062717513
0.639684288487
0.629581263306
0.636387057355
0.647459318924
0.678825523494
0.700317695951
0.697466852179
0.643213720409
0.68492026166
0.667131975669
0.663761242117
0.656989750471
0.625536696691
0.632334183226
0.578723109492
0.632595893916
0.679585302564
0.639102374646
0.556829759179
0.574529330777
0.55787464226
0.619390745288
0.627659229785
0.605359011584
0.486670650809
0.473576089372
0.435425939677
0.457356973631
0.440548604039
0.526164065823
0.463346141123
0.496518836481
0.513899968976
0.544687941779
0.450070342493
0.553490550603
0.600138123218
0.560589158188
0.62596378132
0.631826014085
0.680702757556
0.588652329998
0.63337281099
0.603828102071
0.555507074484
0.603821575612
0.547773567507
0.610016932993
0.659347864244
0.698885255886
0.711853359595
0.676353078165
0.615244958906
0.653664718964
0.590580871744
0.611875944498
0.626159721834
0.699744542775
0.719901278094
0.728569367175
0.726439390234
0.719117937974
0.690107471255
0.743403021043
0.728724550087
0.731415062754
0.724046657437
0.722756569134
0.701587124254
0.692354662416
0.669840977393
