0.980719823806
0.935552085327
0.881235363929
0.845201478344
0.833319360201
0.772112423815
0.732609975915
0.654356616165
0.636354552507
0.662795637495
0.619069785429
0.643186549424
0.602714048764
0.596952439806
0.622400884716
0.614443955355
0.615383695754
0.637228984462
0.680467632091
0.697912385779
0.70131237991
0.64202302393
0.678744836332
0.640974363791
0.594812256459
0.576822733507
0.595890137953
0.613641872191
0.551283711249
0.582936867297
0.561349299615
0.599529711384
0.55808049472
0.578258816297
0.573933617888
0.591163379241
0.587064845536
0.613563447563
0.625869095472
0.570322173613
0.588688594784
0.558600416593
0.567780894388
0.605631920447
0.643095328463
0.619321001435
0.644595746626
0.577493553062
0.532073969596
0.5869860106
0.568279111865
0.637320623217
0.709472362022
0.684769608443
0.674849946456
0.650731531571
0.688490768494
0.658733263048
0.668156764542
0.625167901823
0.656597882333
0.65841829289
0.651636546506
0.677504237236
0.689205810033
0.638097656583
0.601560288324
0.603040674448
0.593973737383
0.590297251662
0.596677302497
0.633912801949
0.644650824819
0.621010406091
0.553812025238
0.561539526255
0.618375082995
0.668611474021
0.670704825425
0.67312192946
0.652537872964
0.663986022506
0.669236247465
0.619837569986
0.660533017247
0.637720644415
0.608731306262
0.664775744673
0.669023305042
0.697079412217
0.616246922567
0.658271283455
0.677071891224
0.688370911719
0.682257204742
0.703021838706
0.657848613562
0.711988616948
0.699236393753
0.602027093236
