0.979648842314
0.92951265506
0.87047599074
0.836704797623
0.798043560032
0.816441815157
0.779492833918
0.778125988871
0.783197594314
0.755410133998
0.711335335249
0.685938148754
0.710233692035
0.706739320273
0.737027074214
0.7358816434
0.68646186767
0.720383618816
0.745448223137
0.747846874941
0.768117575398
0.76416450333
0.73738103664
0.695305732831
0.669829596785
0.722137603346
0.712963827364
0.686953761695
0.692144440748
0.633269718353
0.586364983492
0.567030011902
0.565636755899
0.558746129825
0.606407404303
0.611934611639
0.654124938172
0.649684456226
0.650949232639
0.60381830699
0.630557755981
0.644494008373
0.672484005505
0.663301895636
0.655141728509
0.682317234628
0.677645301665
0.643928636009
0.596035631389
0.619362945571
0.665674809912
0.636611313022
0.610531805203
0.654262472703
0.617195150627
0.5286336226
0.562530924752
0.620614232896
0.631849708814
0.697025871689
0.710171195007
0.670462363952
0.6808339299
0.71557262262
0.694925431884
0.65635106772
0.687420732411
0.663834654962
0.606654590354
0.642383724904
0.659414612784
0.643305261715
0.585621564147
0.586315609128
0.625644541567
0.606207592985
0.578091842601
0.593871927742
0.588840995981
0.580908698423
0.602433450853
0.648231115092
0.681180592761
0.713060427515
0.669146146959
0.71179167999
0.70935774045
0.693407813763
0.695852227755
0.689347926892
0.598679056436
0.511208845333
0.541726505378
0.527599563653
0.516052648562
0.524065212259
0.536008817637
0.539467142066
0.571676062463
0.566948057084
