0.980706833879
0.935520636713
0.875047569397
0.821028795251
0.769910589242
0.705044916525
0.753668457774
0.712133735389
0.713114250379
0.72490049802
0.64576437662
0.696875275668
0.649590403253
0.687478606052
0.679741608
0.614734146524
0.57697091364
0.621140879494
0.611580980277
0.628430813035
0.677731504584
0.599509214859
0.562381004435
0.65108849086
0.626071773414
0.647496422917
0.626818495528
0.639869793967
0.675407582677
0.688986456974
0.68042166922
0.607693094844
0.667007309877
0.662250153733
0.692116079599
0.638636516853
0.618880490978
0.551680188146
0.441129816342
0.435632154264
0.377467094095
0.426179234458
0.380954562827
0.450833362939
0.515153506097
0.576019736954
0.609494805773
0.657323448023
0.616298930822
0.597912488033
0.637124607641
0.623205871809
0.518540488033
0.53806193023
0.557909122181
0.577320244873
0.651840083512
0.525869876757
0.609969794792
0.626677783604
0.613641629065
0.609651129757
0.611028651133
0.612411497631
0.620286569941
0.641356922088
0.681209697859
0.684751725946
0.689348167133
0.609111416936
0.70527954159
0.707326155465
0.733860494072
0.71876759938
0.721187897824
0.675764015002
0.683624247956
0.675804516424
0.677024155393
0.692566414631
0.698308903453
0.676284232369
0.677975549246
0.636444249831
0.621732872774
0.628679636071
0.646964004258
0.670897260159
0.616776502536
0.618776997643
0.612018627803
0.631113898597
0.684357806198
0.696649736068
0.672908596426
0.657647147383
0.673243715875
0.64515678768
0.665315842032
0.683542138332
