0.00373463743131
0.165404559967
0.826521214372
0.976620838013
0.979895458375
0.979799859581
0.976530179054
0.979999987313
0.979999999803
0.97999962372
0.979548987974
0.979999625585
0.979999318762
0.979982126681
0.979999999819
0.979999999999
0.98
0.979999999998
0.979999104418
0.97978643459
0.978702642682
0.977704764395
0.97998043539
0.979975451902
0.979991668423
0.979998005968
0.979999137361
0.979999698039
0.979999999997
0.979999998928
0.979999729676
0.979999544311
0.9799999999
0.9799520719
0.98
0.979999999962
0.979999976993
0.979999999998
0.98
0.979999999346
0.979999999997
0.976898290204
0.978222945972
0.979794464422
0.979993214103
0.979007764361
0.979846564787
0.979999987313
0.979999999803
0.979999999997
0.98
0.979999998879
0.979999998058
0.98
0.979999984202
0.979999999988
0.98
0.98
0.98
0.98
0.98
0.979999999894
0.9799528731
0.98
0.979999694425
0.979999996979
0.979999931355
0.979999998277
0.979863782046
0.979988424812
0.979999181715
0.979989416745
0.979997055229
0.97999952039
0.97999986085
0.979999999949
0.979999999987
0.979999982623
0.97999999947
0.979999999999
0.97999999989
0.979999999936
0.98
0.98
0.98
0.98
0.98
0.98
0.98
0.979999999412
0.979999999985
0.98
0.98
0.98
0.979999999893
0.979999354094
0.979998350324
0.979994711202
0.979999561163
0.97999865605
