0.00373865917071
0.165404559967
0.826521214372
0.976620838013
0.979698235309
0.97804650836
0.979991944697
0.979999181715
0.979999987313
0.979904029165
0.979999869903
0.98
0.98
0.979999998677
0.979999983883
0.979554995772
0.979976655807
0.979988035609
0.979999643908
0.979999993107
0.98
0.98
0.98
0.98
0.98
0.98
0.98
0.979999999996
0.979985111786
0.97999999878
0.98
0.979997365638
0.98
0.979999999466
0.979999984959
0.979999996632
0.979999999999
0.97999999947
0.979999999889
0.979999999045
0.979999999999
0.978458331669
0.978273196945
0.979117767078
0.979491671438
0.979984517074
0.979958121753
0.979999954397
0.979999993186
0.979999988972
0.979999999982
0.98
0.97999999969
0.979985352005
0.979999999969
0.979999999999
0.98
0.979999999981
0.98
0.979999999998
0.98
0.98
0.98
0.979999999705
0.979999780793
0.979999999922
0.979103617455
0.979957655221
0.979999858235
0.979999664227
0.979948423071
0.979994795085
0.979999601008
0.979999986672
0.979999232404
0.979991061135
0.97999944066
0.972783600914
0.971654525506
0.977750592584
0.979999956408
0.979906922365
0.979852774876
0.979998592871
0.979999744145
0.979999990259
0.979999999979
0.97999999997
0.98
0.979999999994
0.979999995041
0.98
0.98
0.98
0.979999248468
0.979999987436
0.97999999088
0.979917367514
0.979999830088
0.979974800668
