0.00374249317417
0.165404559967
0.826521214372
0.893221789097
0.962440910511
0.976620838013
0.975781336099
0.977589354049
0.977562258235
0.966923382132
0.979425842535
0.979948435514
0.979954715009
0.979999181715
0.976920539561
0.979957776917
0.979999181715
0.979999977826
0.979999992918
0.979999999997
0.979999460542
0.979998369923
0.979895165866
0.976184893191
0.979999844352
0.979999998619
0.979998918484
0.979994747268
0.97905277756
0.979999999803
0.979999999997
0.979999452597
0.979999936203
0.973670215149
0.979999999845
0.976266175563
0.978331165759
0.979947226535
0.979999181715
0.979138169274
0.978394241973
0.979975591099
0.979954918597
0.979999999803
0.97999692899
0.979951512076
0.979999279771
0.979999917909
0.979999999803
0.979666396471
0.979950070187
0.979936680332
0.979999987313
0.979999999803
0.979998341641
0.979687696453
0.979999503685
0.97601746608
0.977400165317
0.978963269093
0.979972467707
0.979999181715
0.978392156375
0.97888811479
0.977966777732
0.979996477233
0.979999803019
0.979999987313
0.979869049978
0.979991654456
0.979996251875
0.963559014028
0.929413565975
0.904559832097
0.976620838013
0.979947226535
0.979972903676
0.97999962566
0.979999999803
0.979344578265
0.979947226535
0.979999181715
0.979999864487
0.979999998959
0.979999789093
0.979999987917
0.979999999916
0.979999977855
0.979491329576
0.97973400069
0.979880281192
0.979952745662
0.979999996898
0.979993921158
0.979999222323
0.979999662655
0.979999996126
0.979999999632
0.979999999849
0.97998995583
