6.76452233717e+250
2.03128102209e+032
5.53879147194e+077
1.8728144328e+046
1.32176882282e+016
2.59694729614e+040
5.25541676217e+152
3.21470439595e+279
2.27831026365e+013
104.790351226
570.058859024
1.3881765899e+286
2.6624201241e+053
5.74206693249e+012
7.65019225606e+252
10.0904425742
1.11023509528e+024
0.733623698231
2.34263940066
10.5760362786
0.188883536695
1.21323466819
0.109357172417
0.474662442758
0.308283644181
0.703763369823
0.079739545422
0.121259273334
0.0376133379296
0.00700498629914
0.0
0.0
0.248267826411
0.000701754385965
2.58870059341
60.1695568527
0.0100747390214
0.0
0.0
0.000540356890069
0.0943280670639
0.0043618696184
0.0507722982139
0.0
0.0
0.00147360742281
0.0
0.0
0.0
0.0
0.0
0.0
0.0147546781362
0.0
0.0
0.0
0.0
0.0
0.0
0.0
0.0
0.0
0.0
0.0
0.0
0.0
0.0
0.0
0.0
0.0
0.0
0.00641102128349
0.00662171567958
0.0
0.0
0.00594233303885
0.0
0.0
0.0
0.0
0.0
0.0
0.0
0.0
0.0
0.0
0.0
0.0
0.0818864392278
0.00432012324496
0.000449438202247
0.0
0.0
0.0
0.0
0.0
0.0
0.0
0.0
0.0
