6.0775393073e+275
1.40995199982e+185
5.13365358169e+277
1.76970125765e+091
9.18526916038e+281
2.9873285475e+025
2.08474767071e+027
1.28717698052e+035
9.79302207699e+025
6.43549518623e+039
6.79972196959e+094
1.37753306389e+148
2.72785631617e+159
7.13693843749e+053
3.40023718708e+012
4.76972847888e+056
2.98359041432e+054
7.65269696877e+058
1.08733327756e+058
1.3161279831e+066
1.38354929683e+069
1.57079380723e+061
51.8482107214
34582748.0114
1.05220811976e+283
3.65194522973
6.03526463801
14.456053552
1.33600529631e+264
375.872656011
529.754871214
30595071.586
340.814221415
113054290.983
1288.1177123
222043098.111
950399020.695
2819644160.7
1463995480.25
5.74850687249e+018
1.48702117309e+028
9.99400267334e+264
5.04048764964e+266
2.00472494642e+032
4.18078146317e+017
2824.00508754
2039637.78432
4680.70925642
5559.8614668
5.07693752879e+252
1.52701192073e+252
1.24245231413e+230
1.03828625124e+031
1.48027991059e+097
257171714932.0
383634.558182
6.66052392336e+028
1.90487379916e+271
3.23423338944e+115
4.8776022769e+252
8.14994361127e+012
1.86005323918e+271
7.88398123222
2.40424451916e+252
30959.8500026
7.24845700252e+088
6.13676535032e+252
9384283.79168
430.8768473
4.5875335362e+252
1.5278219963e+253
1.70354337418e+253
6.82007653432e+252
0.535926506684
0.498029928783
2.77617781768
0.947695281326
0.914512227359
1.29855902811e+301
5.54171620524e+270
3.67684942628e+271
1.95629238516
3.98856249929
3.13477947932e+219
1.77645534079e+271
1.77645534079e+271
4.93090995025e+252
7.36417816695e+252
5.001429561e+252
9.52678994364e+252
4.90613794625e+252
7.13164317362e+028
121483303713.0
4.75073359158e+252
1.53127088641e+077
0.903870528923
1.88752389933e+253
2.47015584791e+253
9.48197638004e+252
1.83842471314e+271
