0.988894761888
0.933543854726
0.826923612152
0.750084063895
0.738120403453
0.780723590304
0.719082060136
0.778861828778
0.788916974922
0.741471824089
0.759985630288
0.73905310026
0.699028308538
0.750914173391
0.732610283045
0.72043953878
0.744539405748
0.725276054289
0.63252523789
0.601943752336
0.586722134736
0.603484881884
0.641023001003
0.628151992757
0.671666308896
0.681709094791
0.700874813564
0.648839980669
0.687416452772
0.715350133698
0.667141206194
0.660938225505
0.545055702867
0.558549545559
0.553299319863
0.593816975803
0.533570672286
0.654286415385
0.631528097822
0.602749831931
0.528125198966
0.568034131975
0.546747408371
0.531892203871
0.474664207633
0.524926423355
0.434481184052
0.477141279063
0.482906113632
0.492148669485
0.471953135582
0.387080154861
0.36944062259
0.403789958915
0.410408650215
0.442557315062
0.48416309122
0.48422754252
0.473788492969
0.654980899766
0.745626150708
0.714119650982
0.756363253152
0.7791232328
0.76241295756
0.822242580415
0.825207751736
0.834251431606
0.801620581062
0.778817023789
0.759115543846
0.762191835092
0.800929564962
0.677390499678
0.728504236376
0.774634015857
0.765278998099
0.77206560297
0.815745290481
0.775634211012
0.796573054584
0.827688922364
0.842278570298
0.839911277254
0.819862355573
0.82575913356
0.815039127566
0.799544311581
0.816329858826
0.866738065548
0.771455720634
0.724755043884
0.729312490049
0.745942925208
0.759900427398
0.747379668887
0.723048183169
0.611434625828
0.554454893339
0.569654877199
