0.984827586207
0.938903030303
0.856273504274
0.816416174675
0.806378869662
0.798228623286
0.806622330813
0.774054538055
0.738603017905
0.748884818885
0.721451718523
0.674148950619
0.598620689655
0.56821056124
0.579835704199
0.557204734116
0.515550922121
0.50040827576
0.524876616583
0.474158730159
0.476681006969
0.473154235401
0.459667108544
0.452688560482
0.426989499389
0.414439944963
0.401263824163
0.402500936101
0.45604756127
0.481046652036
0.479483630444
0.514421795574
0.558400291918
0.568117337375
0.60025195132
0.642319383893
0.6317797151
0.654748077976
0.675454205156
0.688219090845
0.706634948704
0.703268257153
0.728116751295
0.727223774264
0.74915705444
0.730574397197
0.742570530364
0.740860755703
0.719261080815
0.724799855233
0.714942528736
0.730878771009
0.693815929578
0.694950310583
0.691488487502
0.699972865143
0.700187783493
0.700283248486
0.659778226882
0.717310188169
0.741023872679
0.728342483562
0.684348052152
0.661561029009
0.68866607385
0.646362647267
0.656926416011
0.641798941799
0.651774905528
0.654035669516
0.646587792795
0.673246432843
0.681334466198
0.676354679803
0.672906403941
0.684729064039
0.65936023684
0.602131090929
0.56631303208
0.597077789457
0.580528578446
0.581391148724
0.577064352223
0.57697865353
0.570474253716
0.585891090685
0.591255645182
0.599242132682
0.600030289812
0.594653471994
0.602791262684
0.623241665614
0.642878290598
0.631264464294
0.621940409527
0.614582336182
0.596440065681
0.597024407113
0.581415517492
0.587143513957
