0.980229885057
0.921445665446
0.800416543328
0.746930963773
0.632583787715
0.682616069951
0.701668765666
0.722962039944
0.695051103357
0.729609604051
0.754167035863
0.737320530162
0.729924185648
0.738303960226
0.746339177859
0.747956857957
0.746560468191
0.744893812539
0.735041367071
0.697326706122
0.700474117766
0.691977428935
0.682089012102
0.709970330861
0.701399234839
0.729084688083
0.681695555266
0.688173076783
0.651693810018
0.681898706382
0.667621908411
0.643599125126
0.55020909267
0.586263606024
0.637967341698
0.565698456584
0.458754271598
0.459189897639
0.42993593479
0.497797867704
0.47637844483
0.502232736329
0.480637749989
0.506020555656
0.505035688204
0.456807492014
0.472478280099
0.54832409551
0.511695250836
0.481673806857
0.476014571273
0.510924183964
0.53642935288
0.556475929288
0.60668295878
0.625128852854
0.651469661692
0.646009726248
0.629530814886
0.63928881591
0.643720759407
0.640506159832
0.651540559976
0.644223160117
0.615233979403
0.633048986241
0.627731148394
0.623415396198
0.618637110016
0.611621724922
0.598995701514
0.598801790802
0.585270221952
0.572998620059
0.551981036244
0.548845977011
0.579145299145
0.581202777708
0.572454074623
0.567232817366
0.557253933313
0.540176194712
0.538332037218
0.565395327635
0.55699507438
0.553781795829
0.57319185478
0.548413616014
0.607180352256
0.528603076923
0.502749364636
0.443562140468
0.425974177525
0.334712643678
0.347694542961
0.397557846727
0.369397425196
0.351208459995
0.338639331674
0.330527179487
