0.328072124685
0.569210582569
0.510629436861
0.498691943542
0.484919615099
0.514000376277
0.489513283933
0.548602359552
0.526409306434
0.597488925323
0.456109931143
0.564302031341
0.553088669333
0.466552085127
0.583735076496
0.435154940048
0.529617377786
0.533748637789
0.641715779222
0.520522370995
0.6100307665
0.553733445145
0.518336027143
0.413776987629
0.610018542297
0.506461179382
0.700842535965
0.634280231424
0.576240616157
0.590065173214
0.536264002548
0.506553212868
0.368928208622
0.414982930534
0.42858696147
0.5666159996
0.668014872459
0.666253638591
0.583981893895
0.490612872487
0.657358543181
0.623519613151
0.563865101419
0.509797646999
0.667810921431
0.551164313579
0.676914883628
0.64433504275
0.600092431242
0.506766544217
0.65194463237
0.635104732401
0.502080075503
0.599783299715
0.656089229622
0.572698842884
0.426711737692
0.459860047167
0.49747542325
0.487621347069
0.503808147858
0.532851377742
0.477491450127
0.451754590373
0.470030254624
0.36147105437
0.46132359163
0.390393833872
0.605474794561
0.577485437398
0.400851506184
0.598387678777
0.575357932666
0.544522791927
0.435391610059
0.427838475711
0.449207743455
0.414480919877
0.359869944975
0.448457059289
0.424083036182
0.577253495098
0.52475986596
0.504632488683
0.438269928302
0.487253305336
0.517524384598
0.482494976611
0.491704211581
0.441438803782
0.422501314266
0.443562985044
0.504945464027
0.605402442415
0.417517069542
0.616897589732
0.55468316539
0.549749350493
0.517649696513
0.596956254971
