0.393686236398
0.649743515623
0.624881152593
0.645333689641
0.629872561744
0.497962216666
0.482980369306
0.496051023778
0.559501508021
0.578275903594
0.614318151527
0.503620858103
0.486965559606
0.598087531592
0.531124014327
0.611300950908
0.636999680045
0.543108219318
0.547622326071
0.487921807444
0.561732354969
0.474011562984
0.531578553605
0.688347415761
0.559407151122
0.589166270952
0.457750401482
0.432253366868
0.391180421263
0.62133952364
0.607289189765
0.676386537217
0.61410545167
0.520461163557
0.570761560155
0.529651451041
0.462918158749
0.414464918292
0.43821895675
0.481327255759
0.430647848949
0.436175787967
0.461927535607
0.431015149485
0.510872228776
0.460408801415
0.480467978575
0.598978839906
0.5916627032
0.505019703661
0.591022899723
0.569486771223
0.538790269127
0.519940519484
0.54509758513
0.407418271342
0.428485235681
0.545800150242
0.481598953338
0.515205057097
0.543214303144
0.513611714618
0.435730011305
0.331756537557
0.5254657788
0.495044292764
0.514104174723
0.418061631233
0.626836581468
0.697754963436
0.505063367517
0.498521386471
0.494331800623
0.500374212683
0.475007904572
0.554558818471
0.549668273139
0.576319912838
0.403444520278
0.509593860586
0.524462535943
0.622438472733
0.448532640652
0.556475530596
0.637622251039
0.55155229
0.567315835523
0.656626501309
0.583007092026
0.530212542488
0.544997627164
0.565014507029
0.475904674166
0.478035038498
0.600094401209
0.489570568769
0.529520900289
0.41983320788
0.455395339915
0.475033590948
