0.359645031998
0.69134677719
0.60821348463
0.508942245266
0.58791492732
0.634864380313
0.577746956781
0.582624154562
0.625680734736
0.511964235439
0.625532489558
0.597423211293
0.633424021774
0.628388471563
0.590555563322
0.565926369904
0.539542703175
0.509546524453
0.539253970054
0.555432780637
0.623796551997
0.529487825855
0.522283530751
0.528798430627
0.484425329068
0.347660420972
0.593442417674
0.40717094026
0.489083362357
0.466114367606
0.436676398404
0.516158858408
0.472553435489
0.393255218556
0.431182095552
0.422697715287
0.519985784421
0.509043400485
0.573990551582
0.3892536976
0.460791265373
0.541888166996
0.410138823978
0.310953817071
0.425738139259
0.49989830414
0.427420802375
0.525835557815
0.571022516494
0.400233982775
0.449300744288
0.433655353561
0.364369785995
0.417639471821
0.389566594269
0.633583386568
0.575579750392
0.592360687914
0.579532993754
0.42277965181
0.520790239263
0.423004611119
0.562767900377
0.540659287209
0.488351110482
0.57364271462
0.478517123361
0.469059549384
0.429934707412
0.4299507322
0.358483547921
0.341718501196
0.537074268196
0.353385357828
0.410094855004
0.444132588172
0.460303077256
0.56227028464
0.5017586785
0.529336957315
0.553661396022
0.543342971865
0.645553436405
0.493618525026
0.675532926722
0.651179187642
0.457085996566
0.49127025418
0.452066352562
0.523806029506
0.381744002618
0.45391356684
0.47395254158
0.442576543945
0.563442541667
0.516004848556
0.634089609973
0.433715945507
0.406131022599
0.362932434605
