0.819785875536
0.976705518824
0.924993421086
0.949321933839
0.974037437371
0.974001069136
0.973580434824
0.979708314097
0.917000000063
0.977948640233
0.98
0.98
0.977002772046
0.98
0.971611574498
0.98
0.976033386983
0.961801550159
0.98
0.978811404752
0.98
0.924409352063
0.951487792558
0.934000240113
0.9436000317
0.98
0.98
0.972642849314
0.979527885259
0.929543774993
0.895128645668
0.852297525606
0.866941884384
0.969155070145
0.98
0.926143274037
0.935714456756
0.973684634275
0.98
0.939150241117
0.979133184697
0.970917296467
0.93846851388
0.861346063153
0.979601579417
0.975201417602
0.978704040926
0.940195802439
0.977891248679
0.906126442072
0.968188497285
0.932231341012
0.902939896393
0.824713827183
0.704414051884
0.419406823899
0.780672496671
0.777785875536
0.956236747922
0.883989426534
0.873145189023
0.98
0.933845083445
0.898974096925
0.905910398389
0.955442517323
0.98
0.98
0.870394751923
0.979785956242
0.912650339082
0.917555100318
0.929988456591
0.958970561833
0.851465753571
0.778225744167
0.847991071661
0.892297950009
0.97468728367
0.744392978024
0.884764683903
0.974157535277
0.905472618477
0.959454138796
0.98
0.926672977229
0.965252711682
0.962608665161
0.98
0.907466862879
0.79977262446
0.962461040555
0.97872964195
0.944297440715
0.98
0.939001106896
0.89250058486
0.98
0.935797869091
0.91107338381
