0.769131880766
0.926642812999
0.979610267159
0.979331868488
0.957904582631
0.930030637161
0.98
0.923800545326
0.977627202401
0.979210847331
0.944772536062
0.968940893954
0.974953618755
0.95361384979
0.932725655499
0.977292517294
0.943904086367
0.922961165628
0.887394751923
0.979017321396
0.905869202817
0.96660617333
0.908103393708
0.942910478734
0.98
0.959511592522
0.98
0.959530017948
0.98
0.927871254782
0.923571834548
0.902914208169
0.953821147323
0.949932047495
0.975586638766
0.906446344962
0.843380818127
0.857672273178
0.959290916827
0.910727267243
0.918199623558
0.98
0.972884504229
0.925145046573
0.821629656101
0.914568876979
0.966711565512
0.953001629101
0.967596418491
0.951207535361
0.98
0.972600000016
0.979600072897
0.937000021369
0.971272858679
0.98
0.978282726821
0.98
0.98
0.941308876826
0.963296407487
0.98
0.966185268289
0.98
0.886141355659
0.945357027129
0.945362770985
0.938408927332
0.961558036673
0.93107338931
0.950555344247
0.930821729336
0.945170898904
0.950073638948
0.98
0.970169280112
0.952813187534
0.98
0.959236565493
0.946732706219
0.965018646898
0.978282726821
0.98
0.979614043758
0.910001114427
0.98
0.936449846349
0.979708314097
0.975787334422
0.975935479978
0.96220246738
0.802837608154
0.84216405518
0.896249140382
0.979181225484
0.979765935216
0.979107238625
0.974921622878
0.938191468276
0.98
