0.730356247589
0.977799081352
0.98
0.954609215265
0.945710115782
0.949003609994
0.965124892271
0.952999189918
0.905943594401
0.883200839494
0.98
0.979356806813
0.979601232203
0.98
0.98
0.962253741116
0.98
0.979512939749
0.962268897925
0.972723545528
0.957532472876
0.95919233167
0.98
0.974259038618
0.979774353252
0.98
0.978711143337
0.967526164364
0.957615218873
0.936722373345
0.973185896582
0.98
0.98
0.971600000381
0.95712855146
0.938962600557
0.959221525716
0.979040182585
0.978427786867
0.953200108403
0.962400201957
0.977164875091
0.923528457663
0.947273732764
0.933909310253
0.98
0.977600005915
0.89213697983
0.962461040555
0.797847141995
0.856512276315
0.825655610866
0.976045623435
0.873795702041
0.977624112218
0.939366892858
0.935226846794
0.780027853032
0.84790795877
0.979272016561
0.98
0.98
0.97356431986
0.947099563728
0.98
0.973704064496
0.98
0.98
0.979011115108
0.909555927926
0.979160731364
0.977050006953
0.976613601477
0.98
0.957207724099
0.963416514155
0.876386101069
0.937129358097
0.961699390561
0.976274748988
0.978762081774
0.973531151133
0.975014781052
0.961604303914
0.977052422578
0.953951774164
0.962461040555
0.979779443195
0.98
0.904600908204
0.897795702041
0.907104639373
0.975519485696
0.98
0.98
0.98
0.977608965336
0.98
0.98
0.98
