1.14636589316e+302
5.1744437204e+051
1.59425843582e+253
3.45753713106e+192
2.20876346847
24.5047717916
42.8160854886
20.6082053233
6494.64682335
2.07780787833
8.58649914979
8.41112508113e+012
6.48571413952e+012
4218599163.8
6.04472318147e+251
2.69130216004
1.48623367772
1.62964959048
5.23807454369
15.0973580638
3.65321297349
1.24166093764
2.43177919075
1.80880114803
1.24273740614
16.2170598495
7.94408369557e+194
1.12819495591
170874.25473
2.62082898799
11.0674704314
9.1437799274
3.55780260484e+028
1.06041068756
0.365459819445
1.93134040479
1.80501550063e+062
8.17050184816e+110
3.13847669136e+175
2.97184901595e+186
3.96095612537e+102
2.66279977637
1.49596457517
229705.339406
0.420691553792
0.198122967056
0.632299368247
1.44142424922
0.949138571194
4.56907588471e+013
7.73002855399e+026
2.11481896927e+018
9.54106005339e+030
1.59505607815
0.639190045835
0.794732962681
8.6221568608
6.87835774984e+012
4.28439292293e+027
4.69950621396e+042
4.73621268871e+055
0.618659018895
0.917939670602
2621531.88044
2.8720881043e+014
8.75951487967
0.10952489357
4.66895305923
1.38110703433
0.723784711542
11.2935779712
1.13251124699
1.44660996717
0.876879331469
0.0777334867732
1.3341635619
0.60800936823
0.158888253422
56.9083963888
8.28114418464
0.516195767217
0.387523645521
32.5271803276
2.06290980794
1.86488149145
3.03458356525
1.84270885986
2.61039827972
1.81312923362
7.37599219114e+042
8.93852536056e+054
0.811581651263
1.86160384522
8.81889067345
2.90685395791
5.30072301365
5.13190001273
1.04104126379e+020
1.63116737232
227.43174839
