1.04888041817e+253
3.07974775122e+062
2.65864125178e+126
2.41115298384e+294
9.67126759606e+301
2.42446783415e+216
1.9406636023e+157
2.49765598138e+286
4.16881042693e+023
43.7042533503
1263.87945948
1.25748980526e+300
1.59005100199e+243
1.17319309883e+287
1.81074187893e+239
1.13239599305e+239
8.18046014421e+253
6.16528927955e+253
5.85341525453e+297
100.902727514
4.4802857027e+240
3.58055360262e+250
2.68526222226e+124
2.83062815571e+292
1.81130702137e+272
9.6739181233e+297
7.9070585899e+301
4.82451740084e+242
2.68222939625e+243
8.07440726805e+252
6.37931467715e+016
3.18715911889e+283
1.60091460393e+036
1.01664933799e+017
1.53409280089
3.13290034626e+013
1.15061753457
2.98388335162e+272
1.07192946168e+017
5.96126800838e+016
1.53342703758
1.51407749766
1.32075508358
1.03974831784
1.13409763036
0.771392737406
0.838312632281
1.23040123039
1.47132206156
1.39490887001
1.28689298737
6.90458554133e+041
1.56287598682
1.42568803981
1.40181828813
1.31507757835
1.74391476194
2.07209981446
1.0678757276
0.8870132535
1.8152412503
44.5237980197
43.3521983952
33898940371.5
1.58514696231
0.955467219934
1.18105685361
1.17719583069
1.5022380279
7.82571393307e+016
84.4866071811
1.7130210854
1.44170667554
1.27878165286
1.04276679064
1.15403788525
1.0498953536
0.882413102995
8288610712.55
1.25987233888
1.34911529606
1.0088049013
1.05918379531
1.43636622503
444.144586148
1.55059936067
1.29263529922
1.62387164394
1.29405769315
1.23898292478
0.931331564988
1.07827974062
1.25268177574
1.17940913818
29.7180852198
22.9436712022
12.0463423271
1.25096659372
1.29745535782
1.48949125378
