4.23689357746e+280
3.93313898722e+256
14.860947722
21.811398955
7.59245429108e+185
2.43086495937
1.72342595288e+028
1.22575241451e+227
52.3348181522
3.94085421249
1061991.79682
7.05503881475e+279
6.78764269852
3.45653046222
1.93198695086e+256
5.57548494378
2.56572060586e+240
1.80069599999
2.65143627791
1.32599378419
1.59531048078
5.81417076299
2.60439221685
1.56149815692
3.56342473762
1.58306349183
1.3437975488
2.80875685665
1.46842929106
1.73434418572
9.32609533266
2.19280986037
1.87800334493
2.9395047788
8.38962606867
3.12783996625
1.11204064964e+294
6.15813667474
2.32284984647
3.93632781152
2.41311248785
4.09735688262
2.29934343303
13.2864058424
2.14755098361
1.66709083227
2.214322398
2.53591344224
1.59018379626
2.42147894129
1.73068021878
2.27081703196
2.07723597598
1.14275517255
7.94580249433e+046
7.32478873172e+025
1.41761579515
5.16773042487
1.03288576952
1.08634353197
2.76875432036
1.53321696987
1.15602229395
1.01567667859
1.54445307912
4.75353813596e+052
1.04353094023
2.27763195276
5790.7328884
1.25845270482
1.74812793378
1.80426748084
1.76368062729
1.97116861514
1.68754876888
2.44107677633
1.63101947439
1.39743759934
2.60173887231
1.45363399452
1.07460814553
1.16450796591
5.29584195261
0.930483268437
1.09922046114
1.43055484626
1.96152703813
80.9765018871
4.49591043533
2.55632014349
21.8344928564
14.3295508202
3.87960658785
5.52596495431
129.633655634
52805727784.2
2.33765406448e+029
1.89706108474e+034
4.2160507647e+262
32.9728080377
