4.82249399589e+252
8.44649369401e+293
1.67140370567e+253
1.48693364383e+272
5.6150369531e+253
2.26848527063e+252
1.65743753605e+283
2.84370058517e+278
9.66288410474
2.52244419302
2.0305217242
989.124757127
9640110.71501
0.776833915998
7.92857340733e+269
6.94491172042e+283
1.25173825861e+047
5.29425790767e+025
2.59943072488
80.722341659
46.5998266718
1.20934566845
0.284977586426
43.6213014184
0.240456520487
9.17894360886e+045
56025596.6261
0.387457313645
6185126.49483
0.243172887894
2.15540832942
1.6560845524e+191
3.74667406213
13.5994228648
1.50477909327
405366390154.0
8.69018854918e+031
1.82399084395e+013
0.963274162471
1.41208739735
578.420843748
0.124850355615
1.44634393644
0.893139565491
1.17864492429e+200
0.98282394276
1.17194024145
0.816559122458
0.108179584315
0.285815086167
0.486411230936
0.440940604039
0.816057983081
0.000799427269625
0.0
0.0
0.0
0.0
0.0
0.0
0.0
0.0
0.0
0.0
0.0
0.0
0.0
0.0
0.0
0.0
0.0
0.0
0.0
0.0
0.0
0.0
0.0
0.0
0.0
0.0
0.0
0.0
0.0
0.0
0.0
0.0
0.0
0.0
0.0
0.0
0.0
0.0
0.0
0.0
0.0
0.0
0.0
0.0
0.0
0.0
