0.785115296968
0.968188887469
0.96782020519
0.887565971225
0.98
0.978706668816
0.866552277418
0.733314000482
0.958358687414
0.963744378353
0.928291957027
0.972676166129
0.959956542405
0.98
0.98
0.98
0.964077431652
0.978621531954
0.971671746857
0.98
0.98
0.974163869543
0.98
0.98
0.973982380352
0.98
0.98
0.979796946569
0.98
0.965692917632
0.98
0.973094960364
0.97032012002
0.98
0.98
0.98
0.98
0.98
0.98
0.98
0.98
0.98
0.98
0.98
0.98
0.98
0.98
0.95690111178
0.911852366968
0.98
0.959140488724
0.98
0.977276188713
0.98
0.98
0.98
0.98
0.977327852778
0.954179090321
0.976586690093
0.979
0.977151489389
0.98
0.98
0.98
0.98
0.968974881982
0.98
0.98
0.98
0.975511040793
0.973634139105
0.947484834956
0.98
0.98
0.98
0.98
0.966007604899
0.977366746782
0.93841701512
0.974718979341
0.850107699891
0.948353814366
0.970861745765
0.975588994921
0.98
0.98
0.98
0.901267249911
0.976129168986
0.946471506676
0.94518072544
0.98
0.91287252449
0.930017899092
0.98
0.943850590148
0.98
0.98
0.98
