0.00373899001385
0.165342721728
0.798884672156
0.972457771449
0.903665182368
0.817945662246
0.806775045318
0.662279737217
0.825365513857
0.898450837648
0.976620838013
0.939476130083
0.978283109369
0.885393670127
0.975947033057
0.881862282198
0.963066890211
0.927740077869
0.826556236485
0.573591833731
0.913681586274
0.43595321252
0.213041418748
0.462888776284
0.643255757232
0.138157708238
0.165404559967
0.768573261458
0.579356756698
0.826521214372
0.521601100496
0.186877803471
0.264558718303
0.564044460703
0.134457830808
0.000404651483421
0.00046103547573
0.0139068565294
0.364253106224
0.928425451177
0.978720404179
0.979947226535
0.979999181715
0.979744941803
0.979230687895
0.976751622063
0.979942640883
0.979306073955
0.979959393812
0.979999999803
0.908010762548
0.942208129043
0.806277978519
0.825196708202
0.897976188359
0.826662265722
0.976620838013
0.978642837493
0.96734278121
0.976620838013
0.960831710792
0.97316526607
0.964634789011
0.975621462157
0.977026914035
0.556315715454
0.505684677476
0.8227832247
0.916698122081
0.607349614288
0.825170326927
0.755015158066
0.932557815546
0.930327234493
0.920764850637
0.924700644139
0.908940249378
0.96046006679
0.84051492683
0.906630857026
0.963730678095
0.978031209287
0.965772797528
0.919641417233
0.833162866606
0.599723644296
0.826521214372
0.534502646682
0.131918321622
0.00532359384818
0.2073812078
0.860486747227
0.976697349457
0.979947226535
0.979769171031
0.979956376804
0.979185897116
0.979999991636
0.977599999804
0.571833661677
