0.817123022907
0.932470830959
0.926748454479
0.975320849159
0.979794137554
0.969929100348
0.98
0.970791739763
0.942942359045
0.98
0.98
0.98
0.98
0.98
0.98
0.977270903916
0.98
0.98
0.98
0.98
0.9648
0.965399205141
0.979789732841
0.98
0.98
0.98
0.976
0.98
0.98
0.968940893954
0.978446974712
0.98
0.98
0.98
0.98
0.98
0.98
0.98
0.98
0.98
0.98
0.98
0.98
0.98
0.98
0.9786
0.98
0.98
0.98
0.98
0.98
0.972822599906
0.979295385328
0.98
0.98
0.98
0.98
0.98
0.98
0.98
0.98
0.98
0.98
0.98
0.98
0.97660000001
0.98
0.98
0.98
0.98
0.98
0.98
0.98
0.920031344012
0.98
0.978585798504
0.970565728729
0.98
0.98
0.978952005908
0.98
0.98
0.98
0.98
0.98
0.98
0.97966416426
0.975605088139
0.97966416426
0.98
0.98
0.98
0.975000032296
0.98
0.98
0.98
0.98
0.98
0.98
0.98
