0.989177350427
0.95865450334
0.857818941473
0.799514799938
0.803357059308
0.727909134264
0.751682170644
0.744728418719
0.779031461503
0.784419467895
0.762502700132
0.789678135862
0.821390279447
0.815185053109
0.790733043318
0.789333235767
0.752778967056
0.743740710663
0.740759232306
0.702194784258
0.726514601963
0.681856291948
0.748287100287
0.761606241425
0.779507495659
0.780816045486
0.748440228502
0.734232669758
0.695312687027
0.755439762763
0.738058887835
0.685181940514
0.669086843827
0.642931944063
0.636704981325
0.619292815679
0.624150737319
0.641267539604
0.621872886468
0.662081321523
0.700092217087
0.696103282087
0.71397650454
0.712193985285
0.687622787473
0.722081755708
0.627193396231
0.649257476108
0.693525887301
0.680083827094
0.53760531192
0.608930736521
0.653592463487
0.656381288062
0.680114814276
0.740609862295
0.72090241697
0.679151976918
0.685476438852
0.592751551719
0.613795028198
0.635671035854
0.662823844782
0.688734595299
0.697191314462
0.713112615687
0.692933247881
0.650799806941
0.594467563101
0.580294289844
0.579705114943
0.601018357829
0.493953622332
0.437106599217
0.371778661116
0.386576850779
0.34406845339
0.31723520513
0.392690837729
0.389800810742
0.346654600564
0.361828151153
0.353602485076
0.356238078564
0.304028208936
0.32746387293
0.368715387084
0.324706454285
0.244653895282
0.127781071637
0.0674116300181
0.102740635372
0.101948265701
0.114927126292
0.148179997812
0.128658748058
0.134340943294
0.176187009796
0.161148427553
0.160864868942
