0.269228905273
0.338151830699
0.411653938116
0.377052214848
0.501523346279
0.519619421523
0.51731895827
0.341406137379
0.431693775892
0.530848287013
0.523317579117
0.51053332108
0.489025976877
0.535128036382
0.496778979518
0.519469298533
0.508249089216
0.455449108405
0.416996966619
0.383697659184
0.407451084368
0.467919912021
0.526058264233
0.591426703291
0.511763046313
0.542538081007
0.556249577453
0.546465231939
0.522282832752
0.526133780178
0.45113709696
0.49656003375
0.443576872794
0.413635481612
0.485018746109
0.432927662114
0.346219255882
0.519631341429
0.626259863872
0.622149140374
0.665256184148
0.676960376168
0.632567403864
0.523168653388
0.540844290342
0.482387879116
0.433759123206
0.516968489487
0.504278975587
0.473153910189
0.385722079728
0.510950648253
0.585757269926
0.66140374026
0.727405299794
0.627615577933
0.494142810907
0.527150481305
0.508923029589
0.455538035523
0.503890326317
0.556312439411
0.518110670572
0.464539983699
0.414592230331
0.384208866804
0.382921174959
0.534287624499
0.563601689475
0.579418866216
0.633099939267
0.570109382565
0.474946137115
0.484140531021
0.36234216162
0.50747821081
0.468459860194
0.518414496516
0.568445623654
0.487326403206
0.537103188411
0.425889382739
0.518326806248
0.618895137957
0.627775469324
0.464031583216
0.433123880943
0.402741919889
0.437790190195
0.584214865183
0.541164624266
0.605746577018
0.580157276997
0.515192410451
0.522502426882
0.464789694028
0.345805512314
0.494842808858
0.571728100151
0.526365495316
