0.344162697763
0.524766268044
0.526759626422
0.569452021544
0.61899835079
0.468668506704
0.472273878144
0.41273140631
0.354650008301
0.486579269972
0.313221500976
0.485987821744
0.503916880806
0.552095639813
0.564074425226
0.586515225041
0.558972369099
0.594957194869
0.563605075885
0.582331564405
0.615160357256
0.612414789557
0.537719440801
0.596093663295
0.609702761818
0.468548502695
0.522671807199
0.478426705739
0.439963417856
0.384729955742
0.565223763741
0.505049601107
0.568204503413
0.545050703754
0.592006069781
0.545724070779
0.402912756964
0.508776017593
0.555602121557
0.618939004399
0.570030125631
0.483650592028
0.410254544214
0.416336633963
0.543904037964
0.646588415355
0.612153324613
0.555806239807
0.544163375209
0.504206135163
0.373709111204
0.436881595887
0.568704541346
0.57579841122
0.550289277442
0.581977300275
0.530597149852
0.602112013777
0.526756848888
0.556849363174
0.505531080948
0.544119215051
0.420869177551
0.551451648428
0.566697652697
0.486080356514
0.520042001873
0.477721719342
0.39524879189
0.526484346785
0.530821150159
0.624808792964
0.633910108476
0.691500903559
0.556924619079
0.570608809439
0.592258973017
0.647058747072
0.648370214366
0.567906398354
0.527797271174
0.492092842298
0.556054924134
0.58170186794
0.547801009173
0.468830653234
0.565616978468
0.635924498444
0.584452117817
0.584680664308
0.614180334225
0.538788100405
0.57784419843
0.572709781729
0.559858934704
0.596213256075
0.63055169193
0.665357890856
0.572964674445
0.629570790046
