0.274802009158
0.392591412676
0.420046323432
0.48947312616
0.472332355434
0.413832209835
0.505506335468
0.532176179126
0.400026396605
0.435975220011
0.416930518656
0.440343148512
0.537223138666
0.473737128556
0.462895797978
0.414090298896
0.516351684467
0.502659618155
0.510935961971
0.504103954801
0.51516606696
0.483369932691
0.475221852897
0.442967105769
0.390326721764
0.386828930491
0.473326920974
0.561404370669
0.522412547475
0.500349437935
0.53830016865
0.505057679578
0.456306521287
0.343867629926
0.506571799599
0.46476352966
0.44836142699
0.408887674556
0.534020259089
0.551874745616
0.539984239512
0.526129337977
0.467001879022
0.499608455378
0.614668523852
0.497200640553
0.462690601692
0.306278386392
0.473325518883
0.464887217188
0.470961195144
0.480658544268
0.39828283401
0.461570850834
0.504729510454
0.46836664898
0.545381093392
0.468706119299
0.436540088863
0.460803446485
0.508905600569
0.440804954118
0.436432261184
0.482425219679
0.607307169273
0.559971890183
0.618247048792
0.551163362085
0.655482554771
0.540023802221
0.505304601967
0.481387334753
0.513396686385
0.473578491598
0.404851576106
0.473158215637
0.56447793902
0.467214001412
0.461012626587
0.495561747439
0.503328971463
0.450056662265
0.470652005908
0.384832619401
0.489001493831
0.555596764504
0.556762982313
0.555529084643
0.54288835416
0.605073926707
0.499275909359
0.585397968551
0.597804166902
0.503681738624
0.47336501836
0.413409005063
0.330895833841
0.484005212451
0.581917795619
0.563722986956
