0.266760206419
0.330759265259
0.420217624859
0.496324816238
0.567399757982
0.590133029389
0.514139861533
0.458561942832
0.495400202803
0.569851441698
0.527963820038
0.500300193648
0.547361799316
0.516433690761
0.510818146364
0.49185388679
0.383525358229
0.457220310765
0.545324102888
0.642970948414
0.574985472726
0.415497150941
0.583789653981
0.636516303909
0.574558256239
0.580008833194
0.536968675529
0.480840296043
0.383606926279
0.554331316066
0.5891347529
0.556942191954
0.62450089685
0.565007521336
0.449830937247
0.39741283591
0.458870462386
0.441375252481
0.391510376464
0.581002256541
0.568227313152
0.499968219028
0.581530102431
0.546455384241
0.466721461207
0.458500876228
0.508287103426
0.530652020263
0.508535865449
0.438216355164
0.457251343088
0.530578548837
0.553421481073
0.543489080312
0.585463174053
0.587356643614
0.532266024971
0.479901052729
0.462461869267
0.42034324221
0.404559526115
0.42017556792
0.492299249954
0.54020851475
0.564022128093
0.455467443984
0.463363294565
0.468346693728
0.462484136468
0.342907644736
0.426447770406
0.512154410701
0.535779077844
0.581696911862
0.533145054261
0.499970780098
0.529572150515
0.542771652224
0.519628188304
0.522328494547
0.481524364455
0.358720088015
0.347616662196
0.496626699483
0.564669067733
0.556220082923
0.519615805549
0.365820563774
0.517839824753
0.485573919827
0.548138685164
0.515927394487
0.473451233798
0.491375771535
0.429481049523
0.424021309258
0.344276611464
0.418553577292
0.599067384214
0.510624030361
