0.257974972513
0.377367485332
0.501355392763
0.5296742601
0.505116139538
0.455760757033
0.390881921682
0.503092601974
0.519658166302
0.516603189872
0.579399465944
0.550397238644
0.477888837201
0.46820128441
0.332904680305
0.488092141541
0.530167636559
0.6188636649
0.57669205216
0.510375454734
0.583097054169
0.566378386091
0.476276312774
0.537761068848
0.508314252785
0.499713007043
0.477491898981
0.360051747999
0.545773719692
0.594613863853
0.634242326016
0.572428396866
0.609543423067
0.564736534715
0.590280195162
0.612821786272
0.56279749321
0.565245124126
0.512958329153
0.544049924223
0.478913159975
0.454580176981
0.506568444745
0.479702741761
0.48892133824
0.553060688531
0.467234466364
0.495431110766
0.54695225509
0.578825525987
0.561746302857
0.590946435131
0.503146258228
0.518924375058
0.57527543227
0.575976980372
0.531151059371
0.53509667026
0.514545212163
0.477853117737
0.537468596731
0.490447651864
0.423138286192
0.434795416872
0.595527618951
0.637012851765
0.627943630193
0.611098045269
0.544486960125
0.487892950176
0.496482833052
0.414758535327
0.434298818122
0.511062160323
0.538065643699
0.556384406528
0.522201992367
0.612577176245
0.55201366236
0.57998098757
0.516787760468
0.436442397049
0.571710967835
0.559991755794
0.511819933085
0.481611862458
0.47546941116
0.551017080868
0.548737872493
0.423843390451
0.393535906193
0.418722025417
0.596480225395
0.586219169349
0.561555489109
0.521543648144
0.540695099377
0.592589684653
0.561174580727
0.496602855197
