4.73275282458
4.46907779257
4.79037799959
4.78531595024
4.91963222536
4.4505559254
4.87099070635
5.12484988702
5.11354877363
4.73734591201
4.63161427796
4.76835424416
4.82379586728
5.16799296489
4.73650435871
4.65834084725
4.95292074582
4.75704905558
4.61824805063
4.67678722095
4.67225959708
4.67355955675
4.41312926904
4.75874060872
4.68012947617
4.67136007402
4.68371711776
4.66662941151
5.08059878523
4.56394391438
4.69760282228
4.55037370575
4.59602908062
4.80244601948
4.2033102518
4.42338482386
5.3315901461
4.45990463596
4.73101618156
4.87426426204
4.56298545021
4.47253453632
4.75462194617
4.37250710973
4.66255719924
5.11022111278
4.67038152469
4.78396403194
4.5154395463
4.6537030862
4.82942319436
4.77844159021
4.59598409282
4.65578602485
4.32973442154
4.59050918475
4.83004910585
4.58821799783
4.43571086098
4.30227980787
4.19569010257
4.65694358449
4.74349799285
5.20731189548
5.00858268651
4.7043835399
4.68262271503
4.65960079955
4.90700037134
4.70107181379
4.98764824573
4.92832509864
4.95017822532
4.68339901193
4.86615545413
4.40408766683
4.82210507339
4.9604869689
5.06131232514
5.09859975639
4.67909276675
4.98523410062
4.7726108079
4.89860268519
4.8396805238
4.95123782763
5.08208047266
5.43150828269
5.39600374628
4.77993012465
5.05130153249
5.26469324793
5.34823843755
5.14554047957
5.26703251591
5.21869076153
5.11006927135
5.10200993705
5.21058197443
5.15645240372
