4.63294354696
4.75744236709
4.99693968212
4.85257369212
4.65796707382
4.83747468866
4.68957513524
4.90445574495
4.91984937375
4.81204413324
4.96753722312
5.02519708374
5.21533298482
4.39527568744
5.23023629118
4.95467317757
4.55673351159
4.79483065915
5.13320567696
4.330093874
4.93039904454
4.83597927756
4.59183441716
4.9790924511
4.63775705826
5.15991873197
4.83548618567
4.90538749217
4.60090050353
5.1649193625
4.87468109285
4.56107852584
4.53650916885
4.71517955072
4.67210900075
4.7580255504
4.48200228092
4.44010758269
4.68780715768
4.51922715697
4.68880091166
4.83824135789
4.74156494273
4.90441120717
4.81554331343
4.65444556008
4.96741222683
5.00324676038
4.84522689157
4.97156171063
4.95215123436
4.70394644835
4.85919669047
4.63351197523
4.96499722623
4.64128981295
4.73081746018
4.65327180565
4.8654067979
4.99174620543
4.6905573369
4.73622756746
4.56293149514
4.66112941177
5.09863857627
4.99406097087
4.9141716376
5.10841251665
5.20472401592
4.89122870483
5.18232959559
4.93846250972
4.91098607642
5.03769701107
4.94950683279
4.95310074868
5.19031742089
5.10273450855
4.93943002694
5.32848569833
5.22054793734
5.2015219909
5.40417575684
5.21317175519
5.23280810294
5.04594796783
5.20545112958
5.16511800822
5.20506456538
5.1384406037
5.09759341998
5.40794885203
5.2500963287
5.29160558073
5.33964038127
4.96696577571
5.13911958276
5.20164885091
5.46565442347
5.40574906646
