5.54239986627
5.4553502861
5.41475368522
5.5651208981
5.33072721503
5.40043897909
5.21587009107
5.35893935346
5.58266023557
5.40709544381
5.18795169273
5.21605992802
4.84277471183
5.48096712062
5.15776100843
5.67538839816
5.48297047998
5.46659216967
5.83131071756
5.24266464529
5.40918423093
5.3274032743
5.11462543974
5.29720807748
5.11061117211
5.3223045877
5.45341252858
5.42327165813
4.98116693043
5.71119084002
5.41530568001
4.95698867638
5.42130510106
5.34989878058
5.62717855991
5.25152675135
5.10199116563
5.11221791859
5.41661509303
5.45516434899
5.09875621191
5.1115192419
5.41227653789
5.37410623088
5.50932931211
5.63311134658
5.52785548817
5.50024353198
5.34895025379
5.1904133426
5.38872997789
5.23589470364
5.39890880388
5.68118953523
5.45160714282
5.4485212654
5.318474042
5.04341350648
5.40823607131
5.1610275058
5.17240979922
5.09987574919
5.03701279399
5.43564714039
5.3956512245
5.2028901583
5.38836545117
5.41428013141
5.52921586577
5.54827921921
5.53924779217
5.4118827201
5.64080458609
5.49157972
5.7292081293
5.67711246651
5.44329632284
5.34695479418
5.62384735899
5.37560136629
5.42457300863
5.42299199929
5.30821582127
5.55562048731
5.33369274029
5.48923960429
5.52055631853
5.49208405136
5.7370309255
5.72540591722
5.43641365461
5.64134580375
5.55178742639
5.07495197324
5.62719358656
6.02633795121
6.0185642096
5.40211013264
6.01629564741
5.5386025898
