4.44744167239
4.55372229991
4.67305956429
4.96652155799
4.55620803196
4.40251953399
4.55335403924
4.28534499316
4.45814868645
4.31384473888
4.61091780144
4.32686065162
4.94744014086
4.4867414871
4.88961084344
4.83564915707
4.90843072252
4.65718790198
4.94996234096
4.90624929512
4.76974096371
4.37240219861
4.37494730621
4.79923546793
4.84937980334
4.84683245991
4.66458952422
4.66216371176
4.88011393794
4.58823741104
4.60336479031
4.74632078667
4.71576924226
4.77434035302
4.52239612882
4.35141712426
4.55437355041
4.8805347317
4.67999055988
4.15333258806
4.86375253742
4.51449201451
4.40533999826
4.3893423321
4.51397600562
4.71586867313
4.54970084695
4.7102262577
4.89573849941
4.88059952734
5.01153954794
4.3789227551
4.38494299616
4.48125272194
4.44940507307
4.63386477402
4.92303769682
4.44514826465
4.10951789333
4.46510997136
5.07300704186
4.57468336253
4.37532548786
4.93907011054
4.37238480678
4.54316989692
4.74645986985
4.81493938662
4.68726983752
4.38692272647
4.60795426274
4.56306759926
4.49278163033
4.34347618427
4.33050385431
4.54385328236
4.48115662671
4.40041725276
4.68354452585
4.69982764437
4.63265848883
4.534100637
4.60867116583
4.79335434079
4.56511226862
4.59948070175
4.54739188464
4.25555561753
4.34335702521
5.15912621522
4.61268847773
4.48400736635
4.48404346222
4.75956225472
4.80463080486
4.86774788709
4.79088468027
4.91533341198
4.90449696878
5.02623960656
