4.36677161213
4.21989074473
4.41167857645
4.59090956813
4.31238955512
4.65197504488
4.80021896564
4.5746147704
4.38851548384
4.40639328053
4.35127030407
4.22120286964
4.52945101295
4.35647986872
4.58473466493
4.07884154191
4.55253758525
4.38340700596
4.69136375423
4.4471047721
4.59921059828
4.49404159942
4.14744962204
4.59373301775
4.3595342516
4.64577883586
4.38373147283
4.57787379361
4.46544239853
4.71485262554
4.44504803635
4.71094408527
4.58150642372
4.4496559699
4.6234722028
4.50403378809
4.31529644655
4.49123417433
4.20398484845
4.42695054691
4.52575996544
4.42141703684
4.27076602402
4.38176916508
4.42974785891
4.44730954702
4.30364071216
4.31226760187
4.29888555549
4.39365791632
4.66460397681
4.38354669943
4.47520343677
4.54791014245
4.5096837701
4.23235938343
4.41449268998
4.33762720932
4.17018143523
4.43878093767
3.7133014944
3.95002886826
4.33071542253
4.55901452455
4.62141864532
4.41371648377
4.40405787978
4.3442084559
4.3784543883
4.58504958796
4.30894058045
4.29014394343
4.22644179001
4.53064208908
4.2964642702
4.74964460757
4.30075212132
4.36674725317
4.51285184384
4.51292382102
4.40853376513
4.59148242846
4.31505127592
4.42369765485
4.28471215441
3.98310338207
4.18942101517
4.57056814009
4.57894531999
4.26179196041
4.10366286844
4.40103747141
4.38952975929
4.40317923212
4.26866665871
4.59713284832
4.21183731777
4.46283049058
4.58144820536
4.26833469177
