2.40809687123e+252
3.33592618408e+271
1.22086037329e+038
5.15590387464e+019
1.0345233965e+018
27.8228935745
1.95499909079e+035
35.1265848872
4.8115605624
10.814970781
357985697.037
13.4630099834
983.621357255
1.61065402462e+014
179058652.786
135839928966.0
8.40017901162e+079
1.67523491751e+287
7.43822200593
7.7631960723
3.9585007499e+013
808278203737.0
3.2552450767
7.48148244875
5.59481420265
8.39241672866
399313372.475
4.50502036779e+021
3.08294773744e+034
8.11331755427e+034
6.82288394193e+024
1.78930804176e+024
2.60858040345e+019
6.65185078397e+019
8.00328295178e+020
2.2498224165e+027
3.62844700378e+039
8.09708372292e+035
7.5230326769e+031
8.97018868968e+032
8.22184051349e+032
3.93313128029e+031
2.66701772506e+017
2.37719908621e+017
6.41017286996e+017
7.09342311696e+017
1.61761961637e+017
3.76120035052e+017
2.24683870482e+017
3.78743539311e+014
4.79786747158e+014
709210646184.0
5.21142873729e+242
1.43001327435e+216
4.10776488932e+215
2.60053382571e+084
1.97687324472e+084
9.39911041805e+083
2.47560050642e+084
2.20516895081e+084
2.09882455932e+084
4.21395522628e+083
0.710802127045
0.403195687028
5.80595417763
0.89287450513
0.808463096326
0.974104819069
2.59928476153
2.44807991413
0.933599021728
0.783749632396
1.1395588886
0.710247987172
0.565064188986
0.631079542761
1.24201720198
6.03516431524e+272
1.5632025297
161.381008354
0.965915450266
1.17444511943
1.23241701958
0.835197272607
0.428435364638
4.4849931682e+177
0.29927088265
0.260289727272
0.910614240993
0.571381479651
0.392947958245
1.04724466698
0.450962579241
1.15256727356
1.11971660682e+024
1.53284102868
2.57727775785
1.01423577757
1.84500136333e+057
5989.61307516
