6.16174676634e+252
1.82641800489e+275
3.25708108712e+047
2.56364394445e+291
8.19432903119e+290
0.0963769289529
3.67766372415e+191
7.37543392776e+162
0.0266243924626
0.00782698513026
0.0
0.0
0.0
0.0
0.0549143597076
1.36885556401
0.0
0.000722488627288
1.04921191918e+013
9.84080861841e+036
5.64812531831e+252
6.67410380865e+204
2.01619256658e+061
0.0116730595434
0.00475441166465
0.0
0.0
0.0
0.0
0.0
0.422075173423
0.00494702404429
0.0
1.13587172423
0.0
0.0
0.0
0.0
0.0
2.78056320478e-005
13.514821325
52.801083075
1.16250000122
0.0
0.0160874262512
0.000800410380535
1.54946382402
0.0
0.0108539838099
0.104837583834
0.000211937727972
0.0
0.0
0.0
0.0
1.47572334425e+301
0.0
1.03589984047
0.213833963097
0.0
5.48858633804e-005
0.0
0.0
0.0
0.00871224327396
0.0
0.0
0.0
0.0
0.0
0.0
0.0
0.0
0.0
0.0
0.0
0.0
0.0
0.0
0.0
0.0
0.0
0.0
0.0
0.0
0.0
0.0
0.0
0.0
0.0
0.0
0.0
0.0
0.0
0.0
0.0
0.0
0.0
0.0
0.0
