4.68090995125e+269
108449.670096
2.05268015156e+073
1.03322468444e+300
80.6838452088
468.471404765
1.01981718651e+017
3.55935351089e+035
6826.87237553
1.76828647589e+033
62115491495.4
261127245.081
1094982.20972
3.6029825302e+152
1.98827757859e+020
3.31573452029e+038
5.73554186029e+100
1.74624919039e+115
3976890163.03
74358511664.9
2.83152684289e+182
3.19834482658e+013
1.16600466895e+015
1.68464106653e+178
1.94376160204e+022
2.11318256415e+023
4.31627379002e+023
2.48841841159
1.85352596875
66684262606.6
7.69941160453e+280
6.88230252189e+024
1.08165661846e+038
3.28923846421e+019
1.20869079573e+024
0.572796075763
1.6688687333e+278
104705.684779
2.21001475348e+023
2.82745356354
0.373818741654
2.11683115216
1.08399191792
0.227806842941
0.720877807393
0.389154470009
0.921552979806
1.90013294307e+033
2.71631256057e+036
1.13586235399e+037
14.7132347551
2306.07536176
6.95393413711
98.4868396012
10.5386220411
6.02553265275e+014
11.1932515918
63.9603819587
1127716826.46
6.84190584198e+013
140.455826284
0.674355468194
0.503515771401
1.0176136885
0.556844974836
0.739789123344
1.32316478453
0.32276633288
3.36835380447e+259
5.92272603674e+012
0.379326668669
1.48020406331e+217
0.244716187386
2.74080200542
1.45598347025
0.205848593405
16.4187523392
1299.403447
1.64467394356e+109
1.91228302894
0.890439933482
38.1247848095
0.104998422512
0.226781298247
0.902249907547
0.202799194585
0.573143553163
18.9163586055
6817.98154639
2.767024255
3.58964552838
393.445034755
7.43644799495e+218
1.21804020519
0.268635667698
0.580389134135
4.4161797937
14.6602814954
15.4333364767
19.7033588689
