5.35779568004e+274
2.38051058278e+253
2.21877451124e+299
1.73242117648e+253
6.07024406648e+253
2.69314458729e+284
7.13269773983e+253
2.2964499989e+253
2.34678338119e+253
4.78551348643e+271
3.36688734765e+299
1.21372743028e+253
2.59574078327e+252
0.835900388923
0.893075446606
0.59542260489
1.45507365564
1.98016609193
1.58255003241
7.69382970821
2.24366316538
64.2588563369
2.37218629046
3.26680478233
25.6667545978
10.4465337488
6.82632171305
4.57094507123
4.60121211025
8.73876338478
8.55023191345
7.86672176023
6.30592580648
2.68699346662
9.61543008969
1.1924253008e+117
2.32074490605
2.95635893203
2.40749784296
19.0060269077
7.03946634665
9.7598095324
16.1125636046
9.06093764633
3.41653844741e+017
9.26886050658
12.8656871368
6.21496267215
2.33830894938
1.07674898629
2.49405662295
3.0970089713
9.97241347884
17.5967897332
76504631.5266
6.35249175731
2.03627130047
2.69107006251
4.98576106795
3.45426957954
3.25313482306
6.56522992664
3.78769763777
7.29050427633
4.71753476204
5.01281804156
20.4987623402
10.4391938976
13.3502085288
55.0140191075
4.65574480297
4.61606274007
3.67552979369
3.06318746684
12.4934019558
15.3758002087
5.22739539263
3.69953564562
3.38407285232
3.48174756286
1.92579114811
8.66101624762
5.25347877428
27.0003238634
4.80627371825
5.18745211818
2.09943107736
2.13404718591
4.32837861667
10.6331186635
6.06328468699
31.5664022009
7.05370453385
10.3225239941
7.85290324955
44.9005501018
11.7734024034
12.6412267222
8.6638218214
3.49141408092
