4.99992596152e+252
1.45039786502e+040
1.2189888264e+253
1.20142828889e+253
5.53306982934
5.33072232196e+252
125336.44301
5.78528598248e+063
1.41148077934e+253
6.60488314036e+295
2.07039879592e+199
5.82959950011e+292
6.39149862112e+291
1.51420853214e+302
8.5429795369e+019
4.69268118697e+012
1.16748270264e+025
9.65311788713e+292
3.95147273553e+058
4.10592160494e+273
1.19887910033e+025
13.8305637511
6.14259941946e+299
1.33618461186e+057
4.70646549069e+224
1.10380718041
5.34338271716
0.699432784137
3.98772779539e+156
0.214900132724
4.3015656567
7.25564154126e+119
7.36791148214e+191
17.7581630998
35200355.509
4.37452409165
0.291994239977
5.09844019959
3.99045949508e+128
0.878828251085
15.1902461041
1648.84221055
5.38713644666e+018
7.7885528883e+013
4.97604155664e+019
74.7922580056
7.05534390624
6491.9124688
1794.33787392
1.20504410641e+119
9.44401976019e+258
2.09863772049e+285
276008552397.0
1.23374807337e+232
8.21768211416
2.44164661613e+256
8.76345214566e+266
293.038392275
7.72850276532e+288
8.34026280633e+254
1.47933711051e+048
1.44513953707e+245
11.8554801588
3.41900895747e+255
0.548642264324
7387.15006004
2.49485132775e+187
5.33337792185
12.0336308149
1.01683102833e+106
4.98615164136e+177
4.86825947126e+290
2.218405475e+285
8.65483803822e+025
1443092.97776
2.1050267063e+160
2564978.73676
3.39778600742e+051
3.04292797082e+189
158.034398311
1.94160216819e+172
2.43259602444e+186
1.06884652346e+039
6.47729862289e+041
232.378754878
2.22469167667e+127
10.953951663
3.77248958995e+155
5.90724299287e+058
2.88153946815e+252
1.47817771218e+253
2.27127318536e+252
7.68990260034e+126
6.21111134528e+271
5.14515030862e+261
2.46958506589e+296
5.69352190981e+063
5.61764752955e+037
1.82250258844e+181
1.48913583074e+286
