0.78496520805
0.977540336031
0.98
0.962825918908
0.98
0.98
0.937129358097
0.974242788922
0.946236747922
0.94693186912
0.906159199511
0.646659540792
0.91998704437
0.98
0.976133184697
0.98
0.977315253898
0.977708314097
0.98
0.97857971413
0.969596353539
0.98
0.98
0.963212864645
0.972764958518
0.978365503662
0.975800180195
0.98
0.96259458134
0.966516751347
0.972943672405
0.796399287578
0.842981361596
0.98
0.98
0.98
0.98
0.98
0.98
0.979604235822
0.97704643485
0.969619362755
0.98
0.979799544925
0.976318262663
0.968940893954
0.98
0.965780406406
0.98
0.968981254026
0.98
0.979799250815
0.98
0.98
0.98
0.98
0.972664615344
0.98
0.962941579485
0.946031789664
0.851383160568
0.895522614955
0.878918790687
0.89277981089
0.947990896349
0.969519181826
0.839373998706
0.92753753779
0.98
0.979103223383
0.98
0.98
0.98
0.98
0.98
0.978320849159
0.98
0.977203822753
0.98
0.98
0.98
0.98
0.98
0.98
0.98
0.98
0.979476511881
0.98
0.9736
0.98
0.98
0.98
0.98
0.98
0.98
0.98
0.979762081774
0.98
0.98
0.98
