0.896796885309
0.98
0.98
0.98
0.98
0.98
0.965145986048
0.976422201402
0.98
0.98
0.972245114228
0.978796164484
0.94518072544
0.753850268059
0.98
0.91287252449
0.98
0.98
0.98
0.970249346478
0.98
0.98
0.98
0.97971109673
0.979672856275
0.979706975526
0.965551858853
0.98
0.98
0.98
0.877942428429
0.98
0.98
0.98
0.98
0.98
0.85887706106
0.98
0.98
0.948695721691
0.977894629261
0.979387527388
0.918051645045
0.512347105445
0.694089417831
0.98
0.795322700161
0.68961723207
0.814960548543
0.415915699359
0.753850268059
0.98
0.72349065845
0.908923362241
0.98
0.98
0.979129168986
0.961237521733
0.975416726326
0.98
0.94518072544
0.805057286299
0.854329407182
0.897608615822
0.958186691593
0.884416129049
0.91150397413
0.842700261858
0.862877341523
0.98
0.979693814694
0.98
0.98
0.98
0.978598937694
0.98
0.962193505457
0.98
0.98
0.98
0.98
0.98
0.98
0.98
0.98
0.98
0.98
0.98
0.962497210143
0.98
0.98
0.98
0.98
0.98
0.98
0.98
0.959349730322
0.974402877139
0.98
0.933021249241
