4.10044399751e+263
2.11557802934e+125
2.84571243208e+114
1.98218042978e+039
1.25178605305e+012
1.87083145213e+030
1.99906244879e+029
4.14400652365e+087
2.50464770957
2.97688537059
26.9861272831
9.21176040861
1191.29206161
1.21493343915
5.87761095621e+036
1.68132816467e+079
2.23569466163e+239
3.88120840745e+025
1.07365749351e+025
1.43177528282
1.56103068297e+057
9.9718770725e+277
1.38461630308e+253
3.7792498838e+025
1.27923037179e+060
8.40339500587
6.32009695947
1.2828685583e+101
969005923.927
1295.9064201
2.47280510099e+304
3176219356.88
0.354598412002
4.31157896635e+061
0.840855964442
3.44285960514
0.614192299659
1088520865.77
3.81582073973e+016
189993600.313
7.17510198483
1.57107522974e+029
4.9460921807e+115
1.64811115542e+251
4.06233109141e+059
7.74758775552e+022
1110147387.31
7.37876667687e+263
5.68757045445e+094
5.3401207196e+097
2.70223175879e+304
3.73501574786e+216
0.619116758512
5503257.38768
2.72965999175e+014
0.124226231452
2.85424412384e+223
0.818768491792
0.577418392855
2.2775340808e+252
0.641532371719
35891.3944343
0.210048771671
0.101354511612
3633.92547477
3.08850947186
0.488779496094
0.545751066677
3.79635573122e+259
0.217320680643
0.0974362903632
0.483216258574
2.36410541785
0.466094669517
47.6421155424
3.19007680959
0.543360291835
3.26798896014
15.4318359888
43008.2748573
7076.21230373
3747.4807946
2.1175735656
0.423335232556
0.309568764309
0.530146199608
0.301634276925
1.144287842
0.977697532906
607.314209599
8.90805018091e+203
2269086.92727
2.6549064298
158118.535494
9.55664133886e+071
7553478.67332
14629.981846
494229.065175
1.72074962345e+304
0.32616024343
