1.2416214822e+270
7.17968029186e+140
6.20286168942e+055
6.05216032268e+057
4.92709929612e+066
1.21672508454e+016
6.39899282039e+271
2.33480693327e+271
202846.603571
5.13456381451e+254
5.09414128716e+252
159.615865843
2.53002582673e+252
0.323110088626
6.32695641066e+252
1.89330317159e+285
3.92792559959e+253
3.4930719284e+253
4.57862706542e+253
4.96785205617e+253
4.2488340957e+253
2.02507526898e+253
2.71762907864e+253
2.63164290308e+253
2.61728314137e+253
2.43983198177e+253
3.21922662305e+253
2.63305930071e+253
2.52816680924e+253
2.91184610956e+253
2.99645361097e+253
1.35924247134e+268
5.43127583298e+301
2.43743624578e+254
3.41883044732e+254
2.7004134699e+254
3.17043932474e+254
3.40658520037e+254
2.69528323535e+254
2.96145180771e+254
3.43539925947e+254
3.42784694354e+254
2.63527526416e+254
2.51329654848e+254
3.02120287712e+254
3.64301809743e+254
2.66121066566e+254
2.25209987107e+254
5.22174577213e+254
5.8970697331e+288
4.42613049772e+254
4.08076240427e+254
4.3761146936e+254
3.45760858023e+254
4.29666315304e+254
4.63578872541e+254
4.72053869041e+254
4.94972358648e+254
4.32623789902e+254
4.99868944114e+254
4.40246592685e+254
3.44038993821e+254
3.83102116761e+254
4.00291195834e+254
4.4274767697e+254
3.64368117951e+254
3.9388059918e+254
4.57956924501e+254
3.4541822668e+254
5.92281848604e+254
4.17340624371e+254
4.50208341023e+254
4.93151744103e+254
4.47928653999e+254
5.08878418243e+254
4.51159102301e+254
4.18081528952e+254
4.01853509851e+254
5.62503650755e+254
3.42362362519e+254
1.0419372848e+265
1.10018990161e+289
6.92506013025e+254
5.37012657407e+254
6.32808776831e+254
5.65870114992e+254
6.09280990897e+254
5.62482007909e+254
5.65867069558e+254
4.66414920813e+254
5.65893873818e+254
3.60490278403e+274
6.13452515391e+254
5.40313303915e+254
4.69173857881e+254
4.93271625116e+254
3.80097216468e+254
4.2189883797e+254
4.31524497971e+254
6.15124846711e+254
