1.10065457936e+296
3.41110661023e+304
4.41510008351e+301
1.88007409638e+294
5.79942745978e+302
5.84261003589e+253
5.02936328684e+253
2.050197952e+292
7.65351834247e+253
2.19591000729e+253
7.68207568693e+293
4.15507588006e+253
1.3980348623e+253
1.93486938006e+268
2.30010453823e+253
1.58415417401e+304
9.64949101273e+281
3.48254392542e+253
2.4703157489e+288
3.51574258158e+253
2.22806327251e+256
1.32116316365e+253
1.96582004852e+267
1.35806824808e+267
8.70625486173e+298
9.03958499898e+224
1.93897252886e+302
2.98282160276e+272
1.08302307875
0.371620056437
4.26991461899e+286
1.15662571119
3.74481818183e+210
5.66690440508e+288
1.81382928022e+229
2.16858422819e+235
5.21207891367e+245
5.47788395217e+303
1.74001533461e+243
4.68806874127e+282
3.11942407121e+225
2.25486113781e+298
3.70223841702e+302
2.90950665531e+289
2.93407185829e+292
9.45576251331e+299
3.77559571027e+190
4.11024395409e+294
4.83908164052e+302
2.13933634194e+253
3.41725026469e+261
3.66910654813e+271
2.50420645717e+230
4.61068483105e+273
7.03256433399e+252
4.1175842466e+302
1.47953695396e+301
2.68686127251e+253
6.15510268588e+012
7.46796444625e+282
2.52289539303e+304
5.95549183925e+304
1.51603387256e+275
7.20401576082e+302
3.02541667285e+301
3.18896370187e+301
3.03963038634e+252
1.18167395895e+253
8.02353837974e+281
1.17051565557e+296
1.48106405949e+304
1.04131429151e+299
2.16963490843e+298
1.08946167111e+290
2.06270235516e+265
7.47371888038e+252
2.37783167816e+265
2.09763945261e+195
7.59690893428e+099
7.26323460307e+296
1.76199324271e+026
5.65599765071e+227
2.7528413442e+302
7.39465569875e+220
3.01771718877e+285
5.70509465368e+220
4.36466507039e+242
1.84696581454e+272
1.72308411376e+272
4.3383151498e+271
8.53186406968e+247
2.33553368274
4.38059776526e+225
3.04554452221e+018
1.63442512893e+203
4.48034081838e+057
2.15769148943e+279
3.92629756445e+252
1.54877639637e+291
1.81152312299e+277
