5.78620464095e+252
4.81268037639e+209
173.273152819
118.280510249
108.443752144
5.25726336785e+024
27.1044746526
7.96884243386e+017
9.92001075923e+045
1.46664088207e+234
65887979119.7
22.2929684827
0.1475472224
0.396280953032
1.64301712351
532.155147516
0.673288192799
0.174551621686
0.252005925367
8.69320119265
3.51040100845
8.37685548508
90.3094565266
0.414153563184
1.11736168496
457.464903037
1701990537.86
7.66936945344
33.4681726327
2.33290733291
0.893279540012
1.47569922702
6.17946824994e+290
2.53148296222
3.79294016715e+291
1.40868765962
2.39605645331e+094
0.573932684193
15.6543223447
3.50692039951
9.4119334576e+029
18.3349344052
24.0896967482
0.521193265575
21.8698249399
0.278526309592
2.20728281736
1.66721469429e+046
9.34623163636e+265
5.39861722424e+016
7.52635975242e+284
60.9393107846
19.9208666181
6.68630704794
2.94944826662e+013
54150.6896885
25449.795787
29.8199673415
2.2373337934e+052
2.00376741532e+069
1.1942063977e+068
15.7402390956
49.4254410298
87.4952124897
16.076651852
0.305975859226
60.8678178726
128.725125956
135.631810929
1.03168904028e+027
164.28132699
2.79370429295e+049
1744.97028558
1.62398026985e+036
238.591113967
1.79297445524e+037
14.2113203355
306.924460285
5.1605206592
9.5901288196e+017
7.7564030306e+166
1.67554655526
8.68252340615
0.815172215025
3.56442278841
4.69275612331e+292
2.10125469416
293.496837631
21396.5051047
1.11207069602e+274
2.57770445101
9.17512610539
6.76936710593e+013
1.09301314229
3.89364952215
2.73095857939e+012
1.23053541903e+017
2.88933833799
2495254626.14
469651.698758
