8.54871192249e+038
1.87474630268e+253
4.73226365451e+297
5.45429989489e+252
3.40355344935e+302
6.31393426013e+293
6.71964250598e+303
1.8127692043e+303
4.25424478719e+271
2.4873550226e+016
3.54586933001e+303
1.24227432216e+301
1.91042560021e+253
6.32231807531
3.22163055855
9.23408294511e+252
2.51190423882
45.0311695694
1.72941812602e+017
1.09614436045
0.148115546257
0.000146362027487
0.0033579734846
0.000266702495298
0.248976039171
0.128689190268
2.30628738709
0.0898762183237
3.36113882011e-005
0.0121626164413
0.000333829033458
0.189946302584
2.5481970234e+021
0.106483826751
6.93977925791e+261
2.9807079046e+237
1.26663803577e+136
0.017906295708
0.0168852902673
1.37255476004e+078
8.99020573129e+282
500548.536829
0.765118356232
0.595806487628
0.442172350387
0.186589562253
0.343183323257
0.719112225178
0.598479841671
3.21930052287
0.346105240403
1.78869714501
0.794755559539
7.99141104796
0.19870394952
0.204062579868
0.200638391482
2.37066152274
0.233589362581
0.235802492051
0.124726824527
53066.0627912
6.03090484692e+296
9.25569781278e+267
7.43138068031
0.591921943457
0.54410657329
0.21931911135
0.344124774052
0.126085639695
2.1305881246e+291
1.72780667295e+045
2.64128029537e+053
0.11900995919
2.54179521312
0.0202002411077
0.149177946856
8.84425619087e+019
0.839881832642
1314169.31095
11.4536560004
3.99443112532
3.01212577891e+302
4.38551048098e+274
8.45471953794e+013
9.4577854621e+224
5.37589404153e+143
6.96273020341
0.0
0.0707016320899
0.168684603005
2.14891794622e+030
41.7012831923
7.78255855494e+036
219384.782954
1.75373747726e+013
0.446870874391
0.0285817450849
7.61898924026
0.285725921522
