0.804945054945
0.741467738649
0.618032030874
0.682210617453
0.59123912166
0.614510705918
0.432376869914
0.325587357166
0.391845189898
0.418102459197
0.420044497939
0.41261256537
0.31699421631
0.232051282051
0.269907967424
0.303407560671
0.260338577212
0.148982089328
0.339748553485
0.249845347951
0.319605949606
0.213035010888
0.321149499623
0.233507691613
0.398129963604
0.349255189255
0.334676434676
0.239054435812
0.262197802198
0.177319588424
0.238672116188
0.214016387122
0.244997979356
0.234121127142
0.194195231669
0.110854135338
0.187818173639
0.176821326821
0.186158286158
0.161953601954
0.139357214589
0.0784601597549
0.096774551764
0.0145827840565
0.0318866886551
0.0575727235622
0.0338051426954
0.0782275522486
0.0390232186202
0.0
0.0482759239541
0.0320125582742
0.0204410906215
0.140424522846
0.0100871794872
0.0218672096041
0.0365374975901
0.0545787065426
0.0721213871929
0.0787619390356
0.28538358431
0.333531456816
0.43331000011
0.458467773731
0.436243386243
0.380012210012
0.308407453144
0.340093706199
0.346507809867
0.246609901399
0.325347985348
0.169342681027
0.0893622330254
0.17
0.187148559359
0.198023480929
0.232926624253
0.14133976174
0.203522882965
0.125712743397
0.132661782662
0.187298257298
0.169240640062
0.051452991453
0.136984664458
0.230540105117
0.175366868219
0.115532048164
0.146174962701
0.169379327803
0.123400051063
0.162718307203
0.210575547091
0.267252747253
0.260785266585
0.262319602193
0.315238880986
0.269562460254
0.200830842989
0.239383175691
