0.274208309726
0.388044366314
0.499541284664
0.501402100004
0.436340965254
0.514488557098
0.495824388956
0.527154417695
0.501877806357
0.468145136269
0.41692414434
0.365180833473
0.425046722064
0.400803564719
0.406670050131
0.495010459992
0.349813458109
0.315714472577
0.238860231017
0.276392156983
0.450997146379
0.675954625051
0.516614398802
0.478510396102
0.406836362613
0.351190032382
0.268998511514
0.503466213532
0.618568808907
0.497041206694
0.501036927162
0.405569461581
0.409379384406
0.318353927827
0.415752221709
0.582623620536
0.594224746809
0.584503412933
0.489197879919
0.486595195476
0.435663869896
0.377151941272
0.291696006943
0.45549686393
0.627409593585
0.468915693627
0.403874904501
0.428248015083
0.416058339198
0.267263476239
0.310713973855
0.462856292983
0.601149718146
0.479995497816
0.556370766785
0.490421849927
0.532263868792
0.474456471736
0.417111793367
0.427268954962
0.323533551067
0.349351091255
0.330898951415
0.370931359491
0.556208686085
0.461302307123
0.383820753019
0.397657697788
0.465996928861
0.386421119318
0.461344825479
0.447890341399
0.409535494872
0.413877675331
0.300875737355
0.365336950014
0.34064299782
0.382548653747
0.370011400398
0.285306550047
0.364255358205
0.44187696235
0.462899417629
0.431780565986
0.416236274429
0.3465640817
0.322388610548
0.324008742951
0.353721138141
0.423065706469
0.438299425764
0.367333940567
0.326005701626
0.479562634497
0.416013635022
0.395509218027
0.403431422668
0.323194110881
0.455327396465
0.396093762008
