0.297179152178
0.407033851783
0.471012952223
0.513809565779
0.542566585633
0.540481394637
0.545573443667
0.397267190605
0.428639770534
0.468388334165
0.560919155574
0.523190131343
0.524782060037
0.584263297611
0.546892242677
0.562818875868
0.482156181297
0.415221933575
0.431849992786
0.335691845304
0.395606248989
0.489441255218
0.4581464672
0.45033601276
0.476764723019
0.351639227719
0.374970089968
0.424494492145
0.42810839672
0.465434172788
0.534237980907
0.512123055945
0.530136125592
0.478223239019
0.50386222089
0.442288275889
0.450706932175
0.614954288103
0.560945297448
0.536204590801
0.433993587568
0.482216675883
0.575634421228
0.473110159941
0.553376063956
0.449906047984
0.390406347995
0.40443416852
0.503316552747
0.525332117891
0.419423891456
0.355878311926
0.473711939768
0.43907785683
0.696895845854
0.614063089726
0.515457426716
0.527715247346
0.4527349038
0.532426613805
0.5319081288
0.541584617132
0.516837914629
0.450000999512
0.625011466182
0.461736578001
0.392882241899
0.443730548597
0.449956020774
0.36417641378
0.498301940748
0.469543341552
0.545054447509
0.502734112345
0.47365663825
0.535102832468
0.49986283624
0.505934431618
0.466712697158
0.445627571794
0.533031576148
0.6502821365
0.498044154922
0.538578020866
0.571475576635
0.478938150534
0.553455227515
0.502035293953
0.4761182903
0.589052184336
0.533881337568
0.579572788325
0.533813339981
0.55665684112
0.520898552089
0.561966515192
0.585233378065
0.513878065995
0.543631545688
0.51576682353
