3.32793882366
3.5850190189
3.9233065919
4.20718169377
4.1851702278
4.21762768468
4.10110173374
3.39855454511
3.48382565065
4.23261756181
3.9931466525
3.96652367449
3.70982058208
3.85587764643
4.0786978216
3.96341813818
3.70120909248
3.86967579029
3.91559872825
3.62637756511
4.24894536657
4.44915846115
3.82064848209
4.11885865238
3.89436557718
4.26241008686
4.16330125391
4.08541954791
4.22351424349
4.27486504251
4.36628776117
4.10139125196
4.15095490273
4.04444535313
4.28307704455
4.17221661163
3.73352535485
4.34968082293
4.63787955743
4.45018921719
4.47571386965
4.3978321502
4.41151215981
4.3828626497
4.38405014649
4.05538641
3.48438578291
3.69839187412
3.97802152739
4.25592520069
3.86768467216
3.94507883602
4.23442734367
4.30019969112
3.8699675968
3.988491779
4.18792462709
3.83450444062
3.92611193546
3.66504910308
3.70500903622
3.93004947788
4.01795066816
3.88565908848
4.13605158415
3.92001202469
3.97140275118
4.7299745016
4.41574289258
4.45391559885
4.15788536649
4.2265997991
4.01072954556
4.37862697837
3.71337936853
4.17820162037
4.16300600321
4.76726237927
4.37237446435
4.14778783576
3.80381719307
3.79421576657
3.98302468522
4.27851103054
3.89586204146
3.75982945919
3.9152942092
3.82879409582
4.36044123299
4.30038564698
4.62506996718
4.47811006713
4.44464601611
4.54080583758
4.56811440302
4.15586747079
4.23531070818
4.21003890493
4.47709980108
4.41331246133
