3.71749287423
3.77294513809
3.64555651592
3.94051651861
4.44216971674
4.19280406581
4.58349891417
4.18068407699
3.53509191236
3.91220989975
4.32622970511
4.73616181801
4.53154695753
4.3392779924
4.70534117855
4.28591505527
4.15734343394
3.93448767502
4.6691116807
4.72104742376
4.7921279597
4.62755955427
4.40186311724
4.58500840468
4.82021652817
4.42861328459
4.87063806198
4.54726427797
4.73825026832
4.5572254963
4.17338309605
3.82402032006
4.15712786164
4.01579613179
4.70420589451
4.50108208205
4.93438224148
4.62112017232
4.69814779398
4.31130688365
4.96064578496
5.04570104628
4.38209027337
4.75305252999
4.62208550601
4.70627781391
4.52328598618
4.1000051177
4.49893079519
4.88705506812
4.28530865692
4.54798535842
4.48246118922
4.7336502582
4.32494292537
4.78278745551
4.77848777359
4.58894582775
4.43604331129
4.70677050303
5.26876294889
4.47391923817
4.11086000095
4.80973891188
5.02900899711
4.8753548058
4.19208472209
4.44205257024
5.08818891259
4.946911185
4.53323485003
4.93743688016
4.40278735594
4.96641008683
5.3664849568
4.0925526088
4.52772209803
4.37684376994
4.36241402917
4.45419472981
4.29845143065
3.89621721756
4.69087223893
4.65355616434
4.45118789062
4.6623708517
4.50512606813
4.5876002312
3.72180577513
4.51797961074
4.11443787939
4.06467577415
4.4250495274
4.92861858836
4.80025597786
4.43091148323
4.80000602553
4.58700527361
4.42064175458
4.54275696768
