4.66295002446
5.14780398639
5.31301521978
5.30130830368
4.70098505212
4.75494899688
5.19515029749
5.08973498854
5.23562596292
5.23671415972
4.62912624446
5.27942825753
4.54527885813
4.27451035511
4.52708447921
4.86785087104
5.16967051687
5.40305180839
5.37089008525
5.20019454514
4.49771223472
5.30473074983
5.41502908898
5.20465956313
5.236638296
5.10199946956
4.96977869802
5.36875201581
4.25134724019
4.71231041999
4.83870335153
4.92922951337
5.04487698373
5.07699692689
4.4584459967
4.81705881537
3.97399951793
4.75329853939
4.70336681382
5.03526196349
4.65837219129
4.17629890801
3.96688488148
4.78379301001
4.72767071015
5.24483493718
4.68488943055
5.41391596572
4.28191843654
4.799739371
3.92053987702
4.30324545462
4.93600649284
5.18309145267
5.55284423298
5.02871607578
5.33366221591
4.98019194351
4.44007883187
4.55992237392
4.49260830473
4.71275040105
4.72175468466
4.3638870598
4.97362480361
4.72923660343
5.17147711473
4.45817492218
4.86775399308
4.72794538597
5.00158098125
5.40078633823
4.65444557327
4.72010747664
4.32627807926
4.90689387844
5.22856839391
5.01336339381
5.14569923728
4.94235087056
4.95941000767
4.25056386472
4.5816173681
4.00970922224
4.64664096594
4.84470199541
5.15747481814
4.52003495628
5.12667929618
4.89087149588
4.43652322101
4.78032510614
4.77991902018
4.7361935166
5.08285958387
4.92971383578
4.49018765714
4.40322897032
4.19858031724
4.31913517338
