4.20049215233
4.39100914078
4.70180648694
4.70269716992
4.87346275734
4.42124054456
4.87082045924
4.33705342201
5.08962411852
4.55358716776
5.02325344704
4.72747786803
4.94821917888
4.93155831657
4.80743927188
4.67647006432
5.24323169699
4.91376999997
4.90386263542
5.25021629375
5.31156508653
5.59068136673
5.43455368462
5.09518869569
4.95122300678
5.30171690776
4.65276461894
5.39939729777
5.40103519554
5.21932075616
5.23844083034
5.36118572397
5.05427352818
4.84963389487
5.43142754872
5.55759923728
4.96701326029
5.17890191639
5.09391512821
5.34628639263
4.97109684222
5.28183902942
5.35475709201
5.23934912311
4.78503142503
4.584924348
5.30631034445
5.1779553032
5.14077707079
5.14062632205
5.09623966137
4.84048947871
5.413266094
4.49045410522
5.11659665937
5.07241564333
5.40809698827
4.99367258664
4.92429452307
5.29741757129
4.96355832245
4.56033822121
5.02965980033
5.38586658194
5.03666373095
5.27610537182
5.36633433991
5.32830523439
4.84034777863
5.0722733016
5.03934004107
4.9791158623
5.14518287415
4.61175557509
5.0379599594
5.16579734149
5.15140220748
4.98236417369
4.79752625505
4.68191423443
5.05181197786
4.74316025473
5.03755095722
5.15228810475
5.15585937367
5.08935559694
5.03880300483
4.94145946044
4.74947585288
5.37003354985
5.17762465114
5.68822828993
5.45345547381
4.83969202694
4.91472906183
5.60415199757
5.42861012266
5.50044076098
5.59329173158
5.27419938366
