3.4163175757
3.84573927711
4.23486423304
4.55835312174
3.93208124991
3.71241445105
3.674363061
4.32328739418
4.21694330786
4.11959428308
3.58029790104
4.35473804862
3.91141479043
3.9266292872
4.49836402928
4.19973500309
3.67669798664
4.41744523518
4.17302119771
4.21051237678
4.43309824997
4.150344647
4.22776907098
4.62913108475
4.12331990901
4.42141082945
4.2647451927
4.03964291167
4.30419771874
3.83716386412
4.04602959008
3.89842729817
3.78594234463
3.99120838399
3.92820792509
3.81432809689
3.68063643339
3.85417361568
3.7590403982
4.16208401882
3.67749206629
4.25314413527
3.8329308298
3.58058880264
3.74724224557
3.93897993641
4.1661868819
4.20460709192
3.92339339127
4.17046462744
3.83083978061
4.26687865182
4.69073922498
4.18232009864
4.37603467165
4.13533677203
4.29212426218
4.75077137082
4.11292094763
3.96553703859
3.972730725
3.44808680915
4.41991157002
4.38644890644
4.36849636797
4.34765058375
4.06558579951
4.18804028296
4.37618397865
4.39023537024
4.38674113228
4.03736531559
4.13222352958
3.95990356879
3.77149628005
4.18204899991
3.83992536909
3.9138376319
4.60396467356
4.46410047531
4.31615681649
4.14603459574
4.64075348125
4.25342107907
4.70828461732
4.55300526772
4.01154985808
4.14437387375
3.91292621013
4.14159654848
4.24875763872
3.86855054379
4.1963198904
4.26195422341
4.14942312604
3.87232208147
4.11934596738
4.63133611277
4.1375794338
4.12827303281
