4.06537368321
4.38710974762
4.37712179365
4.56962697134
4.83334475027
4.61241787846
4.25134559039
4.11087283921
4.95246476323
4.86502966174
4.82875484066
4.99740803062
4.98039114061
4.46107750947
4.34588715029
4.51848447625
5.21254363516
4.7682974317
4.82199376657
4.80853831669
4.89638224738
4.61520764479
5.23754363518
4.60794549263
5.1603810933
4.8843903619
4.7771825855
4.84871921594
5.02784612382
5.09949527835
5.26471818723
4.62587468721
5.31639825358
5.13957861005
4.79689001742
4.43385149338
4.27360012836
4.94489638844
4.13723364048
4.78454888093
4.48666112493
4.84298542239
4.76551615294
4.94110353056
4.55962140647
4.81330162321
4.66339639028
5.05394065314
5.02748459088
4.90542605154
4.74347181261
4.89800450438
4.72039313303
4.26027871533
4.51027771486
4.3062076166
5.03922449736
5.10939540094
5.2431637504
5.23306782218
5.00067762441
5.09779744781
5.13725639378
5.00224890704
4.7053491819
4.77588080578
4.84286108154
5.1625954371
4.75090619463
4.69191793784
4.81965183464
4.66068788158
5.01334166146
4.52829183524
4.90958257532
5.11584550667
4.95304062153
4.475225387
5.03211752237
5.08659825964
4.55999688295
4.01238459861
4.73525709383
4.65151264396
4.68588312779
4.28431330815
4.89928287481
5.01732569313
4.80140138022
4.13886938557
4.54468643386
4.98170416108
5.0374379036
5.29137545746
5.21162806587
4.93263177389
4.96181482857
5.10087548972
4.5982477126
4.60598273576
