3.45743615563
3.92107042943
4.46620336156
4.40506184424
4.47603381367
4.56433404296
4.02280731502
4.18759756901
4.15693717296
4.33444215479
4.43421131822
4.33318420069
4.4082325747
4.418702791
3.9078695983
4.2637304272
3.87493504276
4.3422645114
4.17116676907
4.37843789925
4.63262076829
4.27623964468
4.44779014846
4.38438835715
4.31343465703
4.24711851551
4.09749038396
4.52363290444
4.39604125723
4.49541162231
4.57029504188
4.16387011129
4.53924713324
4.14227654208
4.17670085246
3.75634484964
4.63558658706
4.60892098306
4.35355382017
4.53467348397
4.22538508593
4.38610263417
4.14668919332
4.53468892698
4.71566643868
4.41136336536
4.71190200957
4.59485485081
4.56354851749
4.71331289647
3.98996044122
4.70771850732
4.58978968181
4.39177662946
4.23681736491
4.32329609859
4.67082535284
4.04147368664
4.18103395539
3.86461397661
3.87784920043
4.91129142351
4.70370434746
4.51838655246
4.73461443557
4.60833651965
4.56344789973
4.5238953368
4.6090949522
4.18264053947
4.65195712475
4.55816523472
4.46880354549
4.74258201715
4.49520785319
4.64139303704
4.37614222197
4.65717371835
4.51746875708
4.77774634465
4.32296368589
4.44546459776
4.53454952045
4.46578732597
4.76166686447
4.5733661081
4.54333751682
4.52074213957
4.27597135868
4.69387570146
4.50938656344
4.76946308445
4.45485882694
4.31476967675
4.48321436946
4.5089311667
4.99213632231
4.49454662228
4.02200666691
4.29448154917
