0.271186026588
0.363510892059
0.428554610352
0.474587755942
0.355348434681
0.333463102145
0.357500433616
0.37379227738
0.378605776046
0.363099797979
0.452749041499
0.619523226842
0.602492789285
0.525619170995
0.479255085755
0.49266857639
0.455953132596
0.554506583446
0.341696361453
0.380796549212
0.312232577412
0.381126325828
0.411566877835
0.424191001825
0.503938535332
0.415931353051
0.411429804212
0.42556202475
0.516827238317
0.494697365463
0.421658201487
0.411617346284
0.395244246328
0.368073771826
0.531198271679
0.471365700532
0.362175224401
0.263730992202
0.413040286085
0.343746359805
0.457322907232
0.38575043763
0.474086880587
0.412056780216
0.375902268721
0.533740925548
0.626024652187
0.523460578485
0.478897545641
0.559051841941
0.488620494263
0.573694295605
0.405846715437
0.348650299545
0.333380265338
0.291504515327
0.319452468182
0.417215653374
0.339478338035
0.380749762192
0.308267774789
0.327514389893
0.490133342403
0.59852136739
0.587570396745
0.554105322559
0.572532422193
0.494222849951
0.481397328467
0.43152895965
0.458168483738
0.405156367933
0.432705603675
0.341701022245
0.301894587601
0.303301230536
0.421017522032
0.541479617972
0.390068586765
0.470234413385
0.671500644884
0.603731111536
0.542059633533
0.442995381107
0.53179748107
0.458597790079
0.475069408197
0.433241111507
0.365564596412
0.505140480186
0.507452412838
0.339757640394
0.471488812117
0.536760427037
0.524301274319
0.411265259024
0.320012167761
0.511008298369
0.353394268792
0.428284889767
