0.817507909655
0.751107274817
0.779169060579
0.743731659907
0.677186907051
0.651001360069
0.642617766003
0.502039167144
0.393347532444
0.41855516214
0.483573079001
0.494540511274
0.61874589004
0.61573357852
0.662842161611
0.588544868848
0.555234033376
0.527235876545
0.528657982321
0.605348112277
0.555046889369
0.542675680769
0.511478083254
0.516510929253
0.509915267915
0.500214819948
0.506976190353
0.514399512839
0.567969641591
0.542889971241
0.543090753686
0.528003066983
0.492061438588
0.484798080907
0.440467607404
0.400567474046
0.37102236732
0.381472915907
0.406395473401
0.426941186616
0.53976189822
0.398628203387
0.383074759351
0.40560896618
0.518231232468
0.410778941702
0.381409092714
0.358112824646
0.37389376657
0.450876160709
0.370894444412
0.375271799466
0.301107711472
0.321184885584
0.301262378892
0.363812078894
0.38944260181
0.412813885848
0.521868668712
0.338039460255
0.400123258051
0.372773824193
0.381165312644
0.547182122481
0.520779684814
0.464256329306
0.353396307949
0.271058891424
0.199443031205
0.248835422987
0.226554267242
0.295243854064
0.33693448798
0.341527782508
0.318753116696
0.328041098031
0.265629003382
0.264547227431
0.253395510113
0.253885342917
0.25900962559
0.243740907524
0.25703464136
0.306438862603
0.27923051319
0.266067438437
0.277224332453
0.257549862353
0.250476893521
0.286593788331
0.274286304367
0.263890914945
0.258205378001
0.279161430979
0.278271355404
0.268101054037
0.285830760871
0.282409055041
0.269968625592
0.298233398494
