0.820264273217
0.752627953895
0.680353925219
0.687026470459
0.592397424239
0.58952278862
0.653681215207
0.676130963547
0.690293626472
0.656178110537
0.662724793554
0.627340205031
0.644178240494
0.622278759471
0.607576874293
0.556617632793
0.559263849938
0.456897508026
0.469891908015
0.354305932607
0.300300963457
0.258064514989
0.257605308952
0.162557320983
0.207529222762
0.335834840758
0.285745816767
0.232627569744
0.313539355595
0.277139709245
0.254895298735
0.217832433443
0.414172218634
0.310548277052
0.255471650365
0.302935302489
0.264290742089
0.25826953246
0.246695245124
0.208688247881
0.205422172612
0.168023453571
0.129064915642
0.122521173994
0.0668923130212
0.089164201682
0.0696498991836
0.0866269961218
0.0697657922116
0.0818299868767
0.0419402903959
0.0
0.0
0.0
0.0
0.0
0.0
0.0
0.0
0.0
0.0
0.0
0.0
0.0
0.0175441628264
0.268978976181
0.11853069017
0.0
0.0
0.0
0.0
0.0
0.0
0.0
0.0
0.0
0.0
0.0
0.00970814132104
0.258466456925
0.0
0.0
0.0
0.0
0.0
0.0
0.0
0.0
0.0
0.0
0.0
0.0
0.0
0.0
0.0
0.0
0.0
0.0
0.00623050784341
0.108196107475
