1.36868185698e+016
6.74796850745e+301
1.44300315094e+302
8.2964634051e+300
7.22076371278e+297
4.38508055727e+269
2.42642943243e+288
1.34889016415e+302
1.39360566664e+280
1.11318959832e+254
1.24009799899e+277
2.89095127485e+271
5.23500153667e+270
5.60236044694e+253
2.39344094303e+253
2.04197239133e+271
3.54128212732e+286
1.21115781318e+304
5.65760480143e+298
4.96848882977e+260
8.6931681697e+283
2.64787881191e+304
3.06334933315e+271
9.14241735749e+260
3.50652702301e+252
3.60521108577e+141
0.187986631613
1.05389012896
0.00817086243521
0.972626210278
6.80420181976
7.85571854061e+174
3.98499020833
7.17310343761e+202
1.58550325149e+138
44.7868680434
1.48504140454e+295
5.06027570314e+182
1.31437270564
3.10241268505e+237
3.09608549418e+093
2.35040038381e+079
6.32157402886e+046
6.17951007244e+165
4.61944469216e+012
1016472123.76
18516801.3857
1.9506974986
928217.21592
662375234.817
3.55362187221
2.28976902147
12352.40268
14.61151355
3.62600815818e+049
8.90879042261
7.40336430537
4.66837927305
1.72151522749
1.12626546018
61789564563.7
1.39546056521
8.20095661196e+014
1.54712763474
2.68439434139
13.5187082536
3.34840335601
1.61852532753
0.819458684834
1.47121126632
1.21834979577
806.424286252
0.465667171778
0.425493330913
38.4753591855
1.3959032009
0.835378134143
2.71254316967
35.6605381911
0.627781051799
0.44789523233
0.430654991588
0.977068884676
0.882571854933
1.00260331263
3.22884149456
34.7424783433
26.6119883679
20490.2495587
28.0911522463
394.922581503
1.87339004868
1.72679157487
0.967810304409
0.745280494897
70.9470600269
1070.01763396
0.805435531462
0.608622125644
3.7181200877e+158
