8.33887692231e+295
3.41194036708e+304
4.00585119878e+303
1.48409016794e+272
1.83524251711e+212
3.30619433514e+253
1.71732351368e+254
4.1024622018e+283
4.86129603638e+253
5.11149369638e+253
3.65525209271e+279
5.36257119233e+300
2.00120708692e+172
4.43966226658e+297
1.08563761212e+294
1.58415201459e+304
2.102837483e+199
4.10815423698e+244
9.10280797595e+304
1.95108027278e+300
3.46470472758e+301
5.27926821687e+301
6.92814991502e+300
2.22568754397e+304
2.60076010174e+300
2.12442248881e+252
5.45342748564e+304
1.4470792201e+285
1.93222721823e+286
2.55813044109e+270
1.33019002078e+299
2.19855737742e+304
1.30052860688e+292
5.48109589255e+288
5.45064368859e+303
2.28504850123e+276
2.42901610244e+257
4.46810732815e+304
6.58872556172e+241
4.62796529587e+282
6.01722789053e+252
2.19998281927e+298
6.15661329522e+303
2.83676899473e+289
2.81861610923e+292
1.00580659276e+300
3.77559571027e+190
4.06353663643e+294
6.22371232261e+302
2.10757155562e+253
3.44409829214e+261
3.66910654813e+271
2.50420646298e+230
4.61081190773e+273
7.03256433399e+252
4.1175842466e+302
1.47953695396e+301
2.63276590863e+253
3.07817391601e+028
7.08499191055e+282
2.52289249372e+304
5.82268977109e+304
1.21934198481e+274
6.92694497895e+302
3.02541475811e+301
3.14644628339e+301
2.99285930854e+252
5.98689433765e+258
2.01463415845e+291
1.17051574469e+296
2.96212860446e+304
5.10943552138e+258
2.16963488307e+298
1.07566924489e+290
1.5875569411e+276
5.08938062487e+252
1.13653212835e+259
3.05469706449e+255
3.55011050837e+101
2.61142062168e+295
2.87214251482e+028
5.65599765071e+227
2.65273802259e+302
4.38609170984e+289
7.68642024225e+283
1.19736470254e+290
1.2704351222e+264
8.17780162341e+273
7.89747275056e+278
1.58760032392e+276
7.10988672473e+246
1.96174826397
4.38016830218e+229
7.1092132014e+019
1.56717628671e+202
4.47920591362e+057
2.8967899406e+277
3.92629756445e+252
7.57179571558e+290
1.81152312299e+277
