0.840904422296
0.986905069023
0.987893334668
0.988506696067
0.987306338266
0.989612756967
0.988891114657
0.987515690713
0.989810434561
0.987886368591
0.986947743407
0.989871313065
0.988858974114
0.988728249365
0.988529870583
0.989050835859
0.989679654136
0.988119004148
0.98467723563
0.984056300063
0.989761071248
0.986740487289
0.989733731332
0.989674027484
0.989093855381
0.989772163758
0.989303720433
0.986695697942
0.985198118931
0.989118330354
0.98778822282
0.989920714508
0.989132029409
0.988262608075
0.989744736265
0.98866663628
0.988791431659
0.987026199784
0.987964022711
0.988939515602
0.989906421354
0.989790056852
0.989932567918
0.987191970609
0.98942691736
0.986059471252
0.989558801836
0.989920545057
0.989812607913
0.989545526176
0.98877226191
0.987865058674
0.989552562802
0.988512921494
0.989427063447
0.989926799063
0.989402752421
0.989889845969
0.989263339821
0.989219099026
0.989859487907
0.988430848355
0.988921216085
0.989859487907
0.989027534951
0.989847851501
0.98842151744
0.985302635713
0.988757920331
0.989072706746
0.987317700499
0.988925306195
0.989405053414
0.989283438577
0.989337379593
0.988304194903
0.989455455908
0.988744751073
0.988908131858
0.988867878123
0.989329222597
0.988996128686
0.989853624249
0.987547557522
0.989376717083
0.989900831514
0.989605727384
0.989796946099
0.989199278433
0.988476574071
0.988805279807
0.989904594473
0.989962129836
0.989898464034
0.989847668606
0.989951485174
0.988680449336
0.986965357536
0.988098144288
0.986976683616
