0.790716238106
0.98842151744
0.988053272351
0.988913392275
0.988893221337
0.989880515054
0.989617116391
0.989926799063
0.989617917208
0.982987800443
0.988628440317
0.98991806638
0.988943590871
0.989062343422
0.989637002309
0.989898464034
0.989118856047
0.989672619111
0.988834031359
0.989459370711
0.989965135204
0.988936036344
0.98713224936
0.988016079343
0.989962129836
0.989926799063
0.989920545057
0.989119597314
0.98842151744
0.988782324753
0.989554267026
0.989812586175
0.989942793844
0.989951485174
0.989926799063
0.989920545057
0.989280663916
0.989965135204
0.989898464034
0.989880515054
0.989947316422
0.988770102813
0.988966020355
0.989932567918
0.989057374218
0.989682892405
0.988936710583
0.987413419774
0.988500990529
0.989834889993
0.989846159429
0.989932567918
0.989926799063
0.987005800194
0.989818706216
0.989947316422
0.989818706216
0.989947316422
0.989920545057
0.989859487907
0.988771945535
0.989181967694
0.989906421354
0.989951485174
0.989427570033
0.989525474915
0.98938394513
0.988282971025
0.989896509835
0.989432898143
0.989021935805
0.989932567918
0.989606844589
0.989947316422
0.989460830605
0.989926799063
0.989876063292
0.989962129836
0.989709522847
0.989760340232
0.989934300073
0.989858130369
0.987646162219
0.989298548347
0.989243061941
0.98842151744
0.989322686495
0.989951485174
0.989906421354
0.98914414795
0.989858380651
0.989926799063
0.989274470299
0.989962129836
0.988034318262
0.989865183267
0.989920545057
0.987176713141
0.989926799063
0.989636283916
