0.301790539209
0.46402080476
0.449388131384
0.433501305949
0.5078389626
0.468012745513
0.459053201986
0.49670370479
0.587245395871
0.557381785471
0.398931836963
0.579340560114
0.646209958576
0.674326792857
0.624133665962
0.530782443877
0.510293654502
0.426756755104
0.469589733314
0.452047485595
0.515418297195
0.642061213065
0.555458593326
0.499519936603
0.529857659115
0.363936254905
0.559271616487
0.598624067685
0.523361365176
0.445229342368
0.491227871742
0.472188736942
0.529747758776
0.422666442285
0.369825327979
0.616028772613
0.663001035023
0.635000240418
0.541434422846
0.553054103587
0.503548413083
0.570931123665
0.472111493266
0.413102269769
0.423380673452
0.501764302778
0.569575077185
0.502519038086
0.563861035576
0.570165561665
0.496971956128
0.324465307318
0.416954200434
0.53456535321
0.58977194467
0.562512807778
0.601424409006
0.602488204906
0.546467824362
0.491726188825
0.422234014443
0.455637678167
0.410694994423
0.322013656264
0.570176139233
0.615379094426
0.491905485778
0.419263507506
0.440992066609
0.396745782895
0.481566137291
0.504685403675
0.443841589904
0.461267032488
0.368322051761
0.46534087344
0.505754058889
0.511309361465
0.570745856798
0.49944667544
0.4665080204
0.499387031045
0.526295190998
0.490351307163
0.520298054223
0.470255417798
0.476970929446
0.456139471379
0.553771305648
0.543368804254
0.438221017414
0.399675682329
0.56892952277
0.564398034465
0.452314786833
0.383365796376
0.308789958914
0.522631657592
0.607180180408
0.541288600839
