0.350504831725
0.562840082163
0.61414272154
0.651300809275
0.551633001073
0.485861946672
0.484790456307
0.524340193005
0.409013862063
0.358775014876
0.439572948116
0.548155583113
0.551136708318
0.604162791539
0.600906404928
0.528574154786
0.514693443549
0.442924962179
0.313233347044
0.45399638108
0.649337981909
0.587869379537
0.448991904876
0.510844186192
0.528977549275
0.533310676359
0.598484862172
0.506131139503
0.542951012922
0.368898689209
0.518489491356
0.635795570784
0.605786130031
0.599071583119
0.514650884229
0.570890214238
0.480067303793
0.444140477262
0.270790087046
0.551242145965
0.621103453239
0.534577871554
0.55224523779
0.445812522043
0.37584176642
0.352814596387
0.575406388148
0.641600407383
0.587999125947
0.539843521633
0.468298181624
0.435242433776
0.313956923732
0.556435306107
0.602468992023
0.599658109144
0.531235995464
0.527010764808
0.439953865844
0.49954720988
0.593085592817
0.559217805061
0.453294172564
0.511591734742
0.483537305067
0.48652791101
0.402022021321
0.513658258111
0.552969892299
0.613092365533
0.530951292455
0.611674168124
0.57602587908
0.553367257059
0.584146883949
0.516843219952
0.57262109901
0.452226765161
0.436737312788
0.413852272394
0.362678870554
0.487208964665
0.589686824773
0.48338328801
0.530692295719
0.482706852883
0.527415184075
0.512110305885
0.527528447581
0.399771039491
0.293646640875
0.579089442385
0.52103343543
0.375498227846
0.520708968693
0.541867105907
0.574019812902
0.521166024369
0.536424249689
0.473399862257
