0.253346345475
0.414322088092
0.482091040237
0.536243632406
0.563150896074
0.567279780964
0.422044326135
0.466785754499
0.393657105888
0.511228220266
0.623480973265
0.583227988206
0.573452747966
0.599202640532
0.561659068353
0.462035580796
0.490755531143
0.571606256374
0.349079208597
0.493626972887
0.490413423176
0.543878100457
0.531868905056
0.517564400145
0.54383102399
0.473301502243
0.415231159566
0.393591703232
0.418184400322
0.507487677519
0.559301013675
0.503527950671
0.521325823157
0.319466734382
0.514376717308
0.63553139113
0.565088235706
0.536953323441
0.598004903982
0.514252700061
0.548239547262
0.513350473328
0.515838993094
0.506999117946
0.496287672938
0.450618517682
0.524105304432
0.3604666361
0.530374964587
0.584475935008
0.574770159346
0.545590509501
0.516605382222
0.404104884418
0.409751174613
0.39422700288
0.520569899272
0.562338258098
0.452316795753
0.407364290545
0.513215911023
0.626809891239
0.55200246605
0.512630448586
0.479797054619
0.368378528508
0.450379764678
0.51873645157
0.54127453352
0.522555605681
0.50141952647
0.513472505969
0.479325804011
0.487438609637
0.469116289812
0.449410767855
0.395671481921
0.292817953057
0.533213452925
0.623608622559
0.634128268817
0.530674737692
0.546184537302
0.509723566185
0.475943595736
0.440000013896
0.518540198988
0.56697054068
0.566697873556
0.519326680914
0.433833312316
0.531990431357
0.589768678537
0.620490563938
0.61989369181
0.542644058495
0.596888125025
0.513829187661
0.474233601339
0.488041769714
