0.367245131074
0.505633113846
0.683161254297
0.59823983289
0.616212081278
0.471134949038
0.517822652735
0.5197746488
0.381595062156
0.478460529947
0.608808126032
0.637276411097
0.471686720922
0.41123506385
0.555078044773
0.527016743933
0.506848960882
0.525884282464
0.554239013261
0.602568524963
0.615522210709
0.587898139542
0.57979896752
0.527720120147
0.499068507238
0.491142516702
0.528924644584
0.487177934907
0.493145690065
0.403946272953
0.44426515026
0.406206461132
0.512128943075
0.614830975342
0.657279758938
0.605234655889
0.581943250863
0.545481101474
0.415920009771
0.405238948861
0.484210502094
0.501405624105
0.480727901412
0.365386574884
0.445195363976
0.614376126177
0.54037805771
0.567114123631
0.55123262461
0.432651281247
0.414099295688
0.462784374788
0.58099367542
0.604703352442
0.52309784074
0.49154004727
0.488102692444
0.360641668017
0.529174357834
0.525852056297
0.59029554193
0.464276865982
0.437425293153
0.33758675984
0.536977173251
0.56068259911
0.506863553924
0.516587827291
0.456952318391
0.371208900042
0.492104628618
0.66168530887
0.546861021922
0.5808586465
0.474094348345
0.452045998076
0.469709833028
0.453347558601
0.388186699923
0.483688555243
0.544644081923
0.545866004301
0.387328332534
0.492312313708
0.559254183295
0.593440059983
0.664628801043
0.594329464921
0.528579613256
0.560324489624
0.485062165788
0.538186522242
0.54958216594
0.519528976176
0.560559516566
0.547116221007
0.511320369828
0.483017442283
0.466494961754
0.402639625244
