5.38534068833e+252
17.0795611085
6.26499810126e+037
1.27256126071
0.189354597672
4.68592006148
0.134551479699
0.347196976019
1.13073051144
0.450898351547
0.772038915765
1.05578908302
0.814262275919
1.87548733688
0.933463846885
0.171465064509
0.103262110049
0.443625985504
0.315886920017
154558109425.0
0.0768784737879
0.0963971306499
0.0584808145025
0.0578732279834
0.0152662350365
0.00874750459288
0.69725605864
0.0325227903371
0.0879457135249
3.07047819003
0.305856902774
4.26793846067
0.0525622564276
0.0337884707692
1.34751129257
0.00466502397396
0.0
0.0
0.0
0.533234916771
0.171077513808
0.0
0.0012235641699
0.0
0.0
0.0
0.0301558418668
0.0
0.0
0.0
0.330990833317
0.929377807495
1.07067890045e+017
20.6584862228
0.0298026892309
0.313434663764
0.223313812017
0.00224404847696
0.0030221020101
0.000919540229885
0.0
0.0
0.0
0.00214602913462
0.0
0.0168699266153
0.0
0.0390425426926
0.0
0.0
0.0
0.0
7997227.59985
0.0
0.0102181459073
9.98815113487e-005
0.0
0.0
0.0
0.0
0.0
0.0
0.0
0.0
0.0
0.0
0.00250063265343
0.00525927815273
0.0
0.0
0.0
0.0
0.0
0.0
0.0
0.0
0.0
0.0
0.0
0.0
