0.815239752911
0.790717806975
0.773729612239
0.727517219149
0.712295447324
0.727685405899
0.697550202184
0.697065491166
0.697355295291
0.706112725174
0.713840628004
0.701414144293
0.713708951191
0.612293131943
0.633313607518
0.665624030924
0.65472700718
0.657664585656
0.670320235988
0.669468818079
0.651054525858
0.630371742681
0.65214293247
0.663565698718
0.639097349454
0.643673355001
0.589624291237
0.634552542837
0.685918649373
0.694545700321
0.671803215864
0.69577161733
0.628500359497
0.58058123191
0.581843184165
0.589857470458
0.549712718077
0.450195214667
0.515049479137
0.583777653355
0.602461151855
0.591001036893
0.529745186096
0.510823891814
0.493562529588
0.347073430157
0.321265252823
0.26571217432
0.30897675246
0.169222480909
0.0818758618904
0.0944664135547
0.104572357128
0.138176848786
0.141836510909
0.166387298973
0.163412586838
0.161605493351
0.0655278804267
0.0105350952345
0.0
0.0
0.0
0.0
0.0
0.0
0.0
0.0
0.0
0.0
0.0
0.0
0.0
0.0
0.0
0.0
0.0
0.0
0.0
0.0
0.0
0.0
0.0
0.0
0.0
0.0
0.0320594297493
0.211898430148
0.132487487407
0.0
0.0
0.0
0.0
0.0
0.0
0.00391902215432
0.196059760937
0.056758640374
0.0
0.0
