0.804626183765
0.694664861094
0.729035592635
0.716183456588
0.737377433165
0.715703882384
0.717548658987
0.731980160954
0.720326011389
0.75379097724
0.741191494444
0.727645584278
0.709017905849
0.748393563554
0.690671123025
0.708413311842
0.683920921875
0.66015761486
0.708126571084
0.693135435712
0.673790265673
0.71518736565
0.647002844004
0.685627788212
0.607803027128
0.585162710102
0.545690346326
0.546748106785
0.488393058972
0.561585588086
0.570102700223
0.574045863429
0.626586058192
0.671436379049
0.601446227066
0.579254356543
0.611010752265
0.589571732773
0.574539492822
0.567660887973
0.604270764651
0.625416680152
0.662072529768
0.680110105927
0.687983268403
0.711199000885
0.715468608292
0.711967625224
0.743659276524
0.739303884272
0.742086637881
0.621182825809
0.523929777084
0.569200688967
0.622176552066
0.600777305281
0.594527070015
0.63164235157
0.616357897206
0.589452733869
0.648228117549
0.613777310089
0.588588988047
0.587747732279
0.534415075819
0.571881723346
0.545774900962
0.566230980603
0.594392073345
0.622699924512
0.584095259148
0.603443540594
0.630304832585
0.55984203884
0.649676158396
0.596549593316
0.641958722996
0.676537231009
0.572417288674
0.540739750477
0.593196978019
0.597561849813
0.589317310928
0.518789055599
0.536938117287
0.429804442823
0.45355556392
0.472055940044
0.450586911712
0.495982651818
0.523269178143
0.543149730876
0.519091962225
0.580089343837
0.589749127322
0.61039333083
0.557754014149
0.690453894688
0.67772051462
0.586042418797
