0.809404996134
0.76813269552
0.741680477589
0.719927357104
0.712776953933
0.689366694841
0.703577058403
0.701511692749
0.699756964088
0.65867555352
0.691529309207
0.654516659314
0.650211618719
0.651284489794
0.611623526155
0.658247496212
0.590563995451
0.5941428495
0.592475133202
0.544614376156
0.531790310271
0.602191360544
0.649635184211
0.591894669123
0.646135033422
0.621383671831
0.523189037054
0.518054081582
0.474280061298
0.422496815928
0.492495265917
0.492749545528
0.530403364281
0.663431883754
0.623345986877
0.599407351021
0.597548972532
0.623699556606
0.62397964792
0.608929555523
0.604028346005
0.595394906928
0.564733835633
0.570199007488
0.575924119493
0.57942107116
0.590069141385
0.584021886684
0.597642320423
0.577292420988
0.581076438169
0.559109058983
0.592143964605
0.574368898767
0.604402693347
0.575994471411
0.50217345202
0.521750879638
0.482643873982
0.472090366717
0.408454180958
0.385370320491
0.374072035567
0.35684232574
0.302832750828
0.269815587484
0.328192843693
0.20560930425
0.218480767525
0.320266632104
0.261700161344
0.305368725184
0.14623410803
0.182391422236
0.130916031779
0.174860018723
0.0598719591773
0.038655044663
0.087358712612
0.13742174826
0.150246784527
0.282310404182
0.195290775233
0.287867934685
0.272118730831
0.321576107856
0.312743676162
0.310242764856
0.257018707651
0.229915552063
0.272188602124
0.301103200808
0.373460907934
0.25565974651
0.186546076058
0.131986594727
0.109347720473
0.130331966679
0.133344568342
0.0742933687224
