0.811628813044
0.784531994959
0.728640716018
0.708554028195
0.636156544808
0.661990336167
0.611960124269
0.639850915908
0.668695398522
0.619557618861
0.622547066029
0.583366256483
0.685760638771
0.707235628096
0.680001804621
0.57253691694
0.589555713531
0.59034588596
0.530525402508
0.308997779191
0.234174118395
0.412524503524
0.448581852418
0.385567500106
0.364690366058
0.339802740635
0.397862247097
0.345591584478
0.534687857442
0.541902932759
0.654380674832
0.636461347788
0.561970083683
0.482884889014
0.506653311002
0.400278159819
0.393837634835
0.42930908427
0.545715477526
0.487559406358
0.455827077655
0.457948990277
0.460824548304
0.427914694525
0.435623838017
0.47873506782
0.492550432833
0.507575297432
0.484594315577
0.455537109699
0.412015293104
0.353928748561
0.251348567299
0.187644255838
0.0619281985423
0.0433538425695
0.0708125024791
0.0549670899612
0.0456281454095
0.0658646077918
0.047961805855
0.0658114680142
0.0424726938613
0.0265120126269
0.0781211112932
0.07745520447
0.0829062337882
0.0624711531483
0.0798359660143
0.0817831213624
0.079203839243
0.0823929600415
0.0835954245548
0.0678480307196
0.0817445997302
0.0834454982376
0.0842956698138
0.0823416651999
0.0845950133223
0.0811384960581
0.0753439856006
0.0800120922252
0.083215306135
0.0698522455733
0.082370051595
0.0836882871385
0.0807678559045
0.0774975229146
0.0826994179157
0.081544113412
0.072480741466
0.0716615810309
0.0806655239404
0.0776452594394
0.0660336004618
0.0678250017366
0.048898780629
0.0405663265392
0.045999605114
0.0324398080563
