0.811274077158
0.778401601674
0.764757003817
0.748200287895
0.746337151671
0.727283971738
0.688221404473
0.680739041477
0.623031481392
0.616384585986
0.645668706906
0.678198247281
0.621933929428
0.630395594107
0.673920892312
0.649551473427
0.6165810368
0.599415945482
0.417487472706
0.50590378832
0.532778211063
0.650714209102
0.634748658226
0.547036210729
0.563959038618
0.598613207959
0.635433563322
0.592094201134
0.609634156435
0.627278896567
0.667303300307
0.706400134168
0.720521404309
0.724181339124
0.739899532874
0.685753238746
0.689785422436
0.71922254371
0.694766802307
0.646069821115
0.469663781833
0.50667325546
0.543933277077
0.467469758376
0.359009017674
0.337506484142
0.272881803428
0.291478046156
0.204771833675
0.2373545114
0.229435979724
0.198957255002
0.203655566036
0.418879134184
0.393298839543
0.366640915166
0.557659867333
0.557901970756
0.55768748034
0.520587692677
0.506853923978
0.432254046787
0.451908288967
0.505080654451
0.469616068417
0.643665134095
0.667629345789
0.607468011444
0.529355706811
0.508072181436
0.563639157069
0.588327484276
0.660801926785
0.679168904484
0.679639686524
0.715738509142
0.67149660348
0.618657625312
0.670147662247
0.760619523596
0.735654091645
0.688098524718
0.620466434822
0.671654641005
0.70648069165
0.664728659903
0.683683185086
0.569428759272
0.548277400573
0.48504868759
0.427437519445
0.356596613938
0.36110910274
0.434625045725
0.471419305945
0.460674307253
0.408142124929
0.331822127838
0.488977995157
0.533429464662
