0.812266021401
0.782967953287
0.733916080659
0.677743702728
0.690827273243
0.675020866303
0.614580185645
0.598700030741
0.599970300531
0.646361322022
0.642994919209
0.611899849925
0.672671746189
0.669451717384
0.661862481854
0.639313044119
0.659762284349
0.635934826701
0.587212434806
0.605830371499
0.641682929296
0.615013455316
0.631785253081
0.639825857003
0.616306128201
0.597974762543
0.608221287106
0.616574434638
0.629662397675
0.638205903229
0.632536262827
0.643198990263
0.594250150611
0.612157190935
0.552797859091
0.496423184472
0.505374833883
0.556508530732
0.530359901578
0.533994466802
0.547076570291
0.561158994023
0.526807098667
0.461145782363
0.51589735745
0.54188846206
0.523503028906
0.450510206819
0.470937631724
0.476795858484
0.463994030596
0.608913769151
0.603590262987
0.57435568778
0.520536879539
0.538642912099
0.465373024589
0.417109256836
0.408658047928
0.415493698584
0.417962696959
0.518831733802
0.521686557363
0.438436353567
0.469585164168
0.521720598143
0.513116871655
0.558886198889
0.570672914444
0.569862095031
0.574817758088
0.615251833412
0.604716635868
0.592917831545
0.623363027821
0.605658734948
0.590119565477
0.614340992652
0.593752836243
0.61089405124
0.618150800521
0.574443702688
0.55533556803
0.586745837128
0.555885777443
0.592944535396
0.568896669183
0.603934817342
0.59658311366
0.605850299853
0.659900938859
0.641112008097
0.606814650117
0.643600646544
0.649541283034
0.680896299308
0.666710014992
0.676062263866
0.69415348478
0.696840979965
