0.813894204589
0.779246956086
0.782720987173
0.746764589206
0.709789727817
0.720338231156
0.666536709624
0.700219756937
0.626488051439
0.598395482547
0.61706318389
0.624480984184
0.533072721129
0.575603155063
0.578386137625
0.559778204158
0.477730856398
0.345198952134
0.274716116981
0.209585110968
0.283556998809
0.278263090241
0.239496711953
0.211688401517
0.220679451015
0.210692396297
0.23552150455
0.320790362337
0.35360204628
0.383924843811
0.315135288461
0.292495291765
0.407972698963
0.239944251019
0.14970802286
0.0982178062675
0.0481461695674
0.00480988198347
0.0
0.0
0.0
0.0
0.0
0.0
0.0
0.0
0.0
0.00401515151515
0.286270277257
0.0257425391183
0.0
0.0
0.0
0.0
0.0
0.0
0.00410491469315
0.182596810237
0.109893625219
0.121995432877
0.0706185163376
0.0463580207547
0.0
0.0
0.0
0.0
0.0
0.0
0.0
0.0
0.0
0.0
0.0
0.0
0.0
0.0
0.0
0.0
0.0
0.0
0.0
0.0
0.0
0.0
0.0
0.0
0.0
0.0
0.0
0.00435003840246
0.283585681641
0.0764489372291
0.0
0.0
0.0
0.0
0.0
0.0
0.0
0.0
