2.82531894645e+261
1.15709537689e+260
118.710331531
1.08345985683e+253
1.69340778655e+253
1.1390933285e+066
1.47394745423e+138
1.6890011357e+253
4.78678787224e+018
2.31806730332e+023
1.559351812e+253
1.56842074883e+253
6.09011432709e+267
8.02053017516e+284
2.18469104708e+283
10.012506272
5.17963688865e+252
6.17131000035e+088
1.99457978469e+021
1.16367059157e+253
1.32478855577e+253
3.59563180945e+275
4.98143075368e+253
3.4987815916e+288
1.63069327576e+253
4.335641672e+267
1.41076658386e+266
6.47678521326e+298
4.03622296815e+253
1.51595058654e+304
6.69209215139e+256
1.85773197654e+299
6.37254847381e+253
2.34382140192e+160
1.51802622539e+296
4.00367748784e+252
1.34868409677e+253
11.6661180435
7.87006533394e+071
1.06405972702e+080
10218.1504391
29437.1180064
0.969268589503
0.43622130798
0.373602446559
0.825982820238
0.696370669838
50973963.9913
1.08593334636e+022
1.90154722575
3.06676342536
6.11310821294
1.70437765096
0.500790683085
0.0447666901161
0.0
0.0
0.0
0.0
0.0
0.0
0.0
0.0
0.0
0.0
0.0
0.0
0.0
0.0
0.0
0.0
0.0
0.0
0.0
0.0
0.0
0.0
0.0
0.0
0.0
0.0
0.0
0.0
0.0
0.0
0.0
0.0
0.0
0.0
0.0
0.0
0.0
0.0
0.0
0.0
0.0
0.0
0.0
0.0
0.0
