0.810486961078
0.776864520542
0.754117445223
0.749992289354
0.71952016791
0.652359027389
0.662300548073
0.689198405197
0.666078844492
0.657193792364
0.64154461419
0.628144913534
0.639007952924
0.643424838693
0.667810511209
0.6806489107
0.58236958977
0.636263138357
0.616537202257
0.615509434744
0.595516286681
0.571366773
0.625378663484
0.61577653294
0.623785591793
0.615679287679
0.588245551561
0.547448342547
0.569893816951
0.510098181992
0.583654387361
0.581511043798
0.591861634558
0.614742048054
0.617396623335
0.613319164504
0.605399207899
0.599828751656
0.584813072993
0.573865219875
0.460588232898
0.523151503055
0.496538916389
0.519775236486
0.495062800875
0.604570952759
0.632250638297
0.578692960675
0.53935483637
0.445729877837
0.35677574114
0.327199211428
0.318024742002
0.262062627354
0.284325529198
0.242883768254
0.266754652845
0.32038683249
0.281609472532
0.192487062568
0.280028396161
0.208199677891
0.182212644948
0.212500961237
0.238028637851
0.218824051404
0.238638023213
0.269548886568
0.29669849563
0.2767335159
0.274626159723
0.202533419187
0.290403766144
0.183338219749
0.176148328739
0.0890572407857
0.191295041632
0.199446211047
0.251774563639
0.172430848699
0.191445263045
0.16786031877
0.189081570088
0.18990853226
0.187244131153
0.190273323038
0.166269600622
0.178143169479
0.144878204631
0.166500987879
0.134629982966
0.131855545416
0.0977330679028
0.148196434294
0.141037191912
0.11548229895
0.0521374344579
0.13069273125
0.0531408654402
0.00552433209005
