0.809387130862
0.761293620782
0.726998169033
0.726090828485
0.716900801883
0.755288846765
0.723493056133
0.716627441727
0.72495463094
0.679218036485
0.665193085392
0.667394365452
0.700623158492
0.689374154918
0.713041180718
0.683828715759
0.727059642074
0.686919973134
0.671860364529
0.673395589073
0.603111296903
0.693979904964
0.686494808661
0.67872808588
0.681666870569
0.679260438397
0.685206278765
0.695787222967
0.521157051234
0.460099378916
0.594332595268
0.618440046998
0.67407009791
0.662732243727
0.617154633355
0.567421220128
0.536723953724
0.614701514334
0.603269111089
0.61407615342
0.616079435069
0.602702299583
0.549053645604
0.61491189663
0.644952508838
0.537963598728
0.620390562726
0.587671243533
0.57426316887
0.599047673146
0.604280389078
0.54680552743
0.614304151764
0.61962902493
0.64487284986
0.633773841931
0.655428197066
0.639277928217
0.663182534362
0.65303174493
0.657243468028
0.596088004578
0.389643917385
0.560929399053
0.334648996243
0.384634145809
0.332591801767
0.232263405062
0.254802390673
0.316640456232
0.291673966344
0.283997209377
0.254196132511
0.340104868711
0.326219642528
0.356373156752
0.371448885568
0.348741829635
0.330066728574
0.3447565925
0.329179550245
0.315912324994
0.303748861299
0.275787183505
0.248460172237
0.359551842062
0.318136485785
0.306367433682
0.345881955838
0.277523010906
0.332347243331
0.332525349239
0.321644050905
0.308948773597
0.276370527636
0.264216202626
0.258181889695
0.243500246807
0.268410471162
0.280337924487
