0.333266533772
0.593762950645
0.518926568975
0.640925521936
0.572628797016
0.656079068162
0.689622977107
0.671872654313
0.670213725515
0.577706240744
0.666202719908
0.618364194568
0.774502098309
0.697908009025
0.647877921561
0.624456802782
0.739618922361
0.784910482647
0.669612971311
0.771343972181
0.820059187273
0.830268832644
0.754718075695
0.762635318905
0.798837341749
0.720908927631
0.830564295359
0.81130889707
0.651530209126
0.744856918318
0.733452684881
0.720407010523
0.67921952867
0.64869583943
0.838927312548
0.647008045433
0.652602094407
0.836691862973
0.796770773376
0.850837470896
0.862960992631
0.756555960971
0.713740586555
0.805038635077
0.773214050569
0.771089837181
0.658439954037
0.768473017386
0.780140870116
0.790977317708
0.750205717477
0.809768276659
0.800916827218
0.673720784088
0.653675459345
0.705070856737
0.77877248666
0.781063733932
0.883372547528
0.801108362372
0.879165311002
0.778919740401
0.703799371304
0.6964810917
0.738991627543
0.78486408121
0.798900153082
0.752772808574
0.755075154979
0.760461212438
0.718837489386
0.704254271206
0.72624869021
0.759809606317
0.829680828281
0.765737041175
0.764254647159
0.815569252816
0.73799047446
0.790681360337
0.799986879459
0.78156291228
0.694055736968
0.775155631219
0.78342074023
0.776889692735
0.741396838405
0.791028677627
0.868275749542
0.874302136158
0.763226152423
0.838277034486
0.87392378968
0.825822912823
0.748620172569
0.844116551313
0.826064014909
0.802665230265
0.826109527104
0.774362987757
