0.408105799211
0.61562402227
0.681311191669
0.707573596895
0.653397156223
0.61266862794
0.665724907947
0.725548472649
0.717293031265
0.644736403094
0.744210956382
0.719765412579
0.709042074893
0.723155787646
0.725760671655
0.687961508482
0.732026804063
0.692475074943
0.684873515101
0.67895316675
0.771765375821
0.764521202365
0.803435096502
0.750097801381
0.773207833517
0.767317587396
0.748524115639
0.740143692959
0.689510280536
0.731649886665
0.707165853669
0.734850955414
0.786198991895
0.826761815932
0.755781746508
0.764735923521
0.780176563948
0.770506882761
0.772170528542
0.784128284494
0.824318379351
0.757876700604
0.809246049701
0.765048297238
0.732542920518
0.793882998856
0.796426045827
0.75772888467
0.790832956391
0.798416457915
0.781812722719
0.769447026939
0.837505153886
0.700231558313
0.682104511437
0.718931155368
0.848769122396
0.800852809562
0.863202468875
0.78184022143
0.811941668637
0.742401609246
0.789313809008
0.82738330994
0.825416967987
0.824841988519
0.868855973237
0.835313468682
0.784017581925
0.791593351006
0.78013851898
0.821199478723
0.817923862104
0.754156970335
0.696881397334
0.764968359889
0.910000615141
0.812226946161
0.76124572227
0.650394815749
0.736015459532
0.4940017875
0.741579479291
0.73743885101
0.771197578279
0.826887983371
0.787259241955
0.79473433667
0.657008650018
0.758298895297
0.673491791557
0.679610601215
0.772322455256
0.781641847658
0.815362928723
0.853957696518
0.750307262004
0.670001716828
0.812253336944
0.846352994718
