4.63254583599e+242
3.25688329968e+258
2.11168839043e+115
2.36158909722e+091
890664311.69
2.09373920743e+018
3.16148150542e+271
1.39944087382e+268
4.56685053136e+272
2.51476901287e+286
3.33244905016e+189
1.90206213617e+266
3.00143384024e+296
2.88693189585e+301
1.58832281161e+282
9.86412739538e+299
1.25014209784e+268
1.85996674827e+269
5.01240179641e+270
1.77266973791e+274
7.58655635859e+300
3.32746152233e+276
1.14560425514e+277
8.6012227658e+252
13.3999169299
71.8546521313
48.5017947269
9.76372431815
2.60006539259
1.22293985526
6.73798693848
10.2470253663
5.13079913831
2.88992849045
1.59771622351e+014
2.27717872125e+183
1.45039862149
1.43436185482e+039
2.62139155396
25.244976084
5.43375570718
0.274796573009
0.426730700011
1.5151917414
1.03153555672
2.98316478078e+252
2.16854587257e+017
5.8355187247e+062
11.6919083832
12.335885506
19.1911307462
598958.236217
3.31675096382e+063
9.04071468381e+127
2.62133206781e+132
7.50314485852e+062
2.2393721852e+127
5.33901464284e+183
1.22399858987e+059
4.34923921451e+062
9.51522960645e+232
4.64947296457e+282
4.80222953395e+127
0.100513354154
2.10150265014e+015
0.781804674764
2.16552349898
9.80457083218
5.70222726897
7339267740.9
518940.035724
1.87965261909
1.8082017209
1.45567134532
0.851660831762
73.3420517697
3.17853599536
8.90006494079e+018
2.59365970198
9.98049818969e+213
1.49144296222
3.46586554032e+040
3.14214625086
5.67938083295
1.62375261214
10.2502336017
0.784553528938
1.45752870551
3.20992066466
3.14366331817
6.4672921717e+019
6.53332173444e+019
5.42982470524
2.54555035354
2.49106688941e+023
1.615166926
2.64900985852e+173
2.29053864788e+124
0.909620871903
1.11573426807
