4.35089244425
4.47773297126
4.5784859953
4.4986848043
4.56825903488
4.49938906715
4.59090445173
4.40683059463
4.37103539651
4.43305702444
4.84324465186
4.56043842576
4.40204793048
4.16006813533
4.41457767119
4.1397872034
4.57286479091
4.58142268944
4.26612693048
4.28867316486
4.82777664025
4.64814747796
4.37929904069
4.26721835262
4.59108498083
4.51669620516
4.65077637388
4.68331258814
4.32439547103
4.20027748946
4.47669415166
4.66569059162
4.56011606011
4.86094389599
4.57904268766
4.54358413115
4.48946481031
4.55264563057
4.47187124489
4.59256483979
4.52609899833
4.91990931298
4.63641359912
4.68958648845
4.48780510925
4.58036520414
4.59370449327
4.35828491371
4.5415724558
4.75699120476
4.67582110843
4.51619212863
4.34679615213
4.65200359147
4.83876946573
4.49301379284
4.24389471519
4.81837146799
4.61902133005
4.81525377224
4.57784956758
4.65910891056
5.25982718765
4.70830029953
4.74119994573
5.0807325937
4.92664836492
5.07179686629
4.65973427485
4.71756558954
4.57547049835
4.9286515402
4.76280147918
5.06738542186
4.81028042378
4.70786412084
5.46607757101
5.01442131899
5.04205609557
4.7499835266
4.7062608542
4.95062994109
4.91601161322
4.96479765521
4.82697995387
5.03226286504
5.0220927473
4.79604355436
4.78562463395
4.76889481673
4.96265423426
4.94797997084
4.81405575421
4.64434324502
4.61616146334
4.88608965181
4.89387269424
4.68792243708
5.09752512227
5.17297104239
