4.97896537714
5.36339300371
5.13636050974
5.07044800789
4.93112664699
5.69978630666
5.0405477195
5.19600504651
4.95222504742
5.11439786118
4.99299753761
5.19205881032
5.20472398923
5.2295764404
5.40398068692
5.15800788817
5.28734605161
5.22795595161
5.28091169109
5.40590546873
5.26604342773
5.44118094149
5.18513452845
5.34893547283
5.29034860808
5.14693882291
5.06570882858
5.41362541542
5.28106220885
5.71102940226
5.51539050192
5.21506076794
5.28994233768
5.36138595431
5.44682040603
5.45851103499
5.43943883797
5.39115858796
4.87132680752
5.29678216211
5.23179411509
5.05806497691
5.24125638889
5.49356125675
5.39228886534
5.35761126199
5.27116915555
5.44900022372
5.36571002141
5.34587932352
5.32430030443
5.22652057891
5.18873523037
5.3677190592
5.52842079634
5.29802322302
5.07632272493
5.14764822269
4.99141309372
5.24077733837
5.1665165332
5.58782815631
5.39203774149
5.34791133835
5.68085745417
4.96632417952
5.58604333571
5.04846076936
5.41069893497
5.59536517672
5.01243497705
5.2533695985
5.18185516464
5.26086046197
5.2113757217
5.40642708449
5.32096369012
5.44481310102
5.30611001832
5.49282471294
5.33162721078
5.08681139713
5.37159547415
5.33379857389
5.6667419834
5.40530008014
5.32590795372
5.65786631781
5.21624658976
5.0687103357
5.23074636782
5.26865769648
5.43318415974
5.17728623455
5.17946130241
5.37500016433
5.25399013542
5.31623182986
5.55411213098
5.5982296886
