5.2199002436
5.40385669997
5.09689664452
5.1673204137
5.05077837955
5.04716199585
5.01206303606
5.16113677381
5.28723677421
5.20318138007
5.49687200604
5.11956408549
5.21279375336
5.51885647418
5.29810902686
4.91506990347
5.00157660502
5.31111008368
5.28690045219
5.4474194627
5.4693164074
5.32366560909
5.19556058079
5.1489169552
5.15271937527
5.80126351385
5.43768953189
5.10862877906
5.04701864518
5.10405324071
4.91241317562
5.16847318565
5.05065744011
4.87771721908
5.40747981874
5.40915324824
5.22796518248
5.09163702005
4.77978616504
5.2334478995
4.56864436798
5.25735277375
4.69498089447
5.11891353652
5.10810954494
5.19946362137
5.09191700286
5.15074067844
5.16659126222
4.94622918031
4.91517913336
4.94278432933
4.95416610708
5.04220215167
4.97323573191
4.87709745529
5.00439360273
5.06268839511
5.39114158605
4.69156268909
4.40559094511
4.80893512475
4.84600649354
4.94105127737
5.09281382386
5.06255510486
4.91797276876
4.80472745302
4.8398428335
5.02130116389
5.21942799064
5.03309844165
4.73248516079
4.9800193843
5.05145192203
5.13189059067
5.25615890745
5.25003458375
4.94267498397
5.12188203723
5.57198918259
5.12264504937
5.32433937999
4.84608721566
5.01303175233
5.09154428944
4.91185776757
4.82340969891
5.15977125094
4.95841315924
5.27309444884
4.89925921086
4.96000179568
4.94687032311
4.99910515222
4.74155639179
5.1083108263
4.98793332612
4.89200845637
5.26041540724
