0.809840735526
0.781530536698
0.774830069545
0.770239568599
0.767569365187
0.749582823471
0.736090293266
0.726328474397
0.713109263545
0.683334371291
0.67640327896
0.668933663243
0.638716590269
0.673278669529
0.685200303533
0.686632370544
0.658615932798
0.644001785789
0.616846107816
0.593454855767
0.623507055608
0.612958866293
0.601309885044
0.625554331394
0.618299464249
0.617306089973
0.655235656197
0.629612168084
0.616000741688
0.602064448404
0.615925325636
0.612175997025
0.619313299634
0.528852527346
0.560779117719
0.552115168401
0.556413863947
0.532687389236
0.5826071987
0.471032443741
0.411354897209
0.414933548045
0.245395026952
0.30228175989
0.328967197709
0.341981997186
0.294942956786
0.403696436739
0.38633937478
0.334140518062
0.297136804927
0.260976160822
0.0944514780081
0.0425415269093
0.00331994881007
0.0
0.0
0.0
0.0
0.0
0.0
0.0
0.0
0.0
0.0
0.0
0.0
0.0
0.0
0.0
0.0
0.0
0.0
0.0
0.0
0.0
0.0
0.0
0.0
0.0
0.0
0.0
0.0
0.0
0.0
0.0
0.0
0.0
0.0
0.0
0.0
0.0
0.0
0.0
0.0
0.0
0.0
0.0
0.0
0.0
