0.813125393833
0.98
0.978869955249
0.947833847007
0.945882281896
0.971762289512
0.98
0.978800002795
0.955618645166
0.970298700277
0.98
0.968940893954
0.98
0.97538292101
0.98
0.96860004738
0.98
0.98
0.98
0.948400224572
0.98
0.938775340132
0.98
0.98
0.98
0.946725655499
0.978778958595
0.96802292906
0.96749588377
0.98
0.98
0.98
0.98
0.952344357477
0.978604270848
0.964200001146
0.98
0.98
0.940725655499
0.858967527169
0.887011827662
0.957600001341
0.963829570352
0.885595263194
0.98
0.98
0.98
0.944243727539
0.98
0.98
0.98
0.98
0.98
0.926914971671
0.98
0.98
0.872103393708
0.98
0.859223820073
0.912273037708
0.98
0.98
0.922394751923
0.921358974355
0.98
0.98
0.916383289503
0.967781343314
0.98
0.98
0.98
0.98
0.970061473571
0.98
0.98
0.98
0.98
0.975301421465
0.98
0.98
0.98
0.978401626072
0.98
0.98
0.98
0.98
0.98
0.98
0.98
0.98
0.98
0.98
0.98
0.910147699328
0.966516751347
0.98
0.98
0.964313166857
0.98
0.98
