0.000945109620944
0.00994232028677
0.0547882110474
0.119562306718
0.134292766873
0.133401237321
0.199651989264
0.285536276532
0.321689895087
0.309244658745
0.232543379949
0.198141704603
0.124285568405
0.151272563841
0.150068850401
0.24349944589
0.221476254172
0.15453188458
0.178017573186
0.268054946611
0.263320989917
0.171713803851
0.204347950056
0.205589374416
0.219502171923
0.175375997761
0.123982980937
0.0585954068299
0.085214941817
0.0724936756405
0.11126328659
0.121464626814
0.190407380106
0.14201091032
0.155236869065
0.158152490698
0.208067294437
0.232179565435
0.35694544315
0.267163658295
0.242113987983
0.216282371456
0.0955967119313
0.110144320416
0.0682089038728
0.0413605691185
0.0749626188839
0.122101602171
0.174638014069
0.122429989412
0.0954032044562
0.0797612611161
0.0773747965711
0.0690904926109
0.0575963476516
0.0280370521997
0.0338061216097
0.0122252003175
0.013689216847
0.00218747160783
0.00950801506209
0.0509880836414
0.107909622343
0.146168235868
0.194186897349
0.322144030765
0.373628160039
0.336163782617
0.220683126375
0.250929576216
0.183134150435
0.145986773963
0.0978333587551
0.110963546856
0.0868633625271
0.0758608400206
0.0470965285734
0.0273122261012
0.0410243110508
0.122019639738
0.0617838361436
0.0441150694247
0.138089163415
0.210076100824
0.201758157786
0.191368729981
0.218865730566
0.23305817717
0.225552001985
0.182266729424
0.132794252586
0.143836368209
0.153541820186
0.115386828832
0.0352374728546
0.0186785722411
0.022990754103
0.0173746440017
0.0154091121813
0.0176637952488
