0.00124693282436
0.0202272097194
0.105019297964
0.108670034749
0.105831232515
0.169904223084
0.155203819939
0.127915008597
0.155836418476
0.178858963525
0.114271742481
0.0520770663097
0.0350680553223
0.0133182548239
0.00608625075102
0.00192093565617
0.0487270311782
0.21721568952
0.284541547218
0.274837609071
0.2994837547
0.25702513056
0.252770266554
0.173109508637
0.216236594759
0.236614493954
0.167995628619
0.163992990057
0.16126069871
0.142428258019
0.140652520337
0.107018411882
0.168074468521
0.124788115608
0.0978462690387
0.079741618602
0.173532015135
0.149371488088
0.137213493509
0.089187440137
0.100333046236
0.039616795744
0.0860805351292
0.144417249153
0.151779112754
0.0308994273552
0.0177995827981
0.0202322274247
0.00205596660584
0.00712788644079
0.00236304887343
0.00777935033476
0.0299536623971
0.0531541368873
0.0996847859228
0.106001512845
0.165248052584
0.18428913098
0.207064128992
0.164127734857
0.157010700827
0.159322513078
0.150826171412
0.195992582089
0.0991689161554
0.0812503121264
0.105275722639
0.0628113088239
0.0416442935007
0.0679486502186
0.07192698632
0.0392659345409
0.0160132569878
0.0732663839481
0.201170773994
0.336180359319
0.208724179172
0.166322658756
0.112593048787
0.127127570843
0.183833309915
0.214978011855
0.244151348504
0.254752322569
0.204094961566
0.105890214664
0.126916187828
0.079733038497
0.0391434257318
0.0736660440986
0.0504838368725
0.0768164768287
0.052505068773
0.0222535653019
0.0591575716342
0.092237043245
0.102330958343
0.0881271089852
0.121210007513
0.148498107445
