0.000921347037652
0.0251701791145
0.0483719414204
0.105813111567
0.181862616588
0.214430067526
0.262222986638
0.237238109783
0.226023105307
0.259822504918
0.330517860767
0.349156186305
0.359944650281
0.342960438378
0.33478631389
0.375787251556
0.380949829936
0.40117987894
0.344623520282
0.30420443167
0.283324636177
0.378266121001
0.404169132121
0.368697077081
0.346072171829
0.395589477677
0.434295540971
0.415236932384
0.415557488753
0.437695073942
0.501006103735
0.519847569049
0.415131564975
0.474163678528
0.492099443311
0.453458510459
0.458803758523
0.526182805354
0.420671026411
0.372412566543
0.381712518208
0.438159608355
0.411439048066
0.254807803481
0.260095437222
0.324974627732
0.245323542669
0.220201358479
0.335386249456
0.371833477505
0.259577026583
0.238993130122
0.343759809833
0.403326222548
0.354982502428
0.278596425964
0.260419895611
0.261764683847
0.312153637529
0.467740166786
0.480211680933
0.429008470952
0.435779425561
0.350225322199
0.350689752071
0.417552868037
0.48495323563
0.440559809596
0.471878050314
0.506609059028
0.48884124279
0.430319772195
0.38967217378
0.451158370431
0.454413244493
0.38266268795
0.452279811376
0.602499758195
0.555777771002
0.508015421847
0.503283746533
0.411923744673
0.469148702303
0.448192928495
0.446848107731
0.421461978803
0.350462906505
0.353584269574
0.292101444473
0.358694546391
0.398707494111
0.41992042097
0.308864373538
0.298356132777
0.404600126677
0.410918994591
0.343905920592
0.28673903685
0.255605222328
0.370765418637
