0.00135432903524
0.0434731141501
0.13355578162
0.157727530807
0.216044592932
0.254777010887
0.245698011224
0.251507547046
0.340684571879
0.373508948131
0.359589476774
0.351212621343
0.296513467491
0.305876451309
0.25955271346
0.285884565544
0.324753796879
0.306623938252
0.315625856316
0.387162961847
0.42879310393
0.425004543047
0.424818475525
0.418875358367
0.421293758078
0.385408070886
0.309926108274
0.282065957424
0.254335362638
0.303412825595
0.37413271119
0.397427083806
0.404441855188
0.383422058633
0.359248071228
0.31188237594
0.282575108662
0.285401458618
0.326391380046
0.416431043748
0.383209513994
0.456208414329
0.467471815997
0.472003350686
0.455241879837
0.421757877605
0.354881702682
0.320861797815
0.313187041989
0.235816657268
0.324573721685
0.465318629159
0.468742180495
0.539179888057
0.520629966196
0.546589688526
0.452042973677
0.333569532462
0.415869616721
0.408213900568
0.384533652071
0.351721843567
0.399620921309
0.389315900699
0.29532998428
0.331601749576
0.352921704479
0.345586647464
0.448801205664
0.464823525806
0.377321958768
0.325514580273
0.386710701823
0.530628618963
0.403309217518
0.388044944458
0.489585619787
0.533577035224
0.506207805009
0.413152771302
0.385248063938
0.456377781199
0.478821156694
0.389618650829
0.355192046633
0.40889139287
0.452766964894
0.567725892498
0.476752173287
0.442479121257
0.500965778207
0.52073989573
0.533757650599
0.398785335236
0.337113998116
0.375855113272
0.363579547067
0.403147850741
0.450486492788
0.418074729456
