0.00107779417918
0.0341691823385
0.0674353987186
0.108031759812
0.239228687897
0.294817436642
0.339540497194
0.227489418984
0.19567261507
0.217205441048
0.25711583684
0.241303819228
0.211503386846
0.279212956711
0.331815406501
0.35410579207
0.323688391973
0.215729440832
0.249058272957
0.266582208322
0.266408872463
0.300201206579
0.345145431116
0.39408152909
0.314140292014
0.35205856785
0.447297880939
0.486938758607
0.494574654388
0.487419753688
0.47880816704
0.522618463139
0.529262935659
0.538158859835
0.478440845993
0.409111970078
0.382852528354
0.361640694629
0.331969672413
0.386778317578
0.40493708943
0.39418064029
0.325121828278
0.307210175059
0.393130716455
0.519125428597
0.353052049179
0.369472183087
0.416017220687
0.498641940667
0.595363463686
0.517204070741
0.458790639038
0.397701922228
0.373229685237
0.437649177827
0.487204254245
0.430304535352
0.413943350664
0.413399438003
0.412741389976
0.372482038469
0.409876621347
0.391647034792
0.410305065942
0.400746859479
0.41670305501
0.471091965528
0.485887528181
0.405691129543
0.381938119033
0.352620255745
0.384965433662
0.405342028797
0.474483405158
0.468446881543
0.415222135524
0.344093276238
0.375460038643
0.451876767157
0.383732282807
0.387686094886
0.356632177202
0.374469899795
0.419670123
0.430665469346
0.38879019228
0.364083324132
0.425159217015
0.468903791404
0.491893081669
0.331562375334
0.323314989051
0.39922187279
0.46741058978
0.438584756911
0.353224634538
0.368066552678
0.371489181308
0.421073666253
