0.324632158961
0.620643404595
0.581986072899
0.687546245309
0.587101189819
0.58191414472
0.601380825325
0.535209737691
0.66310642506
0.751861290367
0.708340601932
0.720257579759
0.601815768682
0.552785015614
0.678311398703
0.693613350179
0.6783144172
0.728101391926
0.698493507672
0.70482520453
0.735815223529
0.730674950252
0.822036577788
0.675250151734
0.590497869825
0.716456589356
0.681772901893
0.7099296894
0.620940441074
0.706048921225
0.705115851964
0.618650860909
0.662383737235
0.544467783597
0.636293889663
0.672116075822
0.793997849873
0.787070339885
0.664294598141
0.641063025807
0.53569480975
0.575880287073
0.441680902238
0.483956564739
0.522513727591
0.542557421918
0.573709152034
0.627186249859
0.550246363958
0.555385693266
0.408173443922
0.620441703578
0.617600932802
0.741529923858
0.703079770911
0.579600226343
0.60675873532
0.627823954025
0.52360314654
0.612142688169
0.716361885338
0.770160250452
0.825932024897
0.79630457421
0.76751233134
0.687882888834
0.679491326007
0.729350790685
0.657077209592
0.682524594703
0.680027889376
0.67447807313
0.724258998361
0.697931097783
0.715428893458
0.681021563584
0.660125396129
0.702314537577
0.690746597915
0.764393657171
0.783409630402
0.771312203278
0.679300922834
0.74423462389
0.723093596428
0.786095455019
0.682497004851
0.787004583588
0.863103768532
0.684615088031
0.654034327805
0.681930099151
0.706092763042
0.573135322789
0.679742883616
0.812300101278
0.77813017525
0.714968329747
0.686418415989
0.670654916272
