0.977727416667
0.905849079875
0.880565461347
0.830154362835
0.788104586443
0.705365047059
0.694198947366
0.636235309306
0.660183283665
0.618231036707
0.60587691856
0.667675342403
0.636853040137
0.666834203645
0.663810850711
0.685670955059
0.683421807467
0.658450913268
0.663244869219
0.652775387933
0.658645298315
0.632246497888
0.645192273814
0.586208354053
0.579086408204
0.538047937018
0.494559158396
0.539108681967
0.615098527256
0.649224712161
0.641653468948
0.554912941252
0.587479623489
0.639225647644
0.645248095489
0.671575421249
0.638459821647
0.578249094958
0.506205500904
0.477896118949
0.503179817404
0.499468720339
0.440878815261
0.436788260084
0.490109060332
0.507023026362
0.51085886063
0.528217024258
0.549955850412
0.616622403655
0.624305810323
0.613019996143
0.630076112096
0.63588349983
0.609345585883
0.610455055921
0.544347864701
0.578355120606
0.63171709359
0.564142346277
0.552267057323
0.537549402472
0.613029917739
0.685829286635
0.695595536502
0.709181316527
0.662825453149
0.614884568014
0.616529332629
0.555281860846
0.641660110455
0.660533726519
0.608728498362
0.619806573856
0.597550525506
0.613816873772
0.618234671126
0.520904775822
0.538318858426
0.596135004903
0.623020930804
0.617521104408
0.663180812887
0.570002120723
0.548678303828
0.550155984511
0.556929087709
0.555249233873
0.54879668508
0.503330929372
0.629777609772
0.524097578902
0.54984594954
0.502138425431
0.438443153514
0.485746975533
0.507377014517
0.476885947237
0.504296220732
0.465188611742
