0.980372432965
0.908092074182
0.881327994815
0.805394685313
0.713773858578
0.761688887352
0.744187518234
0.685173017406
0.792664851695
0.692466428658
0.741036157627
0.690145909645
0.706164141726
0.676037825398
0.635339182256
0.680800008912
0.657309660282
0.743288368384
0.752877253299
0.786618689568
0.730611605625
0.6763611949
0.697676962822
0.802933130985
0.788022995595
0.754207394971
0.710691043
0.718348605462
0.681357709582
0.618059896796
0.64386279442
0.592949621723
0.648275000705
0.58776192304
0.552863267975
0.585234351605
0.629640309828
0.726921797487
0.672186814
0.637415732033
0.654807375204
0.658098855433
0.669223712286
0.695742159877
0.695423076728
0.78886999665
0.727140878116
0.735591554589
0.699681007783
0.73392992121
0.723009749828
0.732388636333
0.610476640006
0.635583935145
0.647028406261
0.671793135125
0.635973427978
0.599817853706
0.659196430967
0.686727331877
0.713952936598
0.747281633616
0.707138286601
0.635326311477
0.707317119077
0.733075489333
0.718753795722
0.70016097013
0.663190007539
0.69312981272
0.707511980871
0.674976633965
0.665172092479
0.631589673937
0.672856860525
0.644505027819
0.637586611177
0.618078742438
0.579775118301
0.604622176479
0.650735869992
0.68176615013
0.670863781082
0.661088987695
0.702148106404
0.645525616411
0.669398981564
0.645477765485
0.633928564668
0.665405158688
0.791512459167
0.681208960491
0.705437845426
0.686788553818
0.690588113913
0.696620890423
0.727910178006
0.715905230712
0.738154218303
0.731137387579
