3.93353299677e+302
8.30508865916e+252
101.09299334
19.4425850662
4322549.87761
3.23418424394e+025
1.29624781549e+303
5.6647979743
909416.048426
3.31116324775e+012
4589186.89719
1212.87279065
1.33130011437
1.67556995722
326752.425387
0.79387594699
1.49685474471
0.534161232339
4052116.96067
3.51046316731
1.21034117312e+293
8.48507852954e+013
4.48008086193
1.99231413653
3.37454589093
4.29052796414
4.75000629421
143347989201.0
7.42734937133e+023
1.09543620845
0.917809419201
0.963947817787
1.09136156237
2.66077741144
1.01274767672
2.84167762517e+014
0.745637954836
8.12899812005e+014
0.993869505677
7.75526264614
0.547506558132
62.2538022303
0.582719333429
1.47895603422
1.57635415603
0.633634450748
0.48417131454
9.42526889672
1241899.27251
17.0799098559
0.627297062118
2.1941851932
75449059761.9
1.82662634876
0.908690801106
95.1243127401
2.12293682025e+036
304.231606193
9.348664797e+037
0.750962093108
5.08904009661
2.12729205467
0.690195161235
1.22197790923
2.63735004633e+045
12.3209659047
9.86407208861
2.01905974049
1.28330950221
0.990769625008
0.679313437426
2.45043422216e+243
2.00101418879
0.984661765818
1.27091224154
0.881576918077
4.1032685375
5.73314189009e+034
0.616658474369
3.11508547336
1.35874310509
3.075220606
0.878215485551
6.4339002794
1.15423483508
2.62847659646
2.50513280831
0.408685715876
36.7220505716
1.54853072091
0.323136457144
2.49711151648
9.23480097131
124.792713514
247496054002.0
3.67280001727
0.521984298738
7.79674766427
46.9175499859
1780096720.66
