5.65474210112e+279
4.4344390738e+046
7.15787671927e+032
7.61962456151
1.46425245721e+065
247.136381047
1.13196689323e+303
3.75171448825e+050
1.93984073257e+026
9.7234658287e+051
8.18801018038
4.01075231572e+044
5.35427831276
1.96912562639
0.287245347924
5.72244516908e+061
7.44120345398e+125
8.07063653998e+191
2.39363334427
0.535881293455
0.344959433885
0.278536152955
1.14222598721
0.7402327767
0.997772124222
0.877377580573
0.694279411619
1.64927260106
2.2170784863e+264
1.16350576591e+198
2.71482509852e+254
7.80541916693
2.36575451189
0.14071914031
0.168224228505
3.87821699348
2.1752525532
0.399073941723
1.63587781768
0.457081721975
5144485.41745
0.540387761723
1.21078296277
0.67215915154
3.35408984916
0.255338751531
2852145879.47
3.18796092931
1.39946183184
123.260587284
0.198546902459
1.30005133554
0.130681322041
0.215847971268
0.120477658966
0.930371612008
0.800070406493
5.1487992951
1.93268209977
2.17007678117
0.475323476724
0.152487141603
2.33086686154
1.94282539037
1.31926356711e+129
0.329205576549
0.569644545815
0.291573872671
0.337825449136
0.418963225405
0.442186100879
0.38915829814
0.806695512505
1.21723316222
0.476274367508
0.479301154365
1.202071543
0.793122402133
2.76453905006e+296
29853.3933509
373.599505449
0.292381535647
225752271319.0
1.20539952513e+160
0.40543520738
0.388059438101
3.00838983537
0.894721950274
0.663542347654
0.607539320822
4.13575626624
1.22108248201
5.68483584573e+013
14269738409.4
0.653571752182
0.357435659301
0.433945344825
0.524362897778
0.749412775183
0.971707737681
