0.29713984129
0.430564991728
0.492944247462
0.327534977205
0.252928530941
0.294483289248
0.379813115073
0.334702122231
0.408288805196
0.345863404218
0.408179851744
0.617443881923
0.420173042076
0.430286604017
0.456804440252
0.401744547745
0.310481291261
0.226706221464
0.23770572571
0.262078223703
0.402231163746
0.529556629278
0.430604245599
0.479549660822
0.534758189969
0.459878608865
0.435071712908
0.297050702609
0.376193178708
0.332830952355
0.343144324587
0.324326259241
0.33632394069
0.289061702254
0.433198616276
0.229179234911
0.291668027103
0.412847040528
0.553604387783
0.364652555177
0.35073869448
0.459940189735
0.324426432116
0.28958260556
0.246853673713
0.280332761351
0.385420009073
0.497176768713
0.499119658755
0.479636513587
0.376837740452
0.348086030343
0.257354042692
0.231712381513
0.384053702041
0.5417305605
0.597173119243
0.469966039764
0.496479937091
0.317334572282
0.245451094677
0.330206263772
0.268062243605
0.300890574986
0.392050135689
0.363797844328
0.448354034482
0.454227000647
0.416930683856
0.437410629732
0.448043782559
0.236487332085
0.437336217122
0.388892929816
0.368259135845
0.362017307724
0.418149169368
0.406417040881
0.384434318471
0.317889132121
0.276661088401
0.312955136412
0.34446812612
0.362686577264
0.468723630771
0.392029391343
0.40434483489
0.486501823304
0.3685353418
0.460712382818
0.379541985373
0.369962329921
0.339409780241
0.380174814083
0.338458110452
0.308181413332
0.303223965609
0.305371418454
0.317891064132
0.268244801387
