0.315081483351
0.461035450008
0.576276979419
0.563872582216
0.451327081284
0.333267465355
0.445590354521
0.403033401786
0.415620495709
0.449583769599
0.439169113614
0.428484983186
0.447802914104
0.403912777803
0.398390340459
0.453345977754
0.484017110542
0.511393861811
0.31425368424
0.287272670362
0.306178021229
0.344546018457
0.40910440107
0.398951298359
0.498506892266
0.404619506846
0.399116474089
0.33439698115
0.439424121659
0.412454936521
0.315298842363
0.457289503131
0.407669538969
0.424776720435
0.584785498854
0.731474559784
0.562306989215
0.598202362902
0.619826148321
0.596182853593
0.560588867301
0.569945702231
0.484226289314
0.486992966647
0.492288549074
0.520555567519
0.476904334567
0.45574420255
0.364727777189
0.346533132538
0.306622508532
0.42426895205
0.51388103515
0.565987650862
0.462547050233
0.473157361325
0.494571287762
0.373813746468
0.406968221719
0.439543281813
0.49731461798
0.50967844073
0.487953441433
0.488813934935
0.433696560186
0.439372582744
0.364592515521
0.411907593575
0.402242760803
0.476573774846
0.52332934898
0.512401319824
0.609300980184
0.524254040538
0.483665027168
0.499891198266
0.500141454568
0.555764442694
0.534811027015
0.571672482965
0.613177450278
0.538735875794
0.587125363718
0.488418537824
0.493850279702
0.612303329557
0.526545092539
0.563470798327
0.492549281313
0.501853226566
0.545739215136
0.519998725488
0.567209200395
0.527643952752
0.45789673606
0.515360471374
0.599210954609
0.533517563271
0.423292495281
0.430102371556
