0.315485818077
0.456540013438
0.595217913091
0.56739750337
0.387893552634
0.383697652074
0.36892361596
0.446390293823
0.403733749596
0.348813280631
0.384112649821
0.262045487407
0.324423287019
0.270174993995
0.369133717671
0.299003475716
0.370296310872
0.287142041972
0.367932376457
0.365699959205
0.315072583026
0.262969344006
0.27198050008
0.345602334884
0.305751442194
0.304977798831
0.319535283353
0.32023383932
0.343372074381
0.291512110524
0.262568060907
0.286723862676
0.324848935609
0.265291560784
0.260270153304
0.321216676202
0.272779037731
0.316339486709
0.278285651461
0.351346722649
0.458844378061
0.447650285219
0.383179013944
0.345778610773
0.297123163291
0.356919992033
0.364810772037
0.296691877011
0.325751212332
0.231265363793
0.279003344916
0.28372688975
0.397733487181
0.403600650821
0.390421809956
0.310501282601
0.285438012929
0.31853969643
0.430736223922
0.502505592984
0.397416799907
0.357727194221
0.314372181345
0.400188772131
0.325938033612
0.379450934621
0.286873563713
0.251567721549
0.415803939328
0.443523345443
0.305089179597
0.406340485694
0.436486063862
0.447413603678
0.390739148859
0.455162376857
0.39521801949
0.378354217474
0.466826509196
0.426585796241
0.439324310398
0.414396598237
0.372621526057
0.263408752995
0.229010501951
0.257523283309
0.285947568712
0.235153765154
0.262459895191
0.384553508773
0.357235453176
0.382634930898
0.404951267896
0.371584657842
0.431874273541
0.335112625377
0.485406145139
0.377174561832
0.391455971728
0.433731185527
