0.267507956204
0.496685003902
0.574601302218
0.37400524936
0.289300053443
0.326056224685
0.37729322899
0.357689133059
0.300020038509
0.464179003897
0.639713678548
0.451167741398
0.524171942393
0.524527800882
0.504194030172
0.411105892767
0.325713405336
0.414793764794
0.385384286614
0.44509736386
0.592902957693
0.465497819896
0.456658507664
0.381927173221
0.457342677092
0.468084334267
0.420727155719
0.474145029206
0.464915481953
0.425652334948
0.396569000243
0.412964706906
0.544944323805
0.42273548604
0.317196243389
0.266827543971
0.30140586245
0.366315721174
0.266334429559
0.404755887175
0.415281931934
0.550933006166
0.424394456098
0.408251137278
0.492368973811
0.380988497052
0.396915506771
0.348336106756
0.339610008617
0.374588141257
0.436069475073
0.435355401977
0.431843072221
0.433899396246
0.489572459282
0.489037088171
0.29916534291
0.260098283486
0.377976697591
0.393638061924
0.229175207313
0.260548256849
0.447846759016
0.550378226989
0.543606018858
0.59068977852
0.373016440294
0.482231341846
0.454338835259
0.442007915773
0.397519872281
0.28758873605
0.262173771954
0.290000783383
0.229940811005
0.230520791773
0.226695682762
0.268431691623
0.296537280656
0.411268211695
0.40455327734
0.402680529679
0.42811051966
0.387226653241
0.304456188688
0.231292403456
0.223670925983
0.237987854481
0.287360112526
0.305128585144
0.335734182042
0.305413797493
0.31432085372
0.266631165967
0.369883411551
0.355256488856
0.25981398662
0.328304607435
0.274434143359
0.269334784881
