0.849375967759
0.98
0.959787478973
0.921852121993
0.98
0.98
0.979093316639
0.98
0.973393261333
0.98
0.966757653259
0.88420713403
0.82277932999
0.609894957774
0.822475681056
0.98
0.952563397593
0.90982696132
0.917491692504
0.885394127116
0.831774918423
0.866552604801
0.909510835992
0.98
0.894381012443
0.965735259721
0.98
0.890043323589
0.962321887027
0.956490409804
0.919862701034
0.98
0.98
0.972311837834
0.98
0.958348781598
0.98
0.98
0.98
0.860077385574
0.972741109121
0.705783318253
0.919482412935
0.966459255015
0.900699288137
0.956370137339
0.242985152758
0.252050067624
0.826687739186
0.870999961776
0.927852366968
0.918755692913
0.978796164484
0.961616080797
0.98
0.974047339988
0.92520162587
0.98
0.98
0.977268000851
0.98
0.969080140677
0.957989132551
0.80385263334
0.872732218131
0.544448190594
0.744947478511
0.916359037926
0.972375970701
0.98
0.98
0.953008511858
0.98
0.973455542317
0.976710031131
0.979715175471
0.869470140473
0.890317403605
0.87891232389
0.663558990898
0.898425522589
0.98
0.98
0.971222726039
0.98
0.98
0.98
0.930458881771
0.98
0.961518315506
0.892597650039
0.882823978902
0.959712478174
0.899589808552
0.966317164831
0.98
0.98
0.98
0.959361580886
0.957050989508
