0.810262844646
0.753266525256
0.712881000838
0.725253184606
0.690242021371
0.679309937862
0.663971941548
0.665359164441
0.615138525535
0.704504424239
0.682141638625
0.687673458011
0.685989448611
0.641034186837
0.636389162636
0.630093637601
0.610763650703
0.603775919107
0.596813468929
0.568173245216
0.511653159149
0.514971150353
0.450183611387
0.451337259255
0.380249017917
0.366228297145
0.395981120907
0.416825719222
0.44547187741
0.461437582589
0.437859971549
0.455156213003
0.377393867146
0.372752138436
0.256465986292
0.259596860692
0.224854427977
0.235221465041
0.183251573206
0.420650937486
0.526460007901
0.496701771638
0.365831754345
0.297560801817
0.348557259318
0.309588282596
0.342884707684
0.32522903016
0.374730436845
0.376390448324
0.299128411345
0.208165236562
0.165982572718
0.198031359519
0.240485325267
0.3208594953
0.31218958939
0.319033943867
0.353310250273
0.34865423673
0.344839929556
0.554540795662
0.442377879442
0.434758549561
0.460143390488
0.518157842151
0.507250275421
0.491677569398
0.432712280863
0.500038695576
0.551262802966
0.561165214206
0.489356608776
0.549520135554
0.496844494319
0.467338679662
0.478196683144
0.505937588095
0.515028847297
0.488086335666
0.523406676551
0.498752507139
0.454935557278
0.496148632383
0.50255648526
0.503028057914
0.537125914633
0.570602922688
0.593762539384
0.595739452411
0.633561932429
0.63461410252
0.662938006482
0.653418836326
0.671811887625
0.688500339453
0.607687712268
0.641139003844
0.611480537126
0.560531326729
