19551023758.7
1.19792796654e+304
1.2135674259e+298
5.80102957322e+263
5.18678999232e+238
4.98203697377e+263
1.76255581975e+292
7.16404022649e+025
101268386.416
5.6534231938e+296
3.58610554707e+235
1.3809579048e+253
399419.585073
14.8833205181
18.1902289138
34.3955887179
37.2328420349
4.24081416517
4.24255452246
38.1719153296
63.0003095037
71.6427792199
12.0197584854
2029.14787219
23.6917006327
0.482161392136
0.461955017347
0.301532793423
0.530246839595
0.715017216611
0.554496788519
0.435920292331
0.590429976436
0.303817142545
0.251434171563
0.331578139804
0.389464320813
0.330906928041
0.434007285106
0.470242942211
0.455142086529
0.469612159531
0.444987397724
0.385768155955
0.48849536211
0.49440934289
0.364475061056
0.39842983783
0.487193277918
0.526786530236
0.510764523593
0.542859139104
0.502694783595
0.486176409629
0.423582958097
0.258432338967
0.344348533291
0.253506727484
0.322473435781
0.299983948513
0.410459884523
0.460470011484
0.362482732716
0.377626375414
0.577086966659
0.44601382423
0.441754917171
0.406963349951
0.52027453506
0.414714258726
0.425553593128
0.264122553267
0.352624565439
0.383536088061
0.503015192595
0.475814826033
0.406754846303
0.442397137423
0.385832193118
0.419395710542
0.467979520453
0.562965407874
0.453436249556
0.47326003013
0.492715928415
0.473594034671
0.469169434738
0.442955508744
0.408431074643
0.404798431667
0.439727681788
0.465567768941
0.549753717785
0.401287324048
0.305262129962
0.389815769607
0.419687877448
0.304904395366
0.410813686753
0.429103713216
