3.30780728008e+289
1.85588354101e+016
335526349454.0
91951.6911682
2.10073993959
2.00093617665
10.4554212816
23.4719215517
343.25120594
1091.12896448
5.7556808252
1.68415548654
8.88949561924
7.46288091013
0.619477948138
3.41245521742
53.1273879329
799.820014972
0.167150746577
0.249022195404
0.32905081546
0.282731935835
0.565327576899
0.386436289371
0.534395065961
0.386386831325
0.118198209223
0.489225760196
1.37855464363
0.303178875977
9.52141987001e+104
0.412739166837
0.731045117191
0.637172951379
0.452235308789
0.60469492402
0.439599105437
0.977505225972
2.39392641841
2.47718187529
3.34686129269
2.73398148458
4.05280377309
2.87191575784
3.32148570922
1.93173941318e+015
2.01084949173e+043
5.47313924826e+066
2.96353745179e+108
3.51351388175e+122
7.37794680961e+169
1.66937008988e+261
7.21098169469e+024
132261.304248
2.35912457719
4.61131946506
2.54257070117
0.134638375781
0.22775841603
1.84435863356
0.418770838563
0.144623930315
0.078772583647
0.193458754245
0.136407459078
0.108254228228
0.108443635113
1.7395003269e+054
0.0754496890984
0.03943371131
0.035568657863
0.00366439600148
5.19611933998e-006
1.84508895012e-009
3.85492850889e-012
3.22444148588e-017
3.55338790947e-028
0.0
0.0
0.0
0.0
0.0
0.0
0.0
0.0
0.0
0.0
0.0
0.0
0.0
0.0
0.0
0.0
0.0
0.0
0.0
0.0
0.0
0.0
0.0
