0.294862049624
0.382520343223
0.454484113189
0.478858698655
0.48902640632
0.498925805795
0.374451294468
0.368516107169
0.443881335833
0.42359874581
0.463399745486
0.532305621382
0.39008405844
0.316029175711
0.362368425758
0.343645110459
0.485457981171
0.456093252495
0.42461926746
0.467905181515
0.529583900443
0.437386523679
0.325171133953
0.365117018546
0.489718657916
0.324734079942
0.303934112978
0.366191187902
0.229958994456
0.293723788296
0.379630263147
0.356602102579
0.322993708094
0.435445568398
0.447637979539
0.312970064571
0.278255356884
0.468989766208
0.451697783792
0.380349541962
0.441040865563
0.459008767756
0.392317863352
0.38898250431
0.366614751034
0.548500728617
0.538780251943
0.445319360339
0.486692011621
0.38052363897
0.448360282189
0.433489682915
0.391547373449
0.451478926523
0.370002507798
0.324444886786
0.385169838694
0.47330923101
0.473392006211
0.383468167416
0.312394039284
0.467797860799
0.53650493539
0.470781375875
0.3239802684
0.528232714463
0.461181300915
0.385412652565
0.391383936917
0.311057908219
0.263009417326
0.502236580583
0.643026249944
0.497019948904
0.35703237975
0.49111150488
0.412791762601
0.456187672495
0.42347305068
0.410323733987
0.406314345555
0.313809368246
0.430134598236
0.530458532211
0.342454124414
0.459398019809
0.405246861329
0.394968499346
0.406744958504
0.358374753613
0.303014199903
0.427918837292
0.591350081018
0.588747677436
0.428256245529
0.393283303276
0.456236771413
0.473027611827
0.480121125197
0.464275542207
