0.25302408194
0.32157210154
0.429220011469
0.431341656082
0.325647221961
0.3342979812
0.377295028253
0.318417100726
0.313147969357
0.388284272679
0.358162954712
0.380395888681
0.384381854239
0.310394423599
0.272759380133
0.320297727616
0.334045719119
0.359979402392
0.408860112533
0.474525738368
0.376255952313
0.481264729005
0.453127763595
0.33492163487
0.460959474983
0.335792922595
0.352571164465
0.319587446344
0.392907727556
0.54133253533
0.436088819635
0.32108929874
0.363507735029
0.347762998134
0.440267465212
0.443248916246
0.437759821544
0.464888396664
0.420239322447
0.457903512924
0.459748882823
0.47361071263
0.303092066526
0.468286053079
0.345354942663
0.249141205204
0.226172325219
0.250637145493
0.286019627534
0.334665795405
0.272800461673
0.311089492083
0.333458932762
0.29337163893
0.256937308811
0.288891621885
0.23712457522
0.228464974473
0.281547934601
0.303140072445
0.287488362136
0.2735932012
0.353387943773
0.432507120637
0.467623366589
0.48654117439
0.575896445741
0.524728613076
0.486577494853
0.476070987124
0.410537181747
0.508020554201
0.494933638335
0.418350027958
0.410536756664
0.373971843543
0.485938804149
0.365588281969
0.375952774991
0.401237451585
0.363306182149
0.316175807225
0.274292961103
0.340457815592
0.329578992375
0.315351954405
0.382030342272
0.399540021136
0.41852150551
0.482193898442
0.437805437097
0.437418494622
0.466137259664
0.489254899569
0.510037964022
0.462394404419
0.434228234101
0.417213939581
0.35347502061
0.323426529622
