0.255927863179
0.293721795768
0.325133219458
0.439826557816
0.350221316578
0.386965602668
0.240520336978
0.291714491113
0.377110592379
0.473293588739
0.422037280232
0.386746679749
0.300715377606
0.44820181016
0.463986958563
0.36211964028
0.38551523529
0.326076589772
0.231052213441
0.295640404445
0.317194501118
0.427563956881
0.447744915882
0.458326347664
0.34328933909
0.394834996756
0.469394455136
0.45198638672
0.513406805929
0.410587384602
0.448523820324
0.374115612371
0.387537830194
0.368207538911
0.426667380077
0.368726096977
0.386562937155
0.409436167073
0.540874556846
0.418976387024
0.278382351288
0.350958251122
0.30322459313
0.228808652445
0.34589133174
0.388179684112
0.388528820162
0.437997151245
0.355917786773
0.378754125325
0.446334186977
0.435261460433
0.390263495272
0.315264488999
0.377929625451
0.247064828936
0.294583793873
0.354768970574
0.395332705162
0.455993962054
0.437238886954
0.26528259856
0.328739685349
0.294938740184
0.257719480896
0.337696165984
0.36541365002
0.298939793583
0.301106195612
0.214295968953
0.35066842325
0.600753160034
0.465886520205
0.354099764818
0.331439370138
0.381965028222
0.432514057542
0.464281754018
0.321613440733
0.249694248669
0.365520647418
0.343084389809
0.24397709565
0.291427512985
0.363971414041
0.293556571091
0.345578902061
0.420710054164
0.265161236902
0.311364798888
0.294308484604
0.311072909744
0.393796277739
0.333817938187
0.310558571784
0.251399648343
0.229957239737
0.460411989526
0.512683246572
0.452988749782
