0.261488907941
0.315567213345
0.387951558563
0.418808098927
0.385777422155
0.298922659973
0.317872535945
0.268411696549
0.323385491925
0.272211953365
0.339626481427
0.342975057458
0.519160502757
0.418134928067
0.518606972285
0.435571738612
0.391826683718
0.402037925974
0.398366283939
0.325998017959
0.367616102452
0.367431611261
0.285377254797
0.285849820831
0.361211488778
0.418552940071
0.395994761873
0.296657374352
0.300087455794
0.408133162575
0.325441790435
0.485983494557
0.600528370411
0.501742669552
0.45210362084
0.393345705976
0.34552580652
0.440681972637
0.581337377456
0.52612206517
0.481018415799
0.496950775293
0.415709137167
0.346196143592
0.439229563457
0.436337878451
0.374049598265
0.433994920656
0.447324097702
0.468423237774
0.438377241698
0.512127156281
0.43435207549
0.462278735164
0.341358848982
0.335869574202
0.382987587505
0.448814901616
0.52961441569
0.567026995417
0.483258021588
0.449966523813
0.532999557935
0.3800960906
0.359121016432
0.590084049462
0.440341341939
0.401174219948
0.470302387689
0.433289142239
0.438289669273
0.388233408469
0.407201813538
0.426402520699
0.300207824802
0.308508050111
0.456321385267
0.657734211692
0.456799248699
0.595612067799
0.484130072986
0.362771548439
0.33457039271
0.431970528475
0.505901713345
0.552250058925
0.453275914602
0.473874946312
0.41974725077
0.45795628673
0.39159284399
0.4265895477
0.449183528627
0.641920409184
0.50243233406
0.454278352092
0.370407102417
0.401273739017
0.370992657445
0.498817971762
