0.264077428035
0.358352398944
0.449806180978
0.441343494635
0.440077243512
0.261467471532
0.343065819255
0.493087205337
0.470994454585
0.572107262757
0.469599711516
0.399602771593
0.346364345927
0.363283250331
0.518074389484
0.481089619926
0.343870925388
0.436214799152
0.556491567458
0.470676549503
0.576428705984
0.559883976907
0.462589599581
0.48979767526
0.396184502659
0.411921370537
0.394576500809
0.471391913705
0.317018218444
0.29349611128
0.405183707737
0.457097235635
0.437122038233
0.480300325724
0.476036423473
0.536940050618
0.636250922514
0.599906277187
0.537847027775
0.481274802652
0.472554612584
0.450597775847
0.526803853531
0.48264215757
0.487779973654
0.476603785494
0.44862991588
0.535529910629
0.490019487946
0.454133731104
0.474376344172
0.503547258528
0.514022042774
0.427038384121
0.386691782064
0.393736949354
0.386006772257
0.328839353637
0.415035386152
0.544119833699
0.66655861867
0.527663386693
0.529664662924
0.553114776284
0.478025422183
0.420940647942
0.380351852905
0.411694301156
0.40551650451
0.413011911961
0.428313698355
0.472367801769
0.418961506452
0.394873966853
0.300304662488
0.297707158291
0.249979525174
0.326884912909
0.396644793226
0.576587267268
0.490213796352
0.559838117108
0.44987471111
0.495089709034
0.438781074781
0.374293861689
0.342754992318
0.233554674365
0.273327065117
0.354732866287
0.459803641751
0.425552637486
0.301278752132
0.259402244491
0.470582229533
0.475498481452
0.330677914594
0.388199311871
0.486017809194
0.466334776493
