0.246555520676
0.233992359894
0.268294075287
0.244587678317
0.23088173151
0.292142499714
0.254796254116
0.33694129966
0.431897757223
0.361032754288
0.325874722676
0.361321177543
0.295781257128
0.330869872328
0.387815746189
0.309769765362
0.332923631807
0.286856291528
0.279513092633
0.344187178411
0.279848827259
0.324837056615
0.226232207099
0.242062786926
0.444240943573
0.505038835084
0.559516809542
0.54248133326
0.462658288633
0.449969487421
0.429727437962
0.553750886574
0.56483299769
0.501800108396
0.395291850783
0.372545123286
0.341551533801
0.357480233752
0.259523271766
0.220359089562
0.327906157066
0.476827278313
0.43323905286
0.414472292466
0.396898483128
0.452564865165
0.499322396537
0.47250577252
0.487573346702
0.401139470415
0.384088102159
0.342995269725
0.468104619528
0.433745490523
0.450343522083
0.334806993345
0.284633667619
0.246087673905
0.418088407359
0.555015975004
0.581719001494
0.461771088642
0.490872538505
0.457923448463
0.406467651687
0.255985893338
0.265398103893
0.260939252878
0.263464213265
0.231050070787
0.281802239136
0.250143003942
0.383507450371
0.568488376528
0.467005274209
0.562607233923
0.473051058382
0.551370363159
0.44190580596
0.518976688898
0.33235745468
0.484713881654
0.516157027712
0.33592420287
0.224384122266
0.422568260533
0.553321567668
0.470468366965
0.435271514511
0.408026344176
0.303481130488
0.362219686839
0.384437511382
0.334648774618
0.270706719303
0.370608484067
0.363301963009
0.344390464449
0.371359075778
0.420164877728
