0.262441544688
0.33449082168
0.414640082039
0.410900290961
0.378893510284
0.221871042505
0.24009558663
0.354057906894
0.444849192523
0.463274926116
0.514868276264
0.48445196367
0.473215678293
0.491282212343
0.407867663619
0.471858426039
0.368128433564
0.459354996083
0.451645640487
0.392130864
0.337706119571
0.437339145661
0.384377394829
0.390411794182
0.399601914038
0.546409963636
0.405031408273
0.374485653592
0.399735613085
0.412140575908
0.428099975524
0.385552765667
0.551315045904
0.557091883511
0.458384693843
0.473419108452
0.450139260396
0.507697433011
0.565709144561
0.468869927235
0.415796321332
0.465456679205
0.46813265561
0.44554134842
0.447735790051
0.51778931335
0.435206277463
0.526111624644
0.461713674982
0.488117686098
0.532696858808
0.406984855255
0.622800075746
0.473580018848
0.422730373923
0.437393642417
0.44013846907
0.415347504054
0.518271816352
0.348594370532
0.387924808292
0.35354688961
0.394093470312
0.440297757641
0.467048569878
0.417868344986
0.406586857809
0.451469812269
0.484564658989
0.45554034868
0.457760348485
0.45039576787
0.464965262144
0.43895771246
0.437534919421
0.390826566195
0.424678155477
0.497086901169
0.459646848831
0.504443743951
0.504577154983
0.483236820678
0.479461556225
0.43397504614
0.525333536678
0.470663411279
0.517234050882
0.473091364743
0.586710055274
0.452168005776
0.49407578698
0.56930032986
0.436637722644
0.562975778906
0.450567613115
0.443136030699
0.521944667396
0.519241324259
0.477880426028
0.440842591446
