0.754356247589
0.970353873472
0.98
0.978494270338
0.98
0.98
0.879019157412
0.874198865583
0.870088773142
0.856089025125
0.850619693105
0.737206358308
0.887361476883
0.98
0.974175894102
0.98
0.98
0.98
0.975906748264
0.968000634037
0.972261730875
0.98
0.98
0.98
0.98
0.974542045029
0.976320730458
0.952699988787
0.929022041557
0.9595844245
0.909793671211
0.944133364993
0.973976832522
0.973657110959
0.963759269518
0.974407054704
0.95862068268
0.965398801901
0.975787334422
0.973407054704
0.975687318442
0.953694481094
0.967617631096
0.974542045029
0.974401461001
0.969277635174
0.98
0.98
0.950060976666
0.897994333972
0.85869261485
0.97207549064
0.954760880176
0.98
0.98
0.978956123421
0.970800704149
0.833208997015
0.960054201553
0.925810386579
0.978670634903
0.96786167765
0.79977262446
0.97464516817
0.970492034116
0.82831342644
0.920653907183
0.962382960923
0.98
0.889077846936
0.744998798441
0.770734306802
0.98
0.948692510639
0.98
0.98
0.98
0.979133184697
0.851748052442
0.806402739195
0.86550058486
0.917724443586
0.716594219558
0.958005251288
0.98
0.98
0.98
0.933536315848
0.808650436549
0.893556060908
0.955399031646
0.977865335971
0.806844999963
0.814170043569
0.828778733473
0.795115198879
0.95149341417
0.829752980692
0.812308351852
0.883789527102
