0.980230577123
0.930980413972
0.897410987408
0.910094560461
0.895215254576
0.873307096811
0.870461025324
0.855563214743
0.832765000251
0.828248924673
0.774552540872
0.782570098713
0.71959959019
0.778417427691
0.705078707163
0.666503781947
0.756954548665
0.714730445601
0.72174357181
0.707988233035
0.745390698313
0.759034100207
0.767855909362
0.739779478291
0.713491603669
0.643128692386
0.614637976201
0.671837064255
0.688150349232
0.666420114144
0.656269920877
0.69331173869
0.705260431562
0.681499072784
0.665204652175
0.676727442073
0.662474791903
0.634144661842
0.644335398274
0.638994906548
0.641853229645
0.644066478573
0.644078637075
0.630284279125
0.652333212246
0.647570342954
0.685640213404
0.693986813272
0.705505648994
0.718617242452
0.719270825768
0.71354151278
0.688385126724
0.701324029468
0.715465172887
0.712935556785
0.701779976229
0.720085134469
0.728276065683
0.709483926225
0.703942032182
0.710093908936
0.709482982859
0.726002081037
0.723105848264
0.706150875125
0.670901250002
0.665284810116
0.702355251816
0.70699418221
0.694527235606
0.706498571762
0.71497844018
0.705764974581
0.686857799546
0.713451689498
0.665190777327
0.668636911692
0.633839427655
0.655203367456
0.704829888728
0.686157798217
0.704619223335
0.729979087581
0.685960178169
0.714811808458
0.691982009606
0.711030137563
0.730940935988
0.715746119903
0.68014171672
0.671462162782
0.693764199303
0.69994930601
0.692631390783
0.68554777591
0.705024665786
0.698534329767
0.673727369557
0.678607707242
