0.979166489896
0.898212225234
0.873267152585
0.837270050643
0.828795379261
0.795248672553
0.769132605109
0.713347466849
0.689770369954
0.713624640741
0.690215755665
0.708455661838
0.653558831254
0.603687257893
0.608575699697
0.566362116473
0.632497992738
0.602605781761
0.560935775842
0.609424946933
0.566954114041
0.596542579373
0.643613074982
0.672247284518
0.666812670833
0.665512028625
0.689134209083
0.66525331701
0.71467104655
0.705864223509
0.704418408381
0.709027664244
0.719708661975
0.729763433011
0.742925332994
0.748428807446
0.748460059272
0.721682137263
0.703891171432
0.724374166261
0.738223270172
0.731213403157
0.73467439497
0.728772238786
0.729649704895
0.731556991498
0.737851128823
0.733299680221
0.700623528091
0.681299086424
0.697422756591
0.673046014386
0.645977237894
0.670247443333
0.641314387997
0.620054985445
0.626698620872
0.645366761822
0.669560082179
0.703400233475
0.712260071527
0.724243775794
0.721948422782
0.723941964668
0.748343220076
0.732098544318
0.73038129457
0.68804880494
0.689772986456
0.70410765451
0.702959327473
0.681644329542
0.690812539003
0.700204955262
0.687083467481
0.696960564619
0.678700388814
0.683029307872
0.687704256534
0.721054094638
0.716174547769
0.728196624218
0.733596055546
0.748525689341
0.761946715021
0.749395966917
0.764078871983
0.775673864437
0.783638568783
0.782474304504
0.770764188972
0.764403485167
0.754262816195
0.736683124677
0.755490878477
0.756255065175
0.766141434381
0.763682910363
0.757923589125
0.768800184956
