0.980095631774
0.886462633001
0.843347267304
0.829057247631
0.794406089787
0.787530863096
0.821406100057
0.802471469295
0.761798144334
0.752238840828
0.775853167964
0.769670270152
0.769981540543
0.777569199558
0.7741415054
0.77496557119
0.771878627548
0.760623098053
0.756418124824
0.757826868729
0.752247223917
0.745796269102
0.719329808277
0.705286137693
0.720885440219
0.728340407333
0.746981249341
0.722109548574
0.714503088682
0.662625292325
0.686816550903
0.686196402762
0.726639730015
0.716776666188
0.719897459429
0.722317489091
0.721898473809
0.720410526658
0.697635473276
0.698549319167
0.709302894572
0.69679124287
0.708679770468
0.711514113454
0.720355308787
0.668917947168
0.672852503355
0.677537965371
0.663232551202
0.649148225975
0.646635911089
0.63959201261
0.617245531618
0.606483077634
0.593818352612
0.589289848563
0.612116722759
0.616746789526
0.618824610594
0.638121073265
0.666226768954
0.635640008437
0.679849321192
0.692400645729
0.659395430206
0.648258878799
0.625757269135
0.604844785953
0.614914240424
0.622727179058
0.640484368318
0.62462285173
0.618260750709
0.592477318219
0.587624141791
0.597669608012
0.600475310815
0.597061760024
0.603779996902
0.588225363095
0.59245711376
0.603632877912
0.621125924264
0.600095641524
0.624700067982
0.610416169482
0.584986322032
0.618003110296
0.61236265241
0.615506019106
0.621807384678
0.63172293082
0.639940070053
0.654739712036
0.672432948408
0.692803455564
0.69774412136
0.696875196587
0.704944195662
0.682479889815
