0.976649189108
0.916512375395
0.871336237095
0.865588853618
0.866309688128
0.861158469059
0.853145828754
0.846940345316
0.841199062381
0.845950531856
0.853877345212
0.848600613957
0.847396129834
0.846579377071
0.830343278844
0.841775754267
0.844773805072
0.846415661969
0.846268900891
0.83092637801
0.812583322858
0.803811335727
0.828295960425
0.833973885607
0.834015246432
0.799200001624
0.814430228868
0.808755608189
0.799796948323
0.818554488
0.79246120901
0.772870915596
0.748018363515
0.721557646713
0.671414156976
0.647577131676
0.664148174405
0.680145114064
0.658906614168
0.661156302935
0.645000676278
0.652437181982
0.659418708252
0.649391398346
0.677223494768
0.679510310671
0.692005329401
0.675020881418
0.679760434372
0.689072022441
0.701189160385
0.681916572163
0.709095066546
0.69951620952
0.692673719816
0.710124876293
0.680065595637
0.659093024574
0.67225783204
0.684019641103
0.6754534478
0.680674303989
0.694572602552
0.69835286755
0.708149388694
0.711761175197
0.695076753802
0.725351036279
0.719283286702
0.710459845533
0.707469887179
0.675138136029
0.679766558843
0.660619681915
0.667377613323
0.675341851133
0.655730829687
0.6590281086
0.655084714969
0.651238218324
0.670284248911
0.687341606904
0.692476052344
0.707995127315
0.71390693391
0.709185427807
0.719974803481
0.719919449687
0.717154110681
0.713414966575
0.727665430527
0.724012903766
0.716445198138
0.71532272684
0.70926952607
0.703063785787
0.677724577677
0.690331519859
0.683821217194
0.636808417939
