0.978669302594
0.905805075453
0.882294543805
0.847287469514
0.812407010949
0.830515230067
0.847904853904
0.849221680762
0.852985077637
0.837240446611
0.839517190104
0.794256253526
0.766723481263
0.732848165881
0.768367805885
0.806121660637
0.809504851614
0.8031179926
0.787655952879
0.764186212465
0.763023085899
0.752150747053
0.711864936122
0.678633407571
0.732348744738
0.690964084749
0.66662632712
0.664259047707
0.66566128969
0.651858914789
0.631118314289
0.615683127545
0.621310468339
0.623113074273
0.636486797366
0.566391493912
0.534458057384
0.512831447942
0.581651896168
0.57404717107
0.564843619377
0.596816025923
0.591344897893
0.58434632077
0.608168016628
0.643586382911
0.662397360475
0.67978519352
0.668042460401
0.673177937062
0.661920707391
0.630608883277
0.656232372432
0.655389500996
0.653359997533
0.612003752948
0.633120411296
0.66408337607
0.648531574775
0.649341986101
0.649172429049
0.652358693437
0.684615468164
0.713846981759
0.68945054892
0.684351144617
0.679970372301
0.693145454168
0.708826827316
0.696108329112
0.710497032869
0.715180429186
0.70682782245
0.694327985942
0.709265439856
0.711701702297
0.682770468103
0.697657989414
0.688939481103
0.684332424916
0.701981493181
0.690610527329
0.658468142406
0.653155822543
0.682282144066
0.68917257302
0.688453545816
0.671258752394
0.67700673955
0.678234774479
0.689589909719
0.682144835435
0.673637022942
0.663637563649
0.675090262828
0.663029978952
0.657602912354
0.681546328083
0.687292152674
0.659329628044
