3.87768261838e+301
1.90329460781e+035
5.08617873746e+020
7.33851646216e+027
9.18894479843e+100
1.04695574e+253
9.35583173045e+262
1.83068923083e+253
1.14957275031e+288
4.2709715501e+061
6.60208522547e+013
4.04170906759
0.426098715998
63.9419065436
21.0123277254
8.2564774574
1.07985739234e+052
8.80232002413
2.66482494396
0.954730728685
1.9942585396
0.517548991967
0.726916610619
0.213469193106
0.267198056964
3.08492193024e+020
6.91970023506e+045
0.524336839155
22.1469829184
0.352522300199
0.896142331273
9.76590210969
0.293359711886
0.259690012632
0.520156231278
0.157785573878
3.15551530104
0.173954333566
223.652774663
1.11245794187e+020
7.3819714316e+097
0.146999646746
0.163447848887
3.56713732278
38.4577486076
0.502943260687
1.44817036216
0.215037402569
0.154055325259
1.6484197009
0.186604037516
0.17066503562
0.0903089836822
0.760111286207
0.592966919325
0.509935335135
0.34436921496
0.950720327122
0.523283529542
2.76222254332
133.21062503
0.244654760033
0.264430520266
0.341134159414
0.485893989919
0.228272566622
0.422751775799
1.59617564667
0.265138573276
0.175780513901
0.455083946948
0.419836879702
0.167504567834
10.0642602011
0.323620165536
0.253598549828
10.4703111819
0.339888036294
303.17112744
0.340016091034
0.430466545163
0.302255979366
0.327905007957
0.754645980784
0.770047737332
0.43530838322
0.404238269709
0.884767349673
0.471477232962
5.04601941725e+025
0.695893750721
0.387731550341
0.654265992617
0.276460253111
0.196248013085
1.66130762889
229.660864431
0.70356266652
0.810407092259
547.838115601
