3.83879266324
4.46325113023
4.33457695118
4.08075008501
3.69722920828
4.11454473522
4.35029441171
4.7505213079
4.42385378177
4.31778347076
4.26837822201
4.93176481169
4.77505256634
5.33641593802
5.02610260165
4.68724644381
4.87440015636
4.64166858263
4.66619386298
4.31050337376
4.71386408369
4.86782515724
4.88172178961
4.64419354519
5.0956883783
4.36914580749
4.90236550997
4.89679317154
4.80156062123
4.42080466548
4.38092144854
4.91677594373
4.54810871466
4.90702305021
4.72402254459
5.16141600097
5.46365756574
5.15194579684
5.33578566171
5.27770316879
4.93062804699
4.99365855875
4.77905590366
5.31310871462
4.57851556948
5.05596167447
4.72631361125
5.00597063347
5.15403496578
5.13841536268
5.20443163681
4.79843708216
4.84889548311
5.08866844732
5.24022095651
5.17664039939
5.22106666164
5.49167005437
4.78297868183
5.01655035426
4.61435396919
4.6953796193
4.56098511716
5.12759904399
5.43693784589
5.41849718287
4.92053646703
5.22388011558
4.50603987824
4.42038729651
4.75544572953
4.84581767976
5.09139573468
5.13987924453
4.46143652454
4.51168710269
4.62037915324
5.02013561656
5.4724712605
4.62941434355
4.16195483449
4.40147369888
4.32790900387
4.87463379916
5.06866608553
4.6872786185
4.23470982864
4.69156412898
4.75020309139
4.59164214646
5.20768482143
4.31625158641
4.56020480547
4.97685164022
5.16746820683
4.42627786753
4.3204547998
5.1034734356
4.7736967929
4.6701537098
