3.71776082268
4.14139886062
4.62388960774
4.48465333729
4.38982106885
3.9063568037
4.27465311232
4.58830761648
4.22879274777
4.34050609255
4.07398979141
4.59689246056
4.79212859939
4.83797171885
4.68333994277
3.81981017588
4.85687317695
4.65465653783
4.30686123646
4.36179094597
4.71400348144
4.56318530202
4.20365257968
4.58636179242
4.56764153738
4.57861971432
4.55670284072
4.35381137782
4.72084986977
4.76905074244
4.45753539595
4.77177704271
5.08008486542
4.67877773433
4.60075821951
4.65547589541
4.72586155392
4.96676225815
4.52208868645
4.72868689594
4.41813476744
4.98609517429
4.90915569485
4.18564530535
4.4297924852
4.75883544549
4.56050428949
4.87774771287
4.57202697926
4.85687518934
4.91376140561
4.15264316726
4.1688124441
4.79924061662
4.79758896772
4.91104642724
4.90121305868
4.30470018762
4.67893080552
3.90725628633
4.50291171989
4.9399411855
4.56767225379
4.9951487027
4.54474754632
4.42225473748
4.43663703092
4.42140493108
4.6551983694
5.07352756704
4.65878695497
4.62261597853
4.27298339805
4.60024247411
4.21462646934
4.7077551842
4.53501585346
4.59012955802
4.41228204983
4.54177462541
4.25025373406
3.85833105204
4.21742591636
4.48495217069
4.33320310242
4.26509962366
4.14386991236
4.4306931657
4.97827955634
3.71396758496
3.81930272767
4.55722764498
4.57223111163
4.30965039096
4.5872823744
3.9451717588
4.1103185045
4.48226369888
4.45400430849
4.77518327587
