4.6407183363
5.33215568572
5.26077875657
5.33264638659
5.42608440654
5.26856295786
4.80896544202
5.31990704615
5.43836858348
5.59236476098
5.39370376493
5.29886099868
5.60593301616
4.91457788015
4.31251140245
5.32400814297
5.28760720679
5.64718226748
5.08102306111
4.51527825964
4.79872996407
5.08590328034
5.29155405609
5.23143457685
4.95675545167
5.12982589388
5.23182271005
4.96670769687
4.54846472864
5.4975666179
5.67980999357
5.71650979031
4.97563461314
5.14998356864
4.97528898033
5.18629846527
5.75637418903
5.45519995314
5.27899218905
4.93876648398
5.34168843449
5.4173485078
5.17878086209
4.99812008558
5.58465796872
4.9361978829
4.68199753734
5.23755913181
5.62059412523
5.42975723506
5.00052948941
5.04840740312
4.95868553757
5.19118628103
5.00758553737
5.02946060787
5.44465438604
5.29216859486
5.47870019036
5.62887954856
4.86131405805
5.25143609218
5.29059421525
5.26677268016
5.40774910467
5.05598392163
5.54557163385
5.20254923162
5.4240732161
5.39750972635
5.52988975525
5.0789265563
5.07961982539
5.21306882908
5.14104166096
5.35206360514
5.57888805572
5.09342642
4.8747477175
5.2897081319
4.84105749299
5.11544668998
4.75761093139
5.06359684962
5.35407664093
5.349151481
5.2735317497
5.09974567112
5.69163231429
5.14708710935
5.21870009874
4.92095757971
4.79147953108
4.76069254445
4.72556124749
5.23883413668
5.01101078872
5.48655179416
5.08478806773
4.5003431729
