3.53138051439
4.13866810093
4.26011295927
3.85585002836
3.57031555701
4.25619540509
3.69663471831
3.81958355686
3.85279881889
3.55558965798
3.08235400127
3.69276874235
4.28953779065
3.75316350681
4.06201013675
4.23572008666
3.57951207304
4.40626300178
4.31119570179
4.51282782978
4.32179138537
4.49581012238
3.83693473525
3.95836865343
3.63058544814
3.90834951196
3.8849934036
3.94572123645
4.42099828909
4.81153557472
4.03115364602
4.29635723923
4.72640017986
4.06804526298
3.80538468122
3.49968992055
4.3161458196
4.45974597987
4.22731525937
4.22650288533
4.20790670579
3.86577771591
3.58068052773
4.06007341776
4.25796200009
4.55469861746
4.55681117124
4.18189427595
4.34450979122
3.64110190969
3.76093333411
4.45541904088
4.97443913987
4.86101932529
5.02621432441
4.31460687789
4.54464798534
4.12121952844
5.035437161
5.14226157626
5.42718301744
4.99775416152
4.97497546527
4.7073648575
4.80923341791
4.26589030013
5.08564446726
4.92884540522
4.68306505207
4.57071875816
5.28989095033
5.36011202541
4.80417988397
4.71606120306
5.01665974977
4.92793142584
5.59320820569
4.37345333963
4.21552774935
4.92260891603
4.71585228872
4.99003845043
4.70835226098
4.34285568782
4.66345265335
4.08143508925
5.09630606962
4.9038819853
4.88664227392
4.98856841365
5.19337216723
5.32306170506
4.9340311186
4.96418769207
5.14258609949
3.87481910287
3.97115207967
4.55362967453
5.10737723713
4.90137847262
