3.12250631908
4.06580093362
3.9734427015
3.96617958651
4.02314175973
3.40973232236
3.7757109971
3.96160371664
3.93299978357
4.01017199302
4.0861288106
3.75491596862
4.08193057367
3.43274597653
3.76342796841
3.85086124438
3.80732106751
3.93079068291
4.05195033272
3.93666849132
4.22021913437
3.54430239722
3.79476163951
4.09171808794
4.33010801884
4.66544122667
4.13691641066
3.92977791831
3.92110429788
3.98719770081
3.97125496838
3.42892329219
3.88806447163
3.98076475864
4.26672904523
4.19124813738
4.16561332213
3.99780708862
4.05019658659
3.86567795322
4.65843396548
4.17080470562
4.18768582214
4.14587882975
4.46772144934
3.82370020213
4.4358698553
4.14176048275
4.27295845742
4.18089037503
4.5896120437
3.87704540241
3.95632537816
4.22394922089
4.02676938158
4.0911666093
3.67514479618
3.79928771183
4.30145777362
4.26011577391
4.15994516163
4.45107277612
4.39470741498
4.12156109315
4.05929772634
4.06794494985
4.27146892965
3.82355261395
4.43699619354
3.41827173085
3.93317404531
4.34833243676
4.31257265886
4.20207848837
3.93998060897
3.31308641358
4.15898486968
3.55901559971
3.79357834682
4.01706303417
4.12379778274
4.22418542444
4.30884570155
4.06475540168
3.88375149536
3.99942129751
3.93940633306
4.08123455848
4.31712479417
4.38645335325
4.08052554911
3.92499705427
3.79690114344
3.69300230975
3.88101413091
4.33615079965
3.99460674748
4.19372553955
4.19178047434
3.84025377727
