3.45325383759
4.5227678476
4.32513210375
4.49028887101
4.7941783004
4.54563285102
3.98145347159
4.11743588788
4.33218635935
4.30670595099
3.85559711143
4.31829311142
4.69810260862
4.61797518947
4.42802409172
4.06996158135
4.29693199692
4.47739755345
3.97316844634
4.32105078411
4.49196332771
4.06063672738
4.21491258764
4.18938929279
4.42007222656
4.27100656722
4.34740939954
4.16776873412
4.26216353312
3.64839918416
4.284432922
4.75120112026
4.72730959381
4.51902965071
4.26613469388
4.26996685282
3.68717046286
3.91026806036
4.69613730331
4.57697727602
4.50466069042
4.56783009213
4.10316679682
4.0397260826
4.77798328198
4.66676787753
4.66568050426
4.8059891461
4.5627398678
4.78602450059
4.61384262591
4.74799144988
4.91076260596
4.29946967509
5.18431427118
4.29152915351
4.62404381048
3.82707421695
4.0074594863
4.67905424406
4.68998400203
4.34207411629
4.35441839092
4.9451934279
4.43635771962
4.69916320961
4.90148044028
4.75792105961
4.5854075694
4.57602546444
4.6416032906
4.52894107201
3.88040624051
4.65822480554
4.46500343144
4.55975742706
4.72949724577
4.75706044437
4.72908297013
4.60753756387
4.39866561129
3.89462124929
4.58092091372
4.58477233096
4.81664809993
4.2603521329
4.31661294357
4.23124341796
4.50423858613
4.52182757459
4.26796651423
4.29590272322
4.17285162524
4.25551753993
4.66443266386
4.27290802907
4.81286073305
4.96580302579
4.65753939215
4.78218652546
