0.310063155764
0.440325096308
0.562645992785
0.490104440181
0.489854622814
0.512170363707
0.499107560832
0.463085619839
0.493993742904
0.49050680296
0.541947281321
0.495897669038
0.561515500057
0.463500726883
0.51918399741
0.522716157194
0.491520770634
0.411793513579
0.478618093953
0.605694802827
0.487198099681
0.587863943812
0.649384678799
0.526605734827
0.470971327818
0.519685090804
0.508546135156
0.609107156734
0.598822499622
0.678943706776
0.582207924706
0.63035335787
0.519107968493
0.594980296001
0.531016225521
0.379590461134
0.406284296195
0.574988334274
0.616446613374
0.600541017359
0.597705301628
0.548594041265
0.50895804358
0.535747664965
0.610394772707
0.571483665262
0.574182133916
0.610456763523
0.541311119403
0.652017550378
0.571242178115
0.61695500927
0.562244957401
0.604604803565
0.547502180626
0.561057147574
0.509038012827
0.408243449097
0.484300202435
0.464596414204
0.482845682656
0.496129481194
0.571190573642
0.336717048672
0.504833962999
0.432214351133
0.551232760785
0.658946296192
0.549878517288
0.611117481816
0.453809618773
0.598186937119
0.571028622267
0.619423013761
0.695929319055
0.697329408364
0.600552251788
0.558285523839
0.654861544184
0.708408596331
0.52175307596
0.548195285382
0.603972467127
0.538826788819
0.573666770075
0.549846642115
0.602326107675
0.423828847978
0.44583896643
0.579572942973
0.611326388166
0.63658948506
0.593897654902
0.595761114109
0.637300252741
0.594698343442
0.530274890127
0.50501399826
0.37390561955
0.598005124571
