0.331608954759
0.46505456235
0.534889555765
0.580377871019
0.498680929571
0.549338455012
0.554376001405
0.660223154178
0.652092281957
0.676337541288
0.524439796486
0.568327185391
0.550480768976
0.535904374873
0.549109844227
0.530591092897
0.420718353794
0.441397603442
0.403481604766
0.45382880346
0.445399322175
0.49315598023
0.459729356903
0.535004242233
0.511478485296
0.559034244599
0.597460069951
0.571171484027
0.630438063149
0.482272617683
0.634194800648
0.496982469966
0.637173408724
0.568156747706
0.623395317341
0.615082232146
0.480447459436
0.653705272603
0.634260957388
0.624281872502
0.643395068364
0.500804640182
0.506119486879
0.459125796372
0.406275064066
0.615279650816
0.622309681259
0.544474578551
0.583199833371
0.459626050419
0.551922028346
0.643745092405
0.677944875703
0.532217463198
0.507573174348
0.498747896062
0.53441851217
0.460111227668
0.577512707713
0.586500842571
0.596737027719
0.71632439758
0.680410166309
0.671273494115
0.55113556154
0.561998393138
0.413188387295
0.49337482592
0.542779040497
0.580339842286
0.468687093188
0.537255366984
0.541596945894
0.488148055103
0.532755814852
0.400885796781
0.476677441622
0.558919956486
0.499809159013
0.642905477188
0.593165052576
0.514752868174
0.570183513072
0.461079702833
0.439571530445
0.431698238921
0.423843980398
0.481209806142
0.415220808505
0.39222942619
0.432534184812
0.418111625345
0.459304947044
0.417408839416
0.487913316906
0.608791475209
0.678863865669
0.627839860991
0.467543433049
0.415004400455
