0.397915071356
0.73489513937
0.817848592581
0.875634485011
0.741829737826
0.767150331657
0.747066873351
0.571270921997
0.670891427299
0.846773113343
0.746987038709
0.770822565019
0.552239209736
0.491051879706
0.414236932837
0.532194634031
0.675570021149
0.564724646195
0.527473339556
0.550707863246
0.578536743038
0.689534884985
0.661069937723
0.666942981291
0.595007577524
0.588213104182
0.692666195166
0.68663901817
0.713032056787
0.586287903336
0.517862645207
0.550577427088
0.678895948104
0.607742249474
0.515354267604
0.547877637282
0.768694461134
0.853970661772
0.675919050162
0.620645420178
0.63636693333
0.667114962125
0.79053197851
0.80722733536
0.80012692007
0.681063699875
0.516085279703
0.464397892028
0.811148475196
0.796317587772
0.802243718108
0.635155742519
0.611395614934
0.679329987197
0.737127699631
0.607542721434
0.758403460286
0.703664901623
0.65197212211
0.666959098634
0.61779497172
0.681295977353
0.545015272729
0.44133806689
0.569107400362
0.611384307444
0.54723898296
0.665966318053
0.709737104573
0.703920043436
0.563884078728
0.529758216537
0.505543244678
0.468155047474
0.321107540763
0.349987710264
0.307589745808
0.18961188594
0.562855116511
0.556261613948
0.757191825983
0.753345241076
0.712026594979
0.520395612761
0.45408289411
0.490612859834
0.595037589208
0.56903967765
0.481484205382
0.566918319045
0.689728397743
0.718145023973
0.748425439961
0.6825296594
0.620384249394
0.625739415382
0.587395556427
0.705927808695
0.670194687787
0.611282897738
