0.295387665651
0.623826053067
0.602681646743
0.535914153002
0.500667200846
0.417839394374
0.615681018853
0.561651111766
0.616231082504
0.785164812763
0.706385323779
0.714689038115
0.807854962738
0.67765701841
0.626673762154
0.711433156936
0.548187514267
0.621815917192
0.601354018848
0.544944286499
0.482617431168
0.690304231562
0.599733668429
0.608501274453
0.725452302366
0.633856749364
0.533754447668
0.530268882104
0.579583954555
0.643551312288
0.601351635145
0.704567028453
0.737990285578
0.622826533699
0.685682578229
0.669202185382
0.49128397704
0.678156107463
0.724734654109
0.630358784807
0.628541549829
0.795043279926
0.715250662702
0.729392919603
0.705597257533
0.71969200727
0.678530935814
0.783875914862
0.730321431716
0.647236851432
0.712666309461
0.793901605807
0.817742521641
0.727337669258
0.589825608294
0.629584214933
0.700045015171
0.515257467305
0.624949431731
0.685522543216
0.716332608978
0.628963038128
0.637861630914
0.612502668437
0.699396247528
0.769022907342
0.798946639228
0.73903011325
0.734681659807
0.680740086765
0.723388466822
0.669272223868
0.666394221473
0.582083667988
0.629909223582
0.718651974028
0.732253074818
0.771442646395
0.692738029106
0.7263475385
0.717520147452
0.665081369026
0.482760931749
0.724413265997
0.66522341006
0.560080460076
0.729217185123
0.711867447705
0.843992868086
0.695073201801
0.599873024032
0.786307771248
0.759487160383
0.788922373158
0.694976449847
0.721261983496
0.811498357709
0.707947989711
0.653347603003
0.74719248509
