0.309642611717
0.643085685792
0.766573490068
0.613450403388
0.584068741387
0.635940447149
0.661659059072
0.728365161011
0.660032118842
0.692348482588
0.81953496038
0.747391095914
0.648427405669
0.611372634601
0.671661702682
0.680798595643
0.633735893395
0.560258679595
0.420113751808
0.467293465005
0.298763349053
0.442382193549
0.723999529799
0.706415794203
0.603757065628
0.587763969509
0.71051174181
0.577365000562
0.551172276534
0.504155197679
0.515865637162
0.580558976866
0.609178363191
0.47086829205
0.63748876929
0.415573442416
0.630714104047
0.674919379182
0.702383187219
0.57003069708
0.629578366144
0.595790300758
0.58694395928
0.47072365105
0.396893723412
0.430262645472
0.598260136962
0.613455804768
0.593500027368
0.680456603018
0.70137060529
0.656072769311
0.632778869168
0.588983901193
0.517525165816
0.509185411028
0.698177610901
0.777236137129
0.616951565626
0.678885145666
0.635997740801
0.57681204188
0.606117969882
0.758410951728
0.770071079273
0.688264386678
0.772618271236
0.793886156255
0.721886399149
0.607984870993
0.781617389616
0.720863146011
0.727409121148
0.611214704569
0.537283821258
0.607131922034
0.630799337479
0.538268544633
0.716484965184
0.680148559627
0.698362663744
0.609923627998
0.476933813787
0.356572943411
0.563750952499
0.499349387598
0.381674634504
0.610830421045
0.746461621228
0.802440759976
0.742463976473
0.708178161386
0.632983307245
0.632834776921
0.553233432498
0.569401362265
0.540617215803
0.536806514948
0.523817526302
0.629005459825
