0.33561260787
0.622678937398
0.807492505549
0.751123102772
0.660582424811
0.708921228424
0.622187046802
0.695962414247
0.695381352565
0.742284769995
0.717386958818
0.673751180052
0.639840091074
0.729359132906
0.766663880276
0.706098375471
0.684763276441
0.655332838795
0.704087852712
0.684924256304
0.523190493785
0.549626319608
0.688410053876
0.699435091815
0.783883373845
0.756247023335
0.765989486302
0.772222857347
0.835802306215
0.75564017827
0.810534940009
0.781080436348
0.714021324064
0.6634131353
0.708112721059
0.736464668446
0.615222202008
0.719550933025
0.596518595029
0.534018195525
0.697837875837
0.715911803339
0.780104861385
0.735713138745
0.67330361523
0.721289650962
0.697370864031
0.656237356826
0.623617587227
0.615734283435
0.620782766675
0.565390836288
0.335259317121
0.496381099444
0.656421659072
0.587351961126
0.695324228624
0.564435576394
0.468048943835
0.502797074218
0.563887519005
0.721128026388
0.613312634681
0.558792110511
0.583276615602
0.590519738015
0.631884963452
0.752052927708
0.641830852408
0.656099296698
0.533546794755
0.52872102011
0.528275576921
0.530275732765
0.588930205832
0.746587157408
0.694131102143
0.763631258473
0.740164846542
0.708245570425
0.559484396583
0.581774325051
0.747628371278
0.764660895232
0.681511917028
0.630197285838
0.752967749872
0.550662757737
0.683893821757
0.799163037425
0.685450896261
0.565066656756
0.478852684125
0.676402365519
0.731036087942
0.624066181632
0.641489168941
0.690241261029
0.506989861133
0.452560185542
