0.360200683228
0.693215902967
0.730083777157
0.819743338135
0.703482962978
0.775821432095
0.683893845728
0.815505933713
0.766967479415
0.710872488769
0.665011383724
0.50496420882
0.411313938452
0.73591630754
0.618073821417
0.834958894275
0.816763444231
0.759530571755
0.743763879948
0.742094269218
0.722298756786
0.6612207689
0.678964423244
0.596956974863
0.655432035465
0.808205685461
0.786298665608
0.711722411215
0.655411558868
0.573508661844
0.524115430796
0.593523561185
0.592925157872
0.549331934992
0.554749118483
0.376155379132
0.463715329427
0.61052886094
0.580009241295
0.662090231128
0.678600425028
0.67907016517
0.575817942934
0.622941401795
0.669324948327
0.687908575495
0.763007479729
0.813748735249
0.677321600844
0.702052293148
0.5395112076
0.727849453883
0.712480754486
0.705824342865
0.644546627403
0.714013224262
0.651985793088
0.698353596342
0.707143409132
0.63306627298
0.584966366346
0.647779959054
0.762345163875
0.729904030323
0.76944368976
0.731423151862
0.62733527409
0.720138875607
0.656306513726
0.628990064973
0.558038979789
0.488065714688
0.538333583131
0.539377895086
0.566199327808
0.553045785049
0.46977739812
0.541630238511
0.585659516321
0.483363248111
0.452146595452
0.586175874066
0.519144692181
0.659236324483
0.670200297501
0.696979862359
0.586613679669
0.64371722457
0.582310174257
0.484962419489
0.577027163857
0.694976560503
0.644156140428
0.630240934335
0.682471411116
0.698603610947
0.764582919561
0.67122302835
0.676707457972
0.692996915662
