0.347873833122
0.744786003416
0.876199419298
0.770710363837
0.716232619259
0.714380267616
0.549693658799
0.838071468308
0.609099667328
0.339345667438
0.708011309645
0.660212846387
0.665149490656
0.548918827821
0.574967430204
0.510230205382
0.638815646584
0.717478802859
0.666176345834
0.563389694437
0.637923433753
0.620049259709
0.695213523618
0.538145809092
0.567663769901
0.536625395121
0.688218421263
0.573070061107
0.451926059739
0.503544321985
0.613083366116
0.614032620701
0.664773379375
0.598623546841
0.709702421168
0.66475461463
0.710057926414
0.828140312601
0.782805590316
0.694870632649
0.655391712182
0.458017380445
0.331546034661
0.52168346769
0.568427773885
0.635831361592
0.698343048888
0.608254792752
0.641880050045
0.689288911478
0.642771677888
0.685821509695
0.483481577071
0.436104028593
0.540792378562
0.590392127445
0.58639114603
0.556093371518
0.632256901288
0.548004603892
0.828092482608
0.832947382117
0.741336761393
0.591131506673
0.640695609834
0.730826708651
0.668527973783
0.745588376113
0.767634745682
0.632094221532
0.627984578759
0.680254967164
0.755477894414
0.783914626658
0.718392127863
0.703536363201
0.703271707787
0.787027085642
0.667635597285
0.621665280173
0.671708595716
0.676912448216
0.585813074963
0.444787523059
0.596870442258
0.656379370124
0.564890828366
0.616549969679
0.581810335275
0.485477513768
0.398603048303
0.622436679822
0.668737284375
0.63270883926
0.750193077897
0.619118553516
0.746474688951
0.579510033347
0.529160893191
0.622014681327
