0.405847338383
0.770374507714
0.864241533783
0.774383636331
0.780685000432
0.798852297162
0.736317293035
0.699429070029
0.750141243977
0.69785349709
0.73196297574
0.753443279168
0.787423050665
0.577163737069
0.535052541687
0.545490003494
0.403271955723
0.267666711071
0.352596882673
0.492029916608
0.49119958655
0.442939339513
0.439188394109
0.557189705497
0.714870540194
0.429226752827
0.581420981667
0.678590861975
0.793655583203
0.724098529638
0.624408677819
0.752323232251
0.721946402185
0.566892654724
0.512127385069
0.711426426141
0.603868612078
0.637306308769
0.734962514993
0.711085820483
0.717752519395
0.710684434627
0.59597072395
0.624345836586
0.512827884206
0.579211656921
0.716924653044
0.700030822497
0.787129024114
0.708751385443
0.761260936372
0.777104507172
0.780963610136
0.76836085767
0.727049931574
0.816493108532
0.808708017437
0.759937261837
0.729409174681
0.767043750931
0.739422606975
0.78972748256
0.809797021327
0.730167970024
0.706706573042
0.735233932724
0.817356693246
0.771533208012
0.762622162739
0.775429852111
0.702356709959
0.723689443914
0.616239420171
0.665691574492
0.648229974667
0.596463991488
0.579406673996
0.734006944995
0.736193261556
0.635061759349
0.515394788024
0.602979312168
0.693160714334
0.686488791527
0.55592069009
0.493574999231
0.645609938923
0.70345231669
0.840322735503
0.774245525284
0.692156564143
0.645321443036
0.722955248648
0.679901015219
0.753164325552
0.806951783146
0.831696642379
0.812072660217
0.753234760105
0.594046346585
