0.277054683026
0.491807069233
0.536640036796
0.65812108607
0.707126368646
0.647821819698
0.658208932795
0.708727835948
0.635180468496
0.589229787163
0.651885038123
0.586173446047
0.66112158344
0.578578462103
0.628770221405
0.448302022668
0.738622336987
0.833307033452
0.698475986861
0.575409907396
0.545519146822
0.737881163876
0.606863051731
0.677482372567
0.683855141197
0.625317506028
0.560269927599
0.495517412931
0.394722350501
0.305253505364
0.198693986386
0.244624901234
0.244624901234
0.531913116044
0.389975390662
0.632410055867
0.49153007403
0.704842921976
0.564657749626
0.569279004616
0.581248121051
0.587372294887
0.593875453184
0.6309877995
0.642011830892
0.416479929445
0.496930994201
0.626952634221
0.595720142483
0.607223934442
0.447330949098
0.353862108996
0.461166235813
0.463355993609
0.650428099017
0.493005101024
0.666107433837
0.685699822488
0.843508125796
0.662764171085
0.56794649009
0.497157855895
0.495939084495
0.581143863934
0.482464306716
0.412646975996
0.47738376228
0.607094149179
0.643628938309
0.683868638817
0.646831933301
0.60231013416
0.713017908904
0.660981896402
0.67315744889
0.750369118861
0.607236964549
0.697797285358
0.651240943107
0.537702956895
0.609335227149
0.663221881088
0.583556719548
0.725734693474
0.699698263883
0.666474687846
0.677374203512
0.772927327552
0.688017614001
0.610196119211
0.781302386101
0.721174710617
0.595615721764
0.700484648596
0.63983643275
0.679021594292
0.601116990117
0.635300640422
0.752355264033
0.708969338632
