0.344574342949
0.612207685634
0.682175515722
0.734106903718
0.671016064027
0.58888060188
0.621356345305
0.667172868123
0.451832322764
0.635513577474
0.580974168083
0.438322433406
0.608108835905
0.48234198802
0.745206023752
0.833506526027
0.693113426848
0.616418612695
0.558862914678
0.72255757319
0.608578719879
0.616439727842
0.644555215035
0.613457066039
0.818481101959
0.792977627392
0.712285537107
0.622410951401
0.679798774367
0.476582643836
0.544362949229
0.563262061666
0.677911388971
0.741528080046
0.72115069395
0.664303400043
0.722273626793
0.782449865405
0.785091929874
0.596888577889
0.625807023654
0.64237610103
0.724191811399
0.795348718916
0.84737257673
0.714358227167
0.739844823788
0.811523362297
0.64344785579
0.670564142636
0.783820808886
0.795783952146
0.610159548205
0.678932105005
0.788206503233
0.61933713879
0.692217471622
0.73349702487
0.86228518994
0.658407377982
0.625943100249
0.719797405753
0.666385198249
0.588686064418
0.682312772877
0.810143058078
0.64622990059
0.739329047601
0.629744426276
0.715449727905
0.772017208851
0.701791442215
0.635868671057
0.541226312718
0.665337574431
0.61116350891
0.572110578169
0.642995209801
0.589610430584
0.453461593248
0.584429432087
0.583978401031
0.566429052091
0.580895124399
0.837540503437
0.647365689223
0.646740956713
0.735111758333
0.699739727573
0.777725479805
0.705406620436
0.736619101818
0.707013089211
0.762405658122
0.760762959765
0.704140558841
0.537083044371
0.674993459689
0.790259663913
0.818671199908
