0.763156376082
0.98
0.98
0.98
0.930618359176
0.935884131492
0.98
0.98
0.942588258394
0.98
0.98
0.98
0.98
0.98
0.973218973047
0.975747680939
0.821094565843
0.936547241741
0.98
0.98
0.98
0.98
0.829225654091
0.843933232696
0.98
0.98
0.931816223425
0.883722726542
0.913120161553
0.842767411858
0.975527456198
0.917081335841
0.98
0.98
0.98
0.98
0.98
0.98
0.98
0.98
0.97944024378
0.975156597805
0.98
0.98
0.98
0.98
0.98
0.98
0.98
0.98
0.98
0.98
0.98
0.98
0.974745164683
0.98
0.967030412986
0.979139221243
0.971772893392
0.98
0.98
0.98
0.98
0.98
0.98
0.98
0.98
1.0
0.98
0.98
0.98
0.98
0.979764792816
0.977400000011
0.979
0.886351394192
0.875835834604
0.800669990818
0.910124930841
0.98
0.98
0.98
0.98
0.973155404703
0.97874529392
0.98
0.98
0.98
0.98
0.98
0.98
0.98
0.98
0.98
0.85094614373
0.974941129812
0.98
0.968514126551
0.968012052276
0.966504059494
