0.88243426598
0.98
0.98
0.98
0.98
0.98
0.98
0.98
0.98
0.98
0.98
0.98
0.98
0.98
0.98
0.941904553505
0.958964137203
0.979
0.810052833632
0.941058694347
0.98
0.98
0.98
0.98
0.979214121559
0.98
0.955195114851
0.98
0.976953894064
0.98
0.969838771417
0.98
0.98
0.98
0.98
0.966375066771
0.976958971817
0.976293804447
0.98
0.888405528225
0.97009193596
0.98
0.98
0.958872339953
0.926572193769
0.98
0.98
0.972846927193
0.98
0.98
0.752769234885
0.98
0.98
0.98
0.966986428434
0.98
0.98
0.98
0.98
0.98
0.98
0.98
0.948679184478
0.977307086627
0.975430481702
0.941564836016
0.804338453679
0.98
0.98
0.98
0.952927137267
0.793166897374
0.971461652674
0.98
0.98
0.98
0.98
0.98
0.98
0.929982996485
0.97086219245
0.96769245264
0.98
0.892647691312
0.98
0.98
0.922931983477
0.911519487572
0.956972466461
0.976526188181
0.968981254608
0.98
0.857921457162
0.901954590473
0.98
0.98
0.966503942565
0.98
0.809364720244
0.98
