0.538124585111
0.98
0.98
0.98
0.98
0.98
0.98
0.98
0.918019907653
0.674545164
0.977682729783
0.98
0.98
0.98
0.978690170533
0.979600000631
0.98
0.98
0.787005900955
0.975167466281
0.98
0.98
0.98
0.942839692156
0.968668989244
0.98
0.98
0.98
0.98
0.98
0.98
0.98
0.975199042838
0.98
0.98
0.98
0.98
0.98
0.98
0.98
0.98
0.98
0.966575341824
0.98
0.951736496008
0.98
0.978150188011
0.877783881599
0.98
0.98
0.98
0.98
0.961975429129
0.969228456352
0.974263784905
0.564920572003
0.835098727639
0.98
0.98
0.98
0.98
0.98
0.98
0.98
0.968475939912
0.98
0.9649138828
0.98
0.898966513049
0.869540777114
0.976740055944
0.98
0.98
0.98
0.98
0.975274656491
0.962854352172
0.98
0.975977062531
0.975953439557
0.98
0.98
0.98
0.98
0.98
0.98
0.98
0.972667064988
0.970732463947
0.960438141604
0.815564857036
0.98
0.939269270947
0.98
0.98
0.98
0.98
0.98
0.98
0.98
