0.819426262979
0.98
0.98
0.961983263784
0.98
0.976552233921
0.947574645061
0.976785645695
0.98
0.971114246897
0.916503381869
0.939456171224
0.98
0.969353999557
0.909508885154
0.932545048662
0.870910555064
0.929513368346
0.757282490715
0.971589442728
0.98
0.98
0.98
0.98
0.98
0.98
0.98
0.98
0.98
0.98
0.98
0.98
0.97600718264
1.0
0.98
0.98
0.98
0.98
0.98
0.98
0.98
0.98
0.847704190808
0.870436844619
0.98
0.98
0.98
0.98
0.98
0.98
0.977507268369
0.977129874108
0.98
1.0
0.889321331781
0.98
0.98
0.98
0.98
0.916204021212
0.961633408601
0.98
0.98
0.98
0.98
0.98
0.977151690177
0.98
0.98
0.98
0.964326217862
0.82810613463
0.98
0.98
0.98
0.98
0.918759442371
0.975760643915
0.98
0.98
0.945268641111
0.952877154714
0.89444712313
0.98
0.98
0.98
0.98
0.98
0.98
0.98
0.98
0.98
0.98
0.944442976058
0.98
0.979382716354
0.98
0.955994752517
0.98
0.98
