0.791768206948
0.98
0.98
0.98
0.98
0.973803050561
0.976927654849
0.98
0.98
0.98
0.98
1.0
0.975159410484
0.98
0.98
0.98
0.98
0.98
0.98
0.965968679489
1.0
0.967678441956
0.98
0.98
0.98
0.98
0.98
1.0
0.861440787097
0.98
0.98
0.913952131329
0.974032292637
0.967113110377
0.971661508244
0.98
0.98
0.98
0.958889036268
0.98
0.98
0.835808835045
0.816466863401
0.899657321452
0.98
0.98
0.974794719478
0.98
0.98
0.98
0.974661896192
0.971632617163
0.826573008585
0.98
0.98
0.98
0.98
0.98
0.979063242436
0.98
0.811340733183
0.925338059017
0.98
0.98
0.98
0.98
0.98
0.900128505025
0.98
0.760833499419
0.95974964107
0.98
0.98
0.98
0.98
0.98
0.978950553892
0.98
0.98
0.912267266846
0.930634359822
0.98
0.98
0.98
0.98
0.961069618079
0.98
0.975476706634
0.98
0.98
0.98
0.919109790041
0.943412295825
0.780760153194
0.98
0.970164842604
0.98
0.960509999772
0.98
0.98
