0.843271555014
0.98
0.98
0.98
0.98
0.98
0.98
0.98
0.98
0.98
0.978588881152
0.969777066521
0.966060832903
0.98
0.98
0.98
0.977713035657
0.964964397434
0.889331036205
0.976782752938
0.98
0.94249507996
0.98
0.98
0.98
0.98
0.98
0.98
0.98
0.98
0.963495053648
1.0
0.98
0.98
0.98
0.979779443195
0.98
0.838260991192
0.974183703558
0.98
0.977851709277
0.98
0.979687622839
0.977196757447
0.964149338917
0.98
0.98
0.978821919429
0.963706498651
0.98
0.98
0.98
0.98
0.971937189321
0.963588255962
0.883425311709
0.98
0.91065753043
0.964135420239
0.785139494556
0.969357716656
0.98
0.98
0.98
0.98
0.98
0.98
0.98
0.98
0.924066346815
0.978737363398
0.970787948538
0.976295005091
0.978979037641
0.98
0.98
0.98
0.98
0.98
0.98
0.969592375286
0.98
0.98
0.98
0.979764169766
0.908440042391
0.958294493641
0.966950138052
0.839676150814
0.98
0.98
0.98
0.98
0.98
0.98
0.98
0.98
0.98
0.979003794576
0.98
