0.805167417749
0.743321820255
0.713814844831
0.680369035903
0.681031572484
0.646080114071
0.61178419263
0.585282077885
0.606289027438
0.557205095692
0.543470404928
0.556111454207
0.569494377992
0.509588472167
0.379899656953
0.313655240186
0.244027240217
0.301844413355
0.270916017321
0.180636871339
0.0891573538029
0.117095532114
0.0799864709452
0.078708294316
0.0510490310995
0.03802645177
0.0461605886158
0.0440804414212
0.0497320944226
0.0450526399922
0.0424800793477
0.0590905709836
0.0363324062845
0.0564395238532
0.0395188205812
0.0308293846384
0.056776124572
0.0693537982941
0.0899220619034
0.144558673103
0.227854882744
0.135524557847
0.0691264724416
0.163298709699
0.114792432817
0.0732084256168
0.059501735788
0.0285674444215
0.0447473441614
0.0677740696
0.0217827753696
0.0383987341348
0.0675878391554
0.368433952877
0.154407476935
0.0760790957668
0.0479680041164
0.0903870653789
0.0828188596676
0.0938055916801
0.0872892220625
0.0941379096849
0.0452115423651
0.0610726137989
0.041987950747
0.122367395283
0.0794304242641
0.0658616421057
0.0299406163575
0.0212606882522
0.0465126513194
0.0444971267094
0.0467683489581
0.0931984179032
0.176585916833
0.082744395193
0.0715491116568
0.0685408454621
0.123834276089
0.0983242780572
0.122972081626
0.123145148946
0.185148414282
0.141004676311
0.149294752825
0.232754920058
0.285013161029
0.19932005191
0.196387121053
0.242809479663
0.209552959607
0.211437610029
0.185247680647
0.156431143852
0.0806533997312
0.183601606781
0.201208461627
0.0615549043465
0.0386530526116
0.0820918716447
