0.822673854363
0.927667270587
0.98
0.98
0.98
0.928365807979
0.802597902206
0.969418581947
0.771759341887
0.977273216871
0.955620505749
0.926984854907
0.98
0.971630048604
0.972474324504
0.918051645045
0.98
1.0
0.922362953365
0.98
0.98
0.98
0.98
0.98
0.97871109673
0.98
0.961927032785
0.918051645045
0.972231545018
0.896230903257
0.966027574243
0.979583804404
0.978430408867
0.802190343115
0.98
0.98
0.953061071452
0.9782746954
0.977548340433
0.961611707143
0.98
0.966365961581
0.97537315472
0.97920041325
0.98
0.930017350259
0.972909154907
0.93287252449
0.98
0.965848749746
0.971886835933
0.98
0.835176699404
0.98
0.98
0.963549208504
0.967879467746
0.925039378121
0.970121091585
0.978488878882
0.98
0.98
0.98
0.98
0.979603256904
0.98
0.945386251719
0.940390386708
0.968510607989
0.881605873063
0.98
0.979606749343
0.965863575849
0.98
0.98
0.946547755545
0.968903413989
0.97597322886
0.91526414709
0.95732925796
0.98
0.98
0.968931249967
0.979113293025
0.965405614016
0.976129168986
0.98
0.98
0.98
0.98
0.98
0.969251591266
0.975721610529
0.971290032219
0.958051330532
0.978232182158
0.961215424697
0.978439444088
0.853945693197
0.961150874796
