0.858363460707
0.98
0.98
0.976706975526
0.91336371411
0.970426288007
0.973366265046
0.973179292956
0.801720674542
0.940733977879
0.892710513643
0.922171955978
0.891153990268
0.966427179045
0.968129425303
0.963465484274
0.98
0.98
0.928515152923
0.958243728386
0.949621512261
0.77383669288
0.964936886522
0.967209378061
0.98
0.965495939591
0.98
0.98
0.98
0.98
0.962139229232
0.977177209774
0.98
0.973360835814
0.957920771693
0.964849319536
0.962779847266
0.860285581489
0.974699008152
0.974790332322
0.886375819554
0.970449229507
0.976238125395
0.98
0.96293501048
0.946338824447
0.971623095977
0.972408586412
0.950478121022
0.974148290695
0.9782746954
0.977683546211
0.813178163062
0.887471398373
0.977744978865
0.95585559416
0.979950651008
0.977583485959
0.98
0.98
0.98
0.977616080797
0.972699499474
0.958245114228
0.968245114228
0.98
0.971645796616
0.98
0.978773572144
0.950844656188
0.98
0.959706835675
0.972383596525
0.97960001922
0.922290343448
0.928601151477
0.936029648154
0.978780981494
0.970186979958
0.939595709087
0.979677891588
0.963207068461
0.923045322035
0.979600052238
0.98
0.969669619851
0.978730812704
0.938790426175
0.98
0.972452176142
0.98
0.98
0.973995234544
0.977372965622
0.98
0.956114938036
0.98
0.98
0.98
0.98
