0.784132618335
0.971407588948
0.969538374443
0.922242725313
0.971047339988
0.970496757862
0.98
0.98
0.98
0.978715175471
0.977550257728
0.98
0.979693814694
0.98
0.928901940629
0.932253062146
0.975837422625
0.98
0.905462681757
0.819529813897
0.938661716352
0.952347156265
0.903500470635
0.98
0.98
0.98
0.98
0.976545653029
0.98
0.98
0.98
0.98
0.98
0.98
0.98
0.98
0.973902331511
0.974442758508
0.98
0.98
0.98
0.98
0.965551812208
0.978519766432
0.976808486849
0.979487054147
0.966987111396
0.98
0.98
0.98
0.98
0.98
0.975795987084
0.976587137436
0.974737913954
0.98
0.974047339988
0.98
0.979066920796
0.98
0.98
0.971686436921
0.98
0.98
0.98
0.98
0.98
0.98
0.98
0.974652079964
0.98
0.976701183185
0.98
0.98
0.98
0.98
0.98
0.98
0.98
0.98
0.976220119292
0.98
0.977562979119
0.979551975154
0.98
0.98
0.98
0.98
0.98
0.976731249208
0.98
0.98
0.971923724802
0.98
0.98
0.979
0.98
0.98
0.88727488362
0.98
