0.558582213336
0.9766251882
0.98
0.844600321788
0.814375829085
0.932147712816
0.922394751923
0.805728939374
0.244624901234
0.790664009147
0.973072186433
0.975550999919
0.753772550755
0.911886391205
0.883550640145
0.877311712625
0.98
0.977151932277
0.954282594193
0.98
0.977411838364
0.957892089285
0.964201082852
0.98
0.957520303935
0.837361460665
0.925618645166
0.98
0.98
0.964870236295
0.896700741392
0.244624901234
0.280624901234
0.866956945455
0.842560197551
0.943733220967
0.753772550755
0.956236747922
0.769555062166
0.978678989406
0.977145463383
0.890823383135
0.98
0.974097109228
0.98
0.98
0.951669565379
0.950552731919
0.971728803251
0.928456147203
0.97873583574
0.978078490999
0.979534513442
0.884613689137
0.937133727646
0.943432252409
0.98
0.978556208849
0.977115864273
0.98
0.977164875091
0.905589960798
0.965821377137
0.884764683903
0.979133184697
0.978338604768
0.941342524204
0.975357824003
0.840215504182
0.977187377841
0.856785875536
0.786795683464
0.960598214681
0.974009964901
0.98
0.98
0.977164875091
0.969624808658
0.668862549199
0.865262666633
0.872103393708
0.656664193954
0.689823929289
0.972041584901
0.98
0.969291309751
0.950603210885
0.950387807577
0.948044743483
0.969499392648
0.974486884959
0.961122397314
0.976679254971
0.806775072997
0.738751102901
0.884764683903
0.419406823899
0.244624901234
0.244624901234
0.244624901234
