0.844315452163
0.954331216177
0.925039643847
0.972338081894
0.978735067854
0.950674089886
0.959474012202
0.98
0.881828856988
0.478416095442
0.244624901234
0.706732526545
0.851177923688
0.762954705848
0.769760937202
0.895694096619
0.933145189023
0.98
0.861553199033
0.98
0.965527706243
0.974177255245
0.98
0.932725655499
0.856785875536
0.906231327893
0.98
0.979
0.98
0.98
0.923939120612
0.979603903755
0.975679531247
0.965706796498
0.926224181977
0.98
0.98
0.971564978096
0.979000221613
0.966790168408
0.743746381854
0.90718253043
0.98
0.965791739763
0.963285964451
0.952208258912
0.971850352249
0.867882665321
0.244624901234
0.244624901234
0.541420222614
0.860566814865
0.98
0.98
0.952220796504
0.969960520112
0.968045523213
0.972282594193
0.940392484449
0.922540942276
0.98
0.86550058486
0.409711684807
0.656664193954
0.85635209808
0.98
0.978446789287
0.82457262833
0.98
0.877312689129
0.922394751923
0.858716030298
0.436027042066
0.697184979222
0.974703228778
0.951406559793
0.932825522436
0.98
0.977893333255
0.98
0.97451208571
0.979708314097
0.966874967143
0.872066786526
0.530058913583
0.860392243615
0.265624901234
0.640624901234
0.922394751923
0.963753427609
0.695250428804
0.782555341382
0.836031152846
0.759390215416
0.803952326829
0.974401461001
0.829752980692
0.949830634862
0.978029163255
0.968514999283
