0.706732526545
0.976194025622
0.98
0.967531631148
0.943432252409
0.942824310624
0.930396417984
0.943709438031
0.872103393708
0.967556454565
0.886270945316
0.869979759888
0.959418177503
0.975679531247
0.919333643474
0.941991496548
0.98
0.956236747922
0.932255625625
0.956395777928
0.969060408941
0.98
0.903277068754
0.429335601967
0.869658508133
0.824646085642
0.979784828364
0.829752980692
0.94007753744
0.852583214567
0.818515581322
0.971302709388
0.888568204597
0.810021165991
0.380624901234
0.861176604161
0.971856910288
0.80574317176
0.789965363605
0.863042437182
0.905910398389
0.50788314529
0.656664193954
0.922394751923
0.98
0.976710264953
0.753536065651
0.98
0.870187855975
0.960782319208
0.907644045239
0.914719295052
0.829346873831
0.973450694211
0.754356247589
0.872103393708
0.967916165178
0.958546449425
0.932525355262
0.977359968574
0.928133466707
0.850356247589
0.963535398856
0.918679149567
0.972137112542
0.98
0.972079540762
0.98
0.855250048717
0.906238841195
0.962048213372
0.91753120812
0.976939196859
0.967823986823
0.967823986823
0.883182164212
0.97951000581
0.964282594193
0.971774316255
0.958403959381
0.98
0.928208523972
0.978788890148
0.849599814219
0.97395167283
0.932725655499
0.96151748574
0.795932655813
0.958073403304
0.98
0.715115198879
0.862147697129
0.675425839226
0.244624901234
0.607148609834
0.841780942831
0.875390303302
0.728593663826
0.931722807563
0.967271139122
