0.523746107813
0.975854012653
0.98
0.958512410116
0.98
0.896739017302
0.907910478734
0.965761172175
0.896991071661
0.970110024241
0.98
0.98
0.973600381405
0.974759704959
0.928300838888
0.936711595026
0.868481909471
0.98
0.910314555915
0.979779443195
0.931034993231
0.94555112047
0.771965363605
0.733346188574
0.809881096486
0.843909152977
0.850772086761
0.971410980792
0.975172076178
0.98
0.962000074207
0.975787334422
0.98
0.979724491866
0.98
0.967854735154
0.98
0.956027987923
0.928419792208
0.974716793821
0.723688033096
0.98
0.975676019302
0.891230493399
0.965472279031
0.921194518021
0.953564706957
0.960244761287
0.974157535277
0.645751333311
0.244624901234
0.244624901234
0.244624901234
0.77895359191
0.95101721285
0.98
0.98
0.870387800334
0.98
0.924813187534
0.922394751923
0.8839721849
0.972184307502
0.945443474262
0.951315100467
0.954534798667
0.950358255561
0.837268340676
0.360666733533
0.272624901234
0.766624901234
0.948793142461
0.769760937202
0.98
0.98
0.941714026976
0.98
0.98
0.98
0.98
0.961406810508
0.96687479288
0.953037826652
0.98
0.946601664623
0.923354531747
0.978795764178
0.979795404526
0.737372078347
0.930253981102
0.774567790866
0.922394751923
1.0
0.952386245378
0.98
0.932527433694
0.97250333991
0.962576635685
0.977862974488
0.977406171178
