0.811813410948
0.792008627015
0.737710887911
0.69410714276
0.679917864021
0.678673198509
0.661984106422
0.616104685362
0.585784372008
0.548313470226
0.594323770354
0.616846035645
0.574759716872
0.619649500208
0.579811113149
0.517238610125
0.613543299036
0.649488194438
0.629109698559
0.626520313847
0.615974212223
0.624090455317
0.648165351462
0.604432404806
0.631188312381
0.635037333168
0.646263745866
0.665035859668
0.555190897776
0.595469631639
0.569116034525
0.601756359104
0.573169276238
0.570496179716
0.575961241473
0.564231168215
0.505871031773
0.487865110141
0.476903085911
0.474740449815
0.462600613351
0.469609102623
0.440222742029
0.474770193866
0.4407962368
0.407879668059
0.378611734487
0.451788756539
0.478677840364
0.452356514447
0.441283444221
0.416180164746
0.404998761035
0.378091193661
0.356263043671
0.377243470543
0.311415033729
0.300159202936
0.285767976318
0.260622955641
0.190054193126
0.0938556184436
0.0800217816484
0.121593186759
0.149688375624
0.155639526295
0.176025064025
0.169689825986
0.154227574994
0.16754078256
0.167506672003
0.166672934499
0.156028738006
0.167814075065
0.164743612091
0.161001421957
0.10717476939
0.041257302391
0.0599151803651
0.0214278479118
0.0206079199744
0.0
0.0
0.0
0.0
0.0
0.0
0.0
0.0
0.0
0.0
0.0
0.0
0.0
0.0
0.0
0.0
0.0
0.0
0.0
