0.813542957605
0.766900540198
0.710168636123
0.716833206153
0.709605283303
0.721770032246
0.721681318273
0.726695662348
0.705811956103
0.715563440388
0.738615060352
0.719876647026
0.722896991812
0.657254372441
0.660374694642
0.652646723198
0.637025626043
0.645040591674
0.656984605315
0.65863368506
0.602247512557
0.599940037287
0.649379326202
0.650779309887
0.640110371465
0.613018826459
0.603333235012
0.620562760877
0.624219353154
0.644222425265
0.624848718204
0.645879539071
0.657666159341
0.641025016651
0.611336080958
0.627826702995
0.619732985664
0.646248706324
0.629251775103
0.57187646921
0.494605984201
0.548704955047
0.461890367287
0.442896321454
0.51473470526
0.512478129977
0.45531051925
0.415419079513
0.421244621794
0.475558402883
0.49317658138
0.506121524011
0.5145757874
0.541062356097
0.547223306
0.519805748833
0.494243602878
0.454356133185
0.402752256215
0.457603811938
0.456738478872
0.531365140779
0.504783364164
0.503038985271
0.511932530035
0.599495332654
0.5947355721
0.582229234459
0.582724750445
0.528311513244
0.507870681268
0.519136541879
0.53067089424
0.578397585498
0.548979772179
0.569332943727
0.596334371899
0.616945190413
0.602631093405
0.620428638873
0.647982891267
0.613140281976
0.612491934094
0.554366346562
0.521873791172
0.451010587512
0.528849870324
0.52300845984
0.572657000858
0.597161934187
0.604819072582
0.590653261349
0.588290342139
0.566403156503
0.552765778311
0.5274454157
0.533025371221
0.560357904677
0.522235513283
0.538642530814
