0.813458689942
0.778891017469
0.777737694749
0.764878858755
0.769353332433
0.756092792908
0.702027296916
0.66392320885
0.679125587067
0.672439086812
0.672437852428
0.655743071197
0.643181888094
0.634244172833
0.663788779713
0.620305402311
0.631745319012
0.638210749808
0.648801469256
0.609243601854
0.621266203391
0.613477936185
0.655359595825
0.624998578087
0.591757187481
0.55379467755
0.52548561642
0.531882745696
0.526413039516
0.539345619144
0.519161803606
0.601918966828
0.498016950649
0.494588328609
0.477721100105
0.365666206759
0.312852131709
0.163555646292
0.228367593688
0.227521153574
0.290372905188
0.207207474273
0.104458776245
0.0419931244921
0.206052856712
0.152930630502
0.058895982733
0.11357664788
0.0462054533551
0.00620010859369
0.0
0.0
0.0
0.0
0.0
0.0
0.0
0.0
0.0
0.0
0.0
0.0
0.0
0.0
0.0
0.0
0.0
0.0
0.0
0.0
0.0
0.0
0.0
0.0
0.0
0.0
0.0
0.0
0.0
0.0
0.0
0.0
0.0
0.0
0.0
0.0
0.0
0.0
0.0
0.0
0.0
0.0
0.0
0.0
0.0
0.0
0.0
0.0
0.0
0.0
