0.804656786257
0.772729036737
0.762677327519
0.753211003585
0.705980849027
0.684801763505
0.703063928551
0.732109738703
0.726195085938
0.743913185605
0.663994671668
0.62065625988
0.606027133093
0.564285556965
0.60731733089
0.630231631561
0.572140828056
0.552919003412
0.60642282497
0.604282607001
0.668418233485
0.573538952621
0.565923453894
0.575170945869
0.507106860688
0.237553456036
0.163525110928
0.0916317400647
0.065280763431
0.265750299696
0.27345604606
0.170898542908
0.174744727647
0.253070892212
0.0749936042163
0.122141394131
0.235009095275
0.119616476022
0.294972882361
0.240365115148
0.202765426002
0.253590793387
0.176750252763
0.194494688923
0.231818744937
0.47424109795
0.42953866811
0.392928481238
0.486663342097
0.464808532346
0.528612697168
0.563692087155
0.518406834271
0.651103325188
0.638800692763
0.557377632912
0.488017846545
0.488962606051
0.455747215455
0.490949320971
0.63221129943
0.567147020821
0.596538837309
0.513399588626
0.515126502827
0.408763861895
0.425003198236
0.345805419263
0.42927080669
0.467823038193
0.458147327041
0.431016156453
0.467897946974
0.431380339887
0.420504681823
0.472406036855
0.458608944612
0.448184297921
0.43744959232
0.433652748308
0.420886878656
0.453981469856
0.427346894371
0.390447011866
0.422112458359
0.375707729768
0.340707942135
0.372661857627
0.374373044923
0.341874685096
0.344400845429
0.272144325324
0.208275952703
0.198935924892
0.18516260826
0.215855454189
0.197924005622
0.221319216518
0.18566827424
0.208406964301
