0.810171492148
0.774280708776
0.769046912662
0.737195487448
0.74940745667
0.724457426914
0.723659101767
0.678467575494
0.623736623163
0.598820354214
0.621736237205
0.629363589964
0.620291002974
0.628651778015
0.623823738428
0.626997044629
0.588712004131
0.600588377294
0.544203871893
0.608226168281
0.617968536554
0.612557345337
0.59121694981
0.622268970504
0.649138353916
0.661502726945
0.672702330403
0.615788884884
0.621459349818
0.609936267996
0.642306898563
0.624433293674
0.588450032743
0.592762470111
0.623344144001
0.623851337507
0.632211903033
0.645715509081
0.637483682728
0.64618075259
0.646680154839
0.646390996623
0.659400787651
0.657456361846
0.641437323119
0.672359118408
0.646186676537
0.64299974621
0.650579458473
0.651195694978
0.652164406041
0.668911783617
0.634322445025
0.641001478955
0.6069241931
0.602719571491
0.640861632618
0.62810677098
0.57043710861
0.59985616507
0.579655279821
0.54341525521
0.535458545031
0.538460112485
0.550743795749
0.468905280571
0.493482506387
0.444673975161
0.608932569068
0.590241044852
0.580647127033
0.640479249045
0.584451044326
0.619834975642
0.61676489608
0.635964248619
0.645000293328
0.635497724247
0.622714120428
0.613105769858
0.614446330299
0.599496349102
0.59621569608
0.648001674955
0.64741221366
0.668201375621
0.660446719247
0.607978974864
0.621338289367
0.622038196473
0.650134192594
0.62484884419
0.649404570487
0.613900102486
0.61533219414
0.563701686598
0.596144044874
0.570918410089
0.482767609256
0.493873529161
