0.807717583947
0.782199539321
0.732543597888
0.707546665604
0.691347636162
0.703681427522
0.706273320936
0.748472786389
0.747928483735
0.664266888981
0.628514143402
0.588559463559
0.552548484979
0.563919056659
0.621075529789
0.584112261167
0.617247136937
0.644061256185
0.653686856903
0.66661928767
0.645581540699
0.651879828629
0.640600316059
0.705975712978
0.710296806505
0.677515469689
0.657865236909
0.675365699333
0.629727969922
0.59620359404
0.615854341785
0.580982927486
0.615962167284
0.610554303907
0.550967655607
0.591207388159
0.613877562476
0.617952271154
0.595304362627
0.524645035014
0.406671948987
0.437910683978
0.336136251087
0.306447558462
0.269217004641
0.238526629614
0.211149347112
0.189078811989
0.143718224122
0.15055626432
0.176097292636
0.195557591111
0.152519495955
0.105149005808
0.104376774961
0.0764868160635
0.0658476718318
0.0541884818106
0.0125903914871
0.0
0.0282128519897
0.165898552649
0.0
0.0
0.0374217513985
0.254547451014
0.229380082179
0.256049970585
0.123886650415
0.0581279504857
0.196506385665
0.0
0.0357695204639
0.524590102628
0.656442387111
0.637537562998
0.681850750066
0.667365235223
0.647184535078
0.588858031197
0.585616545133
0.486099479945
0.43151680247
0.444838725502
0.465847519264
0.493817711687
0.525645556071
0.553718938642
0.484030894683
0.535870040125
0.554695810077
0.560527024936
0.666336215646
0.683979452272
0.700522300261
0.684248811053
0.65208449894
0.66068429681
0.635611095043
0.623502820731
