4.71636886413e+064
1.34596740183e+136
4.10757046103e+241
4.27333300203e+303
7.59949684317e+200
3.26781337788e+277
2.40197430883e+283
1.37182415145e+302
3.69815705333e+284
4.12381290527e+178
1.89537288712e+037
5.89730033139e+168
2.00485847232e+254
2961491747.51
3.72771583976e+269
1.30980433582e+301
1.4128209891e+163
2.16749659594e+289
1.06918562552e+288
1.5975505715e+301
9088998.1206
8.75822194095e+280
2.17630128688e+280
4.50083105357e+074
0.00838949508554
0.0441121553598
1365810.83763
293131307005.0
7.3294258855
5.15268156494e+284
9.22305237921e+298
3.32026541731e+303
57332818381.3
94.2462080966
2.4205441705e+054
14.7191987833
0.890731545225
166103.224393
8.03788181866
1.06927210951e+015
2.22747538112e+029
6.05924837895
7.15183535455
0.226669357907
0.837828143659
7209013.30719
3.56938470757
1.60728499217
4.39616166003e+036
363.689407145
0.00168731254986
0.0446060929647
0.00217012229901
0.237115007787
0.591220142453
4.49524779956
0.112783998819
0.273271528471
0.0863852232408
0.325768211289
2.63820355618
1.12831374395e+041
1.19853902349
0.152206366615
0.0329053566019
0.073047538426
0.0450011667374
0.0282017306334
14283567448.4
0.0916445992139
7.66277497121e+034
123.773613043
35.5652540408
4.59795987782
21567.3184076
0.0322475471207
0.106000552959
0.744335700839
0.310148575937
2.6743173612
0.387488351095
0.0889358845539
0.40510502641
0.532429250153
0.189685193209
0.196191142888
1.42297806851
5.29571439444
1.30279949653
85.4995978396
0.183011011824
0.0968729433408
1.55935216755
0.266145212938
0.0331398899043
0.338987700155
0.887801213579
1.50479510002e+014
1686248543.27
0.46371999331
