0.978781695481
0.90572158691
0.81368739036
0.794957991309
0.797426268769
0.77464422322
0.770164760846
0.801526586913
0.803653677039
0.791204224765
0.767882646001
0.746277386339
0.769345085822
0.747811683027
0.760907340644
0.757745234677
0.741036851552
0.765042573585
0.745214172773
0.78961973539
0.734060289576
0.689097636908
0.69595000589
0.712903422343
0.750190188369
0.764778800312
0.750625915779
0.72526136026
0.68300028716
0.739118827778
0.688537726316
0.721357953992
0.752313174145
0.666208633604
0.706983071505
0.734803496693
0.704470069746
0.773881699044
0.703548129982
0.693002685589
0.65836516146
0.641947776126
0.643716613281
0.648912764287
0.658364676032
0.66809454852
0.694390416567
0.661121818574
0.664688815874
0.678050678066
0.700060805662
0.648264774523
0.676929270492
0.809129742454
0.78738225548
0.79215768394
0.777504229863
0.734090823356
0.745925264257
0.76810959814
0.750649117675
0.733564387267
0.784432828339
0.739017733811
0.66032670561
0.700031193196
0.749443802772
0.737676969171
0.722599128532
0.677648385135
0.673999531766
0.682434286504
0.689571807436
0.684862357732
0.680646729427
0.658209165136
0.700542670382
0.706420707841
0.703042306169
0.725447089176
0.776788303485
0.737233018621
0.737691534483
0.749299588494
0.737262138697
0.77346170388
0.756311784751
0.720473324957
0.684333300362
0.690063380448
0.671680920473
0.707926233538
0.725853186191
0.724329473999
0.722391449436
0.731775953672
0.73852868007
0.738596464884
0.757566145822
0.773973156021
