0.980028621218
0.932613651231
0.881998469354
0.874519753644
0.855195709261
0.84249743448
0.833850595644
0.805515781044
0.798517135245
0.759319505699
0.793202437623
0.797719143091
0.797070289561
0.812515088205
0.800979253534
0.792933091721
0.726790811998
0.683713915214
0.644230315697
0.673807627125
0.692423051408
0.700257988956
0.682055310279
0.65315382925
0.681878249029
0.690103108629
0.705032340637
0.68565017185
0.648218887909
0.663311047843
0.647719261295
0.618912509164
0.630214935321
0.625307525075
0.629731142125
0.654916668294
0.716800615282
0.697410504999
0.726699990849
0.729434095026
0.716545706689
0.692846481295
0.692316575267
0.71580910396
0.72480884153
0.709029213933
0.729624686847
0.745469353715
0.753385298488
0.750804252196
0.748839214356
0.760754039926
0.768403656942
0.760875697932
0.742889099402
0.739450339457
0.708619564807
0.737260944151
0.738981856089
0.731150499885
0.713692211055
0.715444046894
0.759952574533
0.755006314015
0.751671145922
0.753100520858
0.744763111097
0.723063442603
0.719181599593
0.720738188563
0.756855102074
0.761468242028
0.767423818409
0.753096189686
0.709066630567
0.723889964501
0.734559395489
0.744968822839
0.725294289239
0.746090344117
0.785205904261
0.776934418479
0.776702220988
0.76263467479
0.749412574104
0.757309325587
0.755174830579
0.752025587017
0.753811079212
0.784647911414
0.804883893903
0.812636347624
0.775636622407
0.754881032405
0.725431542456
0.698920591705
0.727927952671
0.748020347429
0.750112541777
0.752142059726
