2.44821079692e+253
2.44242170759e+253
2.16693833487e+220
5.10047472355e+302
720008887.841
1853219040.74
29739784709.7
7.67780852138e+016
2.03959756439e+013
2.09630840526e+133
1.40812149831e+015
4.56697923057e+208
1.55805240598e+033
3.34137540973e+032
4.62897628653e+039
12799.9827159
396.434905511
3.38589165947e+019
2.98332016295e+252
1.03160299232e+032
1.02773715102e+040
0.718407323784
92228.7961047
8.28433260504
2.97729615325
60921.1904409
160.115109302
5.48475792733e+014
5.35218694986
2.79477915768
464337.958667
0.792185568116
0.829538681048
0.673809969006
5.83223281826e+094
2.11093972153e+061
2.76554343478
3.2309279025
1.39347465373
7.46151439843e+252
2.55172526752
481.722883488
171.332734756
2.42761687546
1.5100130832e+025
2.43180289313e+052
6.43897734255
5.2059357793
6.42190166754
4.27394504925e+047
2.24477832584e+026
6.86074417889
118.879706149
5.16572777167e+036
3.00311249083
7.06794419157
10.857489483
672.246378657
2.05588510126
3.67546900312
9.88535907808
17.0932821181
5.50967905986e+056
37.1951342157
6.64157515109e+017
5.96036770816e+034
25.1623083988
30.9687708986
656587200.664
9.54412945673
5.1018776483e+065
9.5131322315
16.7856592708
8.82262761808
5.8811012031e+097
1.40117637068e+019
3.4340894992e+013
11.1765440374
1.3760780075
0.907834610706
0.66151383424
0.693148651715
1.02253606494
520.387786174
1.46888043236
19.4531511647
7.16816218189
305631008.339
0.892983878202
1.10864436673
7.86521632675
0.951466087829
8.08304938289e+296
2.57089677439
4648658.54707
1.05237809565e+023
22.2424501255
3.25599173946
27416353940.5
1.27687307939e+019
