1.97157487759e+278
9.1051569993e+279
35.4042094355
27299.5339378
7.87118168032e+264
31626.3988107
1.91391763452e+025
55.8664677412
1.55871498084e+026
30.0120271641
8.25061698946
2.08199222012e+021
1.07088702528
0.754934456563
220.192810339
3.79502776587e+061
8.66785517415e+125
3.09671349899e+190
10.2508152784
0.288257989403
1.09461151541
0.900271063301
1.53726104905
0.862807072657
7.4700788104
1.71261147858
2.97159265458
5.82986590501
6.13990242596e+264
1.17139617961e+198
6.17705309467
9.84519644227
3.15495671066
2.04847390715
1.94814524158
2.516000613
6.39238580314
7.19801691638
3.97741579295
2.67609227808
3.52267475937
0.732090847109
0.915630562291
1.06004609964
5.95194028485
1.06491260709
2939847923.69
4.25044101656
18.6551279335
2.74816189594
1.90218467043
2.40418918654
4.98775151062
6.07527840724
4.33702307349
1.12476020798
0.966649225539
3.57695242556
1535013457.26
17.6481635139
1.76969590374
1.06312157497
23298.8703386
2.51837454575
2.24595649061e+260
1436.56098162
4.52668582806
9.17220507584e+133
7.07082699602
4.41728413396e+227
2.12337676911e+229
3123.95089324
11.4642807572
12.1107269599
11.6595485011
10.8594318816
10.2334689916
153249230.513
5.73081193832
405.641355712
5.898760451e+013
31.6402145657
24.3859534554
11.837821055
10.3012838358
37.8738556598
42.4762465449
24.932262174
9.84446841998e+012
5.96623221503e+025
1.20926320315e+224
5.38637427923e+039
3.62983232499e+013
4.28377069947e+027
3.93387849665e+024
1.99867895408e+038
10.9011000478
14.1533519285
24.8913329372
13.1993165265
