7.52225999744e+280
8.03304524304e+166
4.76109502809e+012
10183574013.4
66972853.2372
9.85852415939e+252
3.96860682251
17.5634244569
7.21871103145e+286
1.93449398308e+012
6.95718777814e+013
936641730953.0
1.30476136252
0.116526953531
0.404847892742
0.0212937460306
3.07820226808e+015
0.39616782954
0.706201272531
0.1346941901
11.3295869408
0.218870232466
15.8024607237
0.559992856337
9.07912230574
1.14672875409
0.46162152709
1.2019683826
0.4238259659
0.50186106021
4.9066113637e+289
0.800805956476
0.265918353187
0.291372411245
0.316487060288
193.629797856
0.0940622150355
4.80181365085
5.40502053563
46.7351329437
1.53054804749e+219
0.515682531656
897607.07809
0.189977383693
0.445113153
14.8287175026
0.278028208736
768.822392956
0.317752468304
0.157800993942
1.18525419439
0.720250916642
0.260200258442
7.49183418989
0.144079174685
3.51927561026
0.494147531851
0.880728571758
2.02201927383
0.661021817597
2.51176410642
2.31827075013e+034
0.852238928309
0.476202243597
0.503650043808
2.72155132498
1.22973104547
0.986854236415
5.63580113214e+027
7.22118798558
2.80345503288
9.04446571138e+229
3630.63539234
2.76610621192
0.254534521201
0.470678624529
1.1011148833
0.852559011556
1.77886754732
8.35031512913
3.98821304745
4.12960889121
270877.434624
0.164138152114
0.92138665503
4400.03081687
690.652133352
0.170561447204
0.368899622421
0.709042465784
0.697405115208
0.160370429057
0.137430534796
0.505195799162
5.54648112533e+100
0.152963940416
0.597409336155
0.0808110782271
1.04752529718
19.0252661476
