0.254689158994
0.292314074655
0.376445904282
0.477416577727
0.41042018906
0.455607291608
0.512061407939
0.529053313596
0.612519131131
0.459393522386
0.524108402213
0.562381620931
0.455001993985
0.473927843153
0.443759381683
0.483247542679
0.447605131604
0.406337794288
0.47715830293
0.431843400496
0.423680202236
0.410685414201
0.417169859315
0.402876547944
0.429722359693
0.364534354739
0.310031967084
0.272012043223
0.368763123828
0.551526181255
0.435480478321
0.382606103617
0.359196768119
0.322066127347
0.396322716931
0.616705277533
0.476575230769
0.477046410241
0.397917033913
0.442313968418
0.314360850971
0.323665023156
0.33723876239
0.413817171965
0.51990803839
0.542614698322
0.510731477041
0.534672247486
0.464502664251
0.451852672498
0.486659883766
0.452018629504
0.422495468254
0.439567900935
0.398622357081
0.402868678452
0.403935283931
0.42997988542
0.466569641772
0.432265778696
0.326036817693
0.301279573768
0.256124559462
0.261327451718
0.348736041102
0.4805858866
0.508900551674
0.368736482871
0.415125532545
0.377846375221
0.436459554952
0.433628560689
0.299246468686
0.37815460711
0.348558608099
0.487480406107
0.435884623097
0.35853039187
0.493825635037
0.41789174917
0.368330277292
0.427062359789
0.306767640241
0.289949458285
0.395586573169
0.275890318787
0.374073695947
0.243344317357
0.289563366718
0.351756574647
0.352123578345
0.437046881775
0.460887314474
0.311115002466
0.361407447456
0.426914806116
0.494817512152
0.438016602569
0.434419075757
0.44928640232
