0.275435936583
0.330376091974
0.347590807439
0.277082636424
0.387425945398
0.256155633097
0.255652300434
0.388534576399
0.276567062239
0.320589252085
0.294236731718
0.350714440186
0.29991720601
0.411061219412
0.473920115542
0.449423352192
0.45520848715
0.420257519071
0.465546189902
0.407299832354
0.462917178032
0.463517679397
0.337949489318
0.393615007385
0.30727591323
0.275422092979
0.306033997282
0.274312694468
0.324816903464
0.317130813393
0.403915668092
0.448730840827
0.439701111242
0.465362681494
0.457659379638
0.427054533607
0.387952877868
0.381825207178
0.333743643945
0.279188008048
0.286542320673
0.255307360693
0.424668502659
0.371489646375
0.345328556694
0.450703630619
0.346133643181
0.455644701717
0.437794168581
0.422411917138
0.487443201872
0.419563416796
0.454830453625
0.517307150732
0.360128995472
0.455950680582
0.47305379042
0.429172951468
0.541609226463
0.381545504723
0.494863741143
0.465125622352
0.448824808723
0.464309655254
0.491416091554
0.547824966116
0.544443080285
0.514547229281
0.424699809834
0.485349190033
0.453738351386
0.43504983529
0.384612006431
0.454820728194
0.527563863893
0.405973780839
0.466923324127
0.583571244197
0.448320536272
0.458180942618
0.506083170911
0.42982227907
0.434310373602
0.438071380946
0.378922677044
0.36943382967
0.486462504621
0.416026528744
0.475450222912
0.507838215317
0.539230724125
0.452064224972
0.397338335586
0.426294319367
0.456675200632
0.496514692802
0.344590467654
0.367675901069
0.421858057057
0.413130142855
