0.810118523162
0.780699452306
0.764977377449
0.743791528698
0.722734496133
0.691048604124
0.688111035852
0.708468223996
0.711475854577
0.716333613439
0.708755568136
0.727680948041
0.725879672824
0.714292559449
0.713075843443
0.725144237558
0.712408680002
0.688947552782
0.676149314977
0.635074490351
0.625543984291
0.530563892856
0.482172998896
0.559841111236
0.515251104578
0.53876368776
0.512465296747
0.525054860438
0.589957417157
0.574580528835
0.560675296569
0.575129291958
0.598424372419
0.617925499067
0.604014914916
0.610754844084
0.568871218113
0.602903954418
0.585421078221
0.613805896876
0.550413674713
0.558006045727
0.551880898434
0.574687128275
0.588877372586
0.58920994648
0.591397005924
0.580190772918
0.491383491371
0.539190405942
0.538920632046
0.573265413677
0.559209525153
0.529440897051
0.524711818013
0.533618668133
0.525705065543
0.506168198884
0.507456646533
0.467321864308
0.477313308986
0.465357645916
0.417841085585
0.439162704002
0.394569317496
0.336398336704
0.330098457033
0.43765620907
0.488301685735
0.472713586487
0.417048102684
0.395807501733
0.468060338093
0.491809094944
0.529458395897
0.485330339655
0.432295319139
0.57126170865
0.581753950821
0.588083681721
0.581908497143
0.525138569786
0.565877920332
0.554262696051
0.530007014406
0.503866307931
0.552073847283
0.571384618807
0.556938833373
0.552157074533
0.556637413134
0.543501534812
0.507344642234
0.476624623911
0.479342673781
0.46267450173
0.471453602697
0.501199921475
0.441273714876
0.440361902061
