0.302196817238
0.517567880355
0.467495317122
0.608102127532
0.515077817765
0.585809936059
0.584704050472
0.619124740345
0.65922875002
0.613109460067
0.626205383442
0.660079021545
0.607153431117
0.588713505218
0.598250771368
0.583468368244
0.614407244145
0.672888879976
0.684560396246
0.639548975752
0.644476423272
0.718576743527
0.67076821031
0.598714255618
0.721906693355
0.844219945591
0.698231236736
0.648899024764
0.692290354631
0.751958619229
0.775488819162
0.757365586861
0.666022024927
0.661031039276
0.740178020317
0.828402923035
0.805729731351
0.756167970398
0.776444250649
0.748132341241
0.746226049485
0.742921886121
0.700282814068
0.743237815344
0.699207827525
0.704268718802
0.744667428016
0.753010011068
0.74836673726
0.765837518184
0.77266987372
0.648044073042
0.720738396065
0.759203438073
0.695660756798
0.664890439099
0.701336018538
0.614103966696
0.655703969309
0.677479942928
0.716884844854
0.744691059879
0.737299842042
0.65225360704
0.681094024577
0.67827362355
0.737269869005
0.760729517061
0.682408579522
0.684545536784
0.745242172546
0.692695161573
0.722580882207
0.747704530652
0.69197259019
0.802181055106
0.775113755858
0.713636593348
0.741745496409
0.74772928058
0.796525918614
0.808468104517
0.755359750855
0.75886518592
0.747610779608
0.799105559115
0.744157935699
0.688810128769
0.651432573441
0.686994326558
0.685931034719
0.741369786863
0.7447093667
0.779380139953
0.830838545122
0.825652952821
0.676097660965
0.668733384105
0.64248945345
0.697238602715
