0.988640313194
0.933817376558
0.871112206123
0.866964843414
0.835177756745
0.82722093754
0.777762637584
0.758878656817
0.819675144332
0.754761855041
0.703771436939
0.690514415378
0.626748817679
0.715160904477
0.682696197573
0.735666699475
0.746708246243
0.68900926602
0.568709323633
0.479351510271
0.518603235044
0.527598186043
0.556656560515
0.609093191521
0.581899635041
0.332782390642
0.201587933305
0.275974952732
0.350510518328
0.126235879065
0.132932496664
0.0581869472493
0.134860058155
0.147159095289
0.111754626685
0.297118465945
0.177660271802
0.012601420531
0.0242432011431
0.00826760194119
0.0695949965239
0.0267119292949
0.00101912381618
0.0179189889928
0.0134409894213
0.0653200066223
0.0710290762848
0.174099463078
0.196984206885
0.238530486097
0.278381170149
0.438003724508
0.477985562555
0.361852708877
0.411131687039
0.474710918238
0.531034941369
0.545071381669
0.61069929952
0.602187928738
0.421002422249
0.451636800269
0.530712218681
0.554503769578
0.569545383797
0.549436146941
0.578260035455
0.6502142183
0.622101675739
0.190283347933
0.0178481373246
0.0
0.00591895624042
0.01291659595
0.0257653972245
0.0522853492641
0.476523505256
0.50920706517
0.43280348886
0.275815818915
0.418136382061
0.332865763698
0.253732423945
0.405335269425
0.266623140339
0.0973067017758
0.10266172424
0.14741214372
0.0863743168657
0.146777047962
0.256819418871
0.396248837354
0.326048974469
0.255348809456
0.116554360793
0.227113652751
0.265654513698
0.153911057706
0.103935816203
0.142470232711
