0.990441448791
0.947188746782
0.91435275731
0.837523323705
0.819487159513
0.814734294796
0.814821954848
0.635901531303
0.42933288058
0.566052252331
0.482001330125
0.508856077071
0.676162158921
0.715409310226
0.733243575091
0.721765118027
0.782862541561
0.829171376367
0.859046733408
0.726394218149
0.779907144485
0.794886314496
0.790847976016
0.826555437798
0.796907033555
0.707170565201
0.74288331154
0.638846631273
0.700430417836
0.675409781905
0.770905705399
0.732270138606
0.813796440067
0.742697042376
0.41404441318
0.663339154177
0.655357969085
0.43790050476
0.202967999173
0.188656323627
0.143417094406
0.20538322345
0.230409743221
0.0760045457912
0.0834849404263
0.167632935415
0.151324007414
0.157067106648
0.01745958588
0.0618548882534
0.294883197798
0.00544943820225
0.0323613529139
0.0173820225308
0.0387189809179
0.00775624074824
0.0127861585678
0.0375277488572
0.0938185762281
0.17874411966
0.238607639633
0.123856229567
0.11458614685
0.0515412606562
0.104769663718
0.101073463839
0.124085990059
0.0712060780803
0.0444480133048
0.0762308838016
0.0106115109048
0.0181834639366
0.124468158145
0.0627439706425
0.0800396082906
0.111638750737
0.0787224753409
0.0564755064748
0.0884473016265
0.429236157667
0.0345463965748
0.0413459557242
0.038692935048
0.00663310612162
0.0259615601045
0.0252617324377
0.0026927038901
0.0434423155203
0.0733137941877
0.0725804578083
0.150903153423
0.250841415649
0.260714902099
0.129367587092
0.204033882519
0.170940342371
0.0398607398906
0.0883024773215
0.0770959792587
0.0576464323552
