0.991858333918
0.949137273654
0.841051081096
0.691335938532
0.656858261302
0.582539542543
0.508390349104
0.57050576591
0.550498390291
0.622080777132
0.632042283617
0.576652104007
0.65282761126
0.631698585633
0.656608635757
0.634617114145
0.641765627932
0.676218009205
0.684463664789
0.666649991071
0.689672798075
0.731211656524
0.750497734069
0.776430816653
0.749600538273
0.781671340868
0.772111285873
0.762687915419
0.72686224457
0.675099376847
0.686380179112
0.693913492757
0.683501394503
0.545027216448
0.586935993646
0.631387611891
0.703030253206
0.681827482231
0.612599263115
0.663980044804
0.681262565564
0.688687395716
0.679238949236
0.678448945719
0.692675725126
0.660018725424
0.686391839328
0.563702270452
0.670235769042
0.647023128725
0.55735453531
0.557530640254
0.447592320004
0.325198621826
0.329624916794
0.381265765014
0.443261548791
0.387244956775
0.320687595959
0.367925821161
0.419788648657
0.42894488747
0.457523130312
0.473064011756
0.443105215988
0.431562444862
0.484528734958
0.484085228742
0.507566163977
0.452916933383
0.455514075431
0.448278510507
0.422708023231
0.399678774365
0.442764474014
0.480075547598
0.615239735957
0.530282636196
0.510799832831
0.467740690788
0.496216587573
0.47980986718
0.510041048814
0.448835892507
0.474355952137
0.450262132004
0.423679902095
0.4051452355
0.424686227851
0.455813879077
0.470746499024
0.525293275041
0.614379842239
0.479684626419
0.435395709744
0.455211298617
0.429699907799
0.474118521303
0.480865525971
0.428167829404
