0.990399858589
0.932760882561
0.83518168781
0.705134609395
0.523703102943
0.674589153393
0.447248816646
0.358339236095
0.302401908589
0.198369421526
0.340697349117
0.483555333492
0.519745334093
0.51533927546
0.452741365288
0.313479272294
0.204471297801
0.357325867827
0.411274539003
0.498236142459
0.47036020732
0.474824284849
0.228572039976
0.0134939282369
0.0381775793712
0.0439047920629
0.0583374634429
0.0329088531202
0.0368692608757
0.048032200801
0.0
0.0
0.0
0.0740586641092
0.015982959957
0.0
0.00699906553916
0.0
0.0280010858448
0.0
0.0303819304507
0.0410616437406
0.0
0.00639235674943
0.0188872518375
0.0303414595404
0.00897839515335
0.00741119609776
0.0325135193494
0.00779584404247
0.0
0.0
0.0
0.0
0.0191848956653
0.00618587098062
0.000978628054106
0.016594365461
0.0
0.0132857128606
0.00651389252245
0.0
0.0541581454446
0.0041798768523
0.00692252620839
0.00335778552188
0.0032005616793
0.0
0.00189916704059
0.0
0.00359039451502
0.0564741654369
0.00120107339415
0.00528722601944
0.0
0.0
0.00126585625731
0.00694165715961
0.0285016913492
0.0
0.0
0.00430116141212
0.0334607189106
0.00159382090472
0.0
0.0
0.0
0.0298874635924
0.00209277548789
0.00390696104311
0.00825520079883
0.0
0.0353166853843
0.0
0.0118969691429
0.0405760221655
0.0
0.0319828039416
0.0267984583418
0.00344855250112
