0.986326806726
0.95179815277
0.88414333058
0.864001968762
0.847825786193
0.762030320292
0.786430033786
0.790084265598
0.767022374905
0.799954731035
0.767494471252
0.752718855389
0.76432209794
0.77845649635
0.77793530525
0.714682908786
0.718376881697
0.67488921093
0.740918731181
0.766829424236
0.729876013255
0.697732174806
0.697327646881
0.643775473844
0.717160366774
0.509708098924
0.270162667406
0.38035812385
0.313759092093
0.166084453735
0.301377837783
0.276329525593
0.216416961872
0.324437042468
0.27567765923
0.235136411118
0.229809084634
0.277615238783
0.213606575974
0.10231120276
0.0770879325871
0.133206016501
0.269802782375
0.00999069748176
0.0663560180344
0.0713582285551
0.162324736077
0.110080644292
0.132258775542
0.247479812338
0.284653250867
0.311419653651
0.0
0.00400091631339
0.0464539436416
0.100309648993
0.0785299825882
0.0983062437505
0.145915207687
0.145056411881
0.241671058426
0.494064761285
0.237463506378
0.143338595622
0.286093718289
0.0975696525478
0.162941541204
0.158782940738
0.0927464205126
0.0362043664941
0.0620991022095
0.106564835793
0.0310786073725
0.00933454045863
0.0213488974805
0.0344931555772
0.216095401254
0.0195959902851
0.0536189158869
0.016733674922
0.0
0.0284508112927
0.018545146918
0.03759437602
0.0296041546847
0.0
0.00569728623858
0.024103944718
0.038095306075
0.0109742683147
0.0642347788213
0.0435603820735
0.00649895327292
0.321213449668
0.185559481226
0.0542119716053
0.0118074724465
0.0283335407105
0.0363980752611
0.052613739638
