0.991920952037
0.940598453684
0.780907662736
0.77360040617
0.780823602833
0.766989744633
0.770417911622
0.708353873086
0.49929584772
0.589074589405
0.674707883544
0.620157496481
0.589489712244
0.428538984196
0.163577075862
0.146472507103
0.268893431853
0.22637622146
0.205826333353
0.235289964116
0.115102835058
0.201357712412
0.106618239969
0.180213163038
0.0774905417344
0.024276566272
0.0445883742543
0.0149167581679
0.0108772285658
0.00919647830731
0.0250989326536
0.0204680141432
0.0152334017377
0.00660186290058
0.0213423661153
0.0330607112656
0.0100951077566
0.0388381388262
0.0129326384756
0.0250106558859
0.0236403909741
0.0197185353246
0.0171115975138
0.0344060102564
0.0175854248615
0.0257255124411
0.0424989864117
0.00138407391783
0.0150208922082
0.0367093163606
0.0518522374399
0.0406503311788
0.00929986385851
0.0217800365168
0.0956603796734
0.205114344832
0.161951845037
0.0728328307892
0.0279166481751
0.0189807689618
0.0042960914664
0.0640769347509
0.131216433273
0.0561490405275
0.0765800819677
0.0951783247717
0.0501319955979
0.0173592365757
0.0314510741194
0.0
0.0409489735117
0.0
0.035963933115
0.0112377399192
0.0389514375508
0.0490048465408
0.0298157525422
0.0439495306015
0.0355260902745
0.0232349442882
0.0561018034759
0.0128257950389
0.0512964774962
0.0763524057924
0.0345582235469
0.0205558152147
0.0375587851338
0.0326509689739
0.0326376382377
0.0378233132802
0.0253467440529
0.00127498232735
0.0260924292924
0.032866102166
0.0865109209315
0.00330657488668
0.0321264942099
0.00608139819602
0.0641689516621
0.0287906266735
