0.991902143934
0.954042659575
0.915384252008
0.844862635148
0.814017820689
0.749934911878
0.659968120856
0.756945499713
0.753113422511
0.710941400741
0.713273696878
0.69278603945
0.820196163015
0.853007595859
0.857964750069
0.843237930726
0.725437911053
0.737462180336
0.675462133457
0.714322397351
0.801667463781
0.788337224305
0.775842680683
0.678466318442
0.404026055172
0.561529331392
0.565869521045
0.603863345222
0.521993515845
0.568145004181
0.51293965229
0.585588088579
0.628419673691
0.634988312985
0.626931380572
0.632999736364
0.606788600732
0.653763135629
0.681912504967
0.617871137667
0.67097951499
0.798967717946
0.752443535753
0.652374415727
0.671802297669
0.650699867829
0.63058050406
0.682075529756
0.691101423556
0.74252468609
0.80067234629
0.84312032797
0.777486427056
0.697738055732
0.669453704446
0.706793364698
0.718406140796
0.723774874428
0.743280012291
0.72273300967
0.668344535138
0.704467328887
0.649790892536
0.665701551262
0.761231747012
0.775807321159
0.727279841163
0.756270620401
0.768872255815
0.78750705499
0.80617557707
0.794171114464
0.731917092923
0.772812460569
0.816934915224
0.806120155832
0.744602795273
0.774661979572
0.785131715534
0.789178295934
0.776873354865
0.782804816511
0.723538289683
0.755675961279
0.7210849756
0.813145043762
0.834945203239
0.841415225857
0.818996174677
0.91944172893
0.857840816641
0.821660167437
0.709616876744
0.638567178913
0.601025893306
0.624966836986
0.637925716789
0.76923444886
0.683642195752
0.908248187406
