0.989515718101
0.951723275488
0.798085420817
0.794168100771
0.831043636254
0.747224248081
0.734894628635
0.770223859045
0.820500166861
0.782465664328
0.755362535836
0.678069153382
0.691295376212
0.746854598614
0.676522886576
0.678541771459
0.703582531616
0.74221729898
0.721607418832
0.766071888984
0.669148979382
0.700601675245
0.692059217735
0.68292490592
0.676954881061
0.607180399045
0.672850241631
0.661540735151
0.674866890944
0.717801161696
0.768884033313
0.776241123287
0.766842463255
0.85038623036
0.889927393829
0.891656402142
0.864250002086
0.841613158458
0.876742364619
0.840200422403
0.724622045999
0.705022186117
0.829687202217
0.887865878101
0.888803458785
0.861262451179
0.867578833313
0.882262462172
0.855848674812
0.83845645722
0.865091249386
0.87025013377
0.812672798821
0.649350064943
0.771112095309
0.734981704701
0.647963058971
0.63055103796
0.630439911951
0.682790889691
0.678062255309
0.556803761767
0.440022380609
0.376943477873
0.419599059583
0.507298725363
0.500955690033
0.512494427138
0.520833076535
0.520443789072
0.49019167881
0.506751940213
0.594752270477
0.547833344247
0.637415939972
0.681805492118
0.649458091377
0.553663348412
0.563121754744
0.559044859897
0.543793269362
0.434626290617
0.444918608545
0.582582558338
0.617506541121
0.57363472738
0.55149654314
0.537275430967
0.672779173137
0.623818541809
0.635951946736
0.651338416109
0.607611674005
0.647318244344
0.74979804519
0.779417425073
0.626175928807
0.609595135833
0.610024260864
0.594573992716
