0.991335677602
0.946950993642
0.839102859318
0.788660761578
0.799647472775
0.747541230322
0.763517715091
0.744310694964
0.755996782061
0.603391474724
0.611332149126
0.497140346813
0.51660240959
0.226493782039
0.113663570957
0.00122123490545
0.013491239695
0.0398339879391
0.0383613568507
0.0654825743769
0.0679003462753
0.0596695283571
0.0731319436247
0.0436314208157
0.0942810745553
0.117725541485
0.0633003445805
0.0742863514829
0.103203798503
0.115940301957
0.0713013310374
0.126048095036
0.222473588509
0.468400050405
0.354841210019
0.305021147117
0.398578116213
0.377166465128
0.36606408311
0.628182109841
0.515820609849
0.363909070613
0.436464990076
0.287320599688
0.545752099619
0.429715099873
0.440815291469
0.284868928407
0.16258669758
0.17917476943
0.120553959076
0.322119294479
0.196777366853
0.0511574083458
0.0655015422543
0.0844606404898
0.0929649638237
0.134536798645
0.118919467638
0.0709717357015
0.0108891219427
0.0168245660795
0.0559045204003
0.0803623285469
0.0851660182246
0.0532937121039
0.06864932219
0.0692900952026
0.00147738008187
0.0101818705115
0.0
0.0349853003273
0.0198198865893
0.00930534484682
0.00872241500225
0.0192543876408
0.0660668935839
0.0687204920434
0.128529292692
0.193036099628
0.261170984834
0.240469427874
0.141179832429
0.157248075256
0.171166226563
0.143358889135
0.158389301599
0.151224778317
0.117382253165
0.112397648496
0.114225539967
0.147599171517
0.0454261679722
0.00243509159373
0.0404406048284
0.0276269131868
0.0129272972525
0.0954347259632
0.267846246608
0.150665657484
