0.988914862073
0.92413209878
0.866828683415
0.819790751692
0.812830150382
0.74493415929
0.732977858421
0.683429344273
0.778043545126
0.787835064358
0.703248273928
0.627797915876
0.588696603861
0.540682728669
0.544450169045
0.535081535872
0.512736671014
0.587043184205
0.638087265568
0.596294320111
0.591683539739
0.569281086933
0.619372421191
0.627655063034
0.623846588698
0.544410730665
0.54497351115
0.569848469095
0.508672583805
0.570289066555
0.555721857529
0.588627796409
0.554598106738
0.547551737844
0.554799458065
0.543428014947
0.574517997449
0.593387290485
0.587403298265
0.55166557757
0.583480252119
0.584977309394
0.626961141036
0.649716480411
0.741078582485
0.727327475358
0.704088926679
0.70062389681
0.678689890563
0.671709861209
0.719594852942
0.789747141295
0.721410215268
0.829193713649
0.836660320482
0.776760187508
0.823031605681
0.764045156892
0.734018976946
0.77769496956
0.784519166599
0.840235345824
0.812189848326
0.794488186037
0.656517400571
0.542450313262
0.579667637677
0.610186332544
0.543821433006
0.519852801043
0.531232547593
0.517007021242
0.579529804705
0.534275189058
0.494255152495
0.526458707901
0.523510148985
0.519544477652
0.57222511725
0.6096844732
0.531084471233
0.529128497241
0.588056160919
0.687015792939
0.619763986721
0.554275420444
0.633419993874
0.647611065864
0.680080563509
0.693002659201
0.692197731
0.707479123903
0.74595411097
0.713352208171
0.693294456829
0.659267981205
0.750137328039
0.739538562567
0.679158735736
0.665728402333
