0.989698832489
0.948434180105
0.857729064264
0.811784090569
0.816680020364
0.86029383684
0.88173130628
0.854328952749
0.842831274999
0.870016909433
0.857027158517
0.879855848394
0.875704941204
0.855164193492
0.89137939526
0.784238982391
0.724534504922
0.74811346162
0.820538663866
0.813398682449
0.803616722982
0.790374907094
0.708287262258
0.552363397673
0.627548677984
0.510834333592
0.494400905902
0.526230189586
0.535554889938
0.552173825031
0.560621846212
0.55486897678
0.563385050468
0.571824034524
0.546688541075
0.535255845516
0.607087777201
0.623983840478
0.573384956009
0.581538924921
0.601458516763
0.646067368855
0.663675577664
0.688002145016
0.651805836033
0.655046995449
0.657767880722
0.612381527874
0.538778888912
0.574526247676
0.613005556424
0.591848059126
0.583898361597
0.66479729632
0.641208563528
0.534800646291
0.523499957893
0.524300031866
0.525686878634
0.519709171414
0.506939697005
0.494861136929
0.434207795101
0.438099498206
0.395708685739
0.376323828866
0.385419156149
0.506369143733
0.482379275561
0.491776151811
0.557192587181
0.579217132407
0.542424553606
0.507827440189
0.488023792477
0.549013096952
0.580962355648
0.590436897379
0.555059181238
0.527300472989
0.534428695572
0.566068982885
0.537913464683
0.523141010937
0.416655075718
0.373642648279
0.375448154658
0.425516503658
0.446894800871
0.412263592461
0.478993386307
0.459565207948
0.574917717099
0.79918799533
0.697493583394
0.697735704385
0.662672724966
0.687108895174
0.703515885318
0.763035124464
