0.856785875536
0.98
0.98
0.98
0.932725655499
0.896991071661
0.98
0.98
0.98
0.98
0.98
0.98
0.979603597242
0.969200024341
0.98
0.863000000004
0.95108140006
0.98
0.979794593618
0.978875134079
0.964175839455
0.98
0.910514606019
0.970169280112
0.932718555159
0.98
0.98
0.88350058486
0.953600001608
0.928697687226
0.98
0.978283226322
0.969347183847
0.98
0.746873941892
0.520624901234
0.856785875536
0.98
0.831392978024
0.753772550755
0.98
0.98
0.949279709822
0.939893338485
0.890823383135
0.979605406382
0.98
0.98
0.901875169575
0.687329043812
0.812943160269
0.98
0.85531762432
0.948427903428
0.858507942385
0.977481793696
0.98
0.98
0.977988659935
0.962461040555
0.98
0.98
0.888248666526
0.928959225063
0.944245789198
0.975000000257
0.98
0.943400003876
0.98
0.98
0.978775221617
0.98
0.98
0.98
0.98
0.831387800334
0.98
0.925613540317
0.963461040555
0.912587540097
0.98
0.9068148924
0.861582286787
0.98
0.971604262458
0.814375829085
0.98
0.821812778251
0.915224699992
0.776664668033
0.849845930415
0.945798831166
0.979625646748
0.98
0.967827638211
0.98
0.98
0.907494899089
0.98
0.98
