0.6493033153
0.816073328881
0.899179090321
0.682949177834
0.503985152758
0.633565466121
0.484754204784
0.815973263483
0.88357360148
0.98
0.9782746954
0.902389904952
0.852054826177
0.876109825609
0.970997071235
0.979608087913
0.98
0.9766181304
0.963744378623
0.919964548416
0.972088487172
0.742903082638
0.69348757847
0.907508907679
0.977849981757
0.962497210143
0.870182338979
0.927586282872
0.970430989863
0.98
0.974485959301
0.960391058011
0.925418243739
0.98
0.979036005721
0.98
0.87006621503
0.906386330972
0.793103629806
0.88622059876
0.959349730322
0.767255664419
0.706180222948
0.926680145253
0.98
0.98
0.979602258672
0.957763751164
0.83407003139
0.782066097106
0.976111420841
0.979258047616
0.975090658782
0.98
0.851963405798
0.978794425608
0.907004891116
0.905372810115
0.737134478254
0.928624197095
0.907574955553
0.903406595642
0.811106724742
0.820652455261
0.331790467082
0.254985152758
0.424985152758
0.347985152758
1.0
0.922290343448
0.98
0.973948544016
0.916747539578
0.975618270885
0.97714939848
0.945638876967
0.809530172739
0.98
0.858009265241
0.973584577038
0.853953054568
0.98
0.979175486407
0.783027973316
0.893751248993
0.97410263059
0.97576725587
1.0
0.850371577743
0.98
0.938382855369
0.951786437862
0.932497477565
0.936042520481
0.979129168986
0.79492676677
0.953929016301
0.46348757847
0.741687931315
0.809753319684
