0.785359258235
0.932299686547
0.976129168986
0.977303734449
0.98
0.892978540002
0.952857666026
0.98
0.98
0.884736907
0.856548573687
0.98
0.9741945152
0.974245367639
0.783610507291
0.979693814694
0.971209694701
0.974040848472
0.919777015677
0.975795987084
0.927074170299
0.927235454894
0.864495779151
0.979398286989
0.98
0.874364623687
0.970822455621
0.973359179798
0.872335263882
0.843462068108
0.656443411861
0.856341167049
0.910413567191
0.972926899672
0.98
0.98
0.938699711413
0.960260396559
0.927852366968
0.98
0.98
0.898759439556
0.98
0.970363483272
0.973804942268
0.98
0.974112277229
0.977151489389
0.974997394764
0.98
0.98
0.98
0.973979921704
0.959885641623
0.98
0.98
0.98
0.98
0.98
0.98
0.98
0.98
0.975298167304
0.975212939944
0.907066992849
0.964361765717
0.950550049778
0.98
0.973228506667
0.86462918867
0.835465070753
0.978589412997
0.979693814694
0.96273256332
0.98
0.86463653389
0.958724475788
0.917707036514
0.893788717459
0.96350107772
0.98
0.98
0.956114938036
0.973616080797
0.98
0.98
0.98
0.98
0.98
0.98
0.98
0.98
0.978341396962
0.98
0.974399430679
0.98
0.98
0.98
0.98
0.98
