0.789182103635
0.772501040333
0.98
0.97069127281
0.703413512614
0.835373135101
0.885275224948
0.779236907683
0.903470255273
0.887928410166
0.865597989356
0.964883246845
0.98
0.978794757675
0.948926956518
0.98
0.98
0.98
0.98
0.98
0.98
0.98
0.98
0.98
0.98
0.98
0.98
0.98
0.98
0.935507673454
0.979315534717
0.977323335434
0.819961989783
0.977592349984
0.98
0.98
0.98
0.966410618825
0.931501789527
0.974938208447
0.96592901282
0.973049843607
0.98
0.98
0.871130910906
0.98
0.98
0.973410818471
0.974469370337
0.95566475015
0.978635089227
0.977001022896
0.964568895831
0.98
0.879333180863
0.98
0.98
0.98
0.98
0.917447869419
0.946137937359
0.98
0.976765042565
0.953372694922
0.98
0.872314976636
0.9782746954
0.896909644378
0.97442452658
0.969170484442
0.921922767742
0.904429104993
0.941175314108
0.885244658894
0.970190688255
0.912366428902
0.98
0.970206466888
0.978603233663
0.905656070054
0.97562286259
0.98
0.98
0.98
0.976015556382
0.98
0.98
0.937259043495
0.98
0.933449236163
0.98
0.98
0.98
0.98
0.98
0.98
0.979
0.98
0.98
0.98
