2.32988706022e+246
1.63673863778e+303
1.62504689376e+300
1.45398073466e+038
5.73860857497e+013
2.25712344341e+042
1.85689069706e+051
1.07125459162e+055
1.77128632209e+292
1.81846131382e+184
8.90982291119e+252
7.8608604607e+252
3.37283309513e+252
6.28411895254e+252
2.19885902313e+268
7.43719709461e+264
2.56336458477e+066
1.57004869956e+037
6.05409092276e+036
42.276118791
4.49718596665e+299
5486.24964594
7025.04024481
116.139997494
1.45531471816e+015
1.0679438471
36324936.8729
3.09588767758e+024
1.47064849341
2.84043987747
1.71988812908
7.47776598143
1.31839791701e+281
8.46079480695e+025
2.03822447231e+230
1.30667251796e+025
1.28184299815e+123
1.2651775569e+033
2.88958392516e+201
1.043717457e+291
124154.17663
1.8374447422e+014
8.58605088727e+032
9.91977405029e+257
0.374383211425
0.179671305841
0.0133548896924
2.57919774703e-007
0.455899034294
0.0
0.0
0.0
0.0
0.0
0.0
0.0
0.0
0.0
0.0
0.0
0.0
0.0
0.0
0.0
0.0
0.0
0.0
0.0
0.0
0.0
0.0
0.0
0.0
0.0
0.0
0.0
0.0
0.0
0.0
0.0
0.0
0.0
0.0
0.0
0.0
0.0
0.0595499592838
3.67896415706
5.29728318338e+014
0.0
0.0
0.0
0.0
0.0
0.0
0.0020730292623
28.0670845718
0.0106022937245
0.0
0.0
