1.94034874123e+204
7144137.06985
204.145687726
0.395359749413
1.41577346847e+017
2.73805429059e+028
1.89256301694e+086
2.50099864958e+171
8.16882123897e+257
1.72820225977e+210
4.99324019055e+299
2.33577408058e+117
1.23826985484e+152
7.18996489978e+016
3.0797273827
3.80479300886
0.184243734434
0.0145486418114
0.150200902916
0.0
0.115316776704
0.0018019670679
9.47928602019
3.18694862905e+038
4.25739605481e+012
22.8171274896
1.81681010212e+219
354.696621468
1.86350462598e+225
2.58478855373e+284
1.07896611433e+236
5.69955209794e+295
4.31584558105e+298
4.15291372162e+288
3.59020480294
1.52955219575e+014
6.54460249433e+171
2.69754003429e+081
6.38968470881e+299
4.29747212916e+270
134121.787413
1.16084187086e+231
1999139.754
3.43107332378e+249
1.03724959015e+062
1.26811891354e+203
1.29512631021e+282
2.35415894871e+260
1.16137353341e+236
1.23191702085e+013
8.01256408549e+260
3.10712277256e+241
2.41466576051e+089
8.57068573071e+089
6.99813324168e+019
49.1916767405
122.521063901
35.1881723323
1.24675695816
2.68317987922e+244
41440.3273471
176081.291628
111.88112632
210.116595887
159.004122326
2.859564747e+047
1.9325145079
0.110642667485
0.513997587886
1.12247124793e+099
5.9306211192e+144
2.40722094144e+101
1.57052992043e+061
3.73809389617e+210
1.72469257451e+056
0.00138997135299
2.30960553897
2.33141188562
2247485960.55
4.41485988144e+086
4503347344.61
109.351776805
38.4363320289
165.553784479
5.29932270638
68.6378019317
21.6702728046
131.072322923
187.069700019
10.0934387574
98.8315188104
226.032278759
66.4888409193
8.53829771475
1.31692620997e+163
2.03803931997e+080
7.61556549883
258618.550147
1.57993409168
6.00015661133
