3.98716596677e+295
4.46315025508e+274
8.55182317791e+252
1.11256390591e+291
11.8685127216
1.01649020164e+168
4.96500910798e+252
3.03106346243e+253
8.09880193073e+263
1.23124350055e+253
1.19068948531e+288
4.63959823765e+252
7.6394455233e+252
1.26689208154e+253
2.93120828396e+253
2.34074451395e+253
3.26319108722e+253
6.8589464135e+252
8.07708569643e+252
2.70418487632e+158
3.38294532507e+302
4.68391989989e+034
3.72546661476
4.15856769725e+191
0.824797473378
1.62730340222e+051
13.9848342138
3288720672.7
9.27856045656e+059
7.6369870074e+013
7.64383074939
9.69193072795
4.54291602198
125069.387534
5.50840997698
2.72416392484e+283
3.87549753866e+061
9.09535241774e+280
1.25587752771e+285
2.85086227709e+054
4.80896655316e+072
2.65228822605e+084
1.0412222422e+037
464.301681775
833301542.238
1.93196601642
2.62905274057e+020
1.91641318528e+147
2.80840940697
8.59696568357e+272
1.40551930307e+204
2.95371819395e+290
1.20389583333e+039
335793039.531
4.63509818563e+014
4.13966702227e+019
5.59836028523e+024
359422296.536
48.3804305952
0.171191761242
2157388.65
604504.671417
1239.31485565
2.36425719993
0.81634263892
3853203.01008
2.45103508181e+159
4.4287640644e+229
1.56145781165e+175
1.96532173406e+175
3.47728942449e+168
1007378941.7
2.94750408658e+234
8.3702875723e+292
1.27165137806e+280
4.23505036052e+264
702554184504.0
5.19093437093e+285
6.66378997641e+292
3.64640282129e+297
1.81214873789e+013
7.37477720577e+014
8.96774023239e+016
5.38005387598e+017
239432651.494
3.95745738298e+015
8.51776076858e+013
7.35797017723
6.34264891876
1.3952380411e+023
645078339.361
1.08193224319e+300
3.06338080626e+190
5.1101969928
1.43899712521e+266
1.68719108303e+272
58076.7132948
1.18578603712e+255
3.04309967539e+303
141904.666465
