9.4667615618e+272
1.17804926077e+263
8.4339974636e+298
1.4459471316e+253
6.30727573063e+299
6.60785579101e+300
7.07550979966e+299
3.88820259919e+300
1.0581438837e+302
2.67538839844e+303
2.11663040106e+288
1.33944245706e+284
3.35488924791e+292
8.58044763944e+279
6.3547866925e+271
4.00740723208e+271
1.71251610768e+284
1.19015968204e+250
2.40838684753e+296
3.5349785944e+304
1.55350403421e+303
2.46575623527e+302
3.95157539073e+302
2.7999405207e+301
9.87032760966e+288
1386470697.63
4.51432726381e+292
9.58870510708e+296
9.01707111021e+015
6.82883258995e+040
3.23560675576e+065
1.27218768394e+070
6.90362063956e+061
3.05905931326e+255
3.6310554862e+040
8.90626187481e+277
8.70083130769e+132
1.11566644901e+097
3.54831930462e+273
1.82501150539e+129
1.57191985188e+254
1.11886381236e+081
7.94229980509e+080
1.00213113407e+304
9.35514682878e+051
9.39752098902e+052
7.29136951612e+252
3.35695082403e+264
2.91220928581e+016
0.0638383443855
3.00206373613e+048
6.24893616657e+055
1.20856963988e+122
0.0852861727886
304432266.419
10334048857.1
0.535493747233
0.687264612981
0.330618798639
0.108936170213
0.0484324264736
0.00814814814815
0.0475272128137
0.00666666666667
0.0312087912088
0.0829329245784
0.00875630252101
0.0443416261874
0.0205973715651
0.105827166452
0.327727380182
0.350969116065
0.0365055171866
0.0249047619048
1.29370312085
0.413158024586
0.429693167347
0.187820678422
0.0839880952381
0.0676360038292
0.00413793103448
0.0871209841
0.0850566487776
0.0366165413534
1.08712415337
0.180058232776
0.0363861003861
0.0343722943723
0.109634876618
0.242141608037
0.0365053235053
0.02
0.0489809869205
0.011043062201
0.0453401296033
0.000689655172414
0.0424966261808
0.898765798145
1.46346503981
0.224601791773
