4.17759732164e+026
1.09660273503e+257
2.76495933712e+232
5.27944422293
14.0448263941
128.783206966
2.28637124334e+274
12170.98687
7.01436549594e+251
13.9735324191
2.08084479213
2.28336009737e+037
1.33302988882e+016
0.156161834024
1.07543047197e+035
18.6631163897
1.98177539391e+012
0.209554699035
0.170153201603
0.735469994206
0.450355863782
0.0414437782404
0.405116453629
14.0805528241
0.14135048612
0.206344040298
5.52932112306
0.151114387122
0.0021669187412
0.00052824795791
0.00099170157235
0.0476466723225
5.68653089018e+277
8.36928661145
7.93470516484
0.548012387485
9.67532934997
5.35203126419
0.0
0.0
0.0
0.0
0.0
0.0
0.0
0.0
0.0
0.00492380429111
2.40458753458
3.24093747436
2.35770533135
0.685201247581
0.081667333566
0.347680173359
0.0
0.0
0.0168141221028
1.98444580273e+061
8.34815731399e+037
1.87676876085e+037
6311.24810216
40383.2299316
4590.55839422
0.0
0.0
0.0
0.0
0.0
0.0
0.0
0.0
0.0
0.0
0.0
0.0
0.0
0.0
0.0
0.0
0.0
0.0
0.0
0.0
0.0
0.0
0.0
0.0
0.0
0.0
0.00919048211164
0.403084924731
7.15667287142e+033
5.71510757517e+034
0.0
0.0
0.0
0.0
0.0
0.0
0.0
