0.918749853921
0.989726837281
0.989919825652
0.971661575583
0.989947316422
0.989947316422
0.989862753173
0.989947316422
0.989928476727
0.989947316422
0.989921169858
0.989947316422
0.989947316422
0.989947316422
0.984492932498
0.989548231468
0.837916399636
0.89612684806
0.461970022041
0.408590036439
0.31098060652
0.97916260976
0.989947316422
0.989947316422
0.989947316422
0.989947316422
0.989515648234
0.989753504409
0.989924569479
0.989947316422
0.989925789434
0.989927114208
0.91943230738
0.922425550921
0.956801321236
0.988164604083
0.958163821096
0.983496421718
0.989947316422
0.989947316422
0.989932567918
0.989947316422
0.989942793844
0.989947316422
0.989947316422
0.989942793844
0.989947316422
0.989947316422
0.989947316422
0.989931634183
0.989947316422
0.989947316422
0.989947316422
0.989942793844
0.989926799063
0.989947316422
0.989947316422
0.989947316422
0.989947316422
0.989947316422
0.989947316422
0.989947316422
0.989947316422
0.989947316422
0.989947316422
0.989947316422
0.989947316422
0.989947316422
0.989937888188
0.989947316422
0.989307845837
0.989947316422
0.989906421354
0.989932567918
0.989937888188
0.989947316422
0.98989682277
0.989947316422
0.989947316422
0.989911011373
0.989937888188
0.989947316422
0.989329823014
0.989947316422
0.989947316422
0.989919825652
0.989947316422
0.989947316422
0.989937888188
0.989942793844
0.989947316422
0.989947316422
0.989926799063
0.989947316422
0.989947316422
0.989947316422
0.989947316422
0.989947316422
0.98953410357
0.989947316422
