0.261020543135
0.32877448053
0.392098753553
0.421526648779
0.444850803577
0.506021068604
0.517070325395
0.412966357958
0.373460848245
0.562384156522
0.391515683833
0.445661594867
0.541154826703
0.553615333786
0.559883905688
0.539002524755
0.52932363051
0.577533720097
0.511302769206
0.544558163148
0.560349239115
0.537805312653
0.512480690288
0.516241610237
0.602504633568
0.633592132769
0.540134043364
0.566214207075
0.539126629352
0.455988673028
0.452229724096
0.563136433871
0.578504930259
0.545283020113
0.487354701157
0.569566768652
0.461465626631
0.490022869793
0.494298205177
0.569811205094
0.520355479958
0.538263494288
0.516582943936
0.566168293754
0.467993729884
0.502645654973
0.486821297385
0.434426976958
0.59152944158
0.618131122098
0.546268041085
0.545190699085
0.531925250758
0.639238268351
0.561370003742
0.549049832711
0.551519983202
0.536581283618
0.511151695915
0.507274732162
0.594740877614
0.582843388765
0.584824991698
0.506896719211
0.519987714265
0.651145393326
0.505932840839
0.586639591185
0.620531950908
0.620853550785
0.6103846156
0.626557864448
0.656197665917
0.58689127243
0.4952083231
0.510680577856
0.460088513839
0.55370021625
0.521115782625
0.4995706655
0.594681187851
0.602882708406
0.472835107512
0.467569048874
0.579060870019
0.544324459909
0.562875955615
0.507731910586
0.583806104837
0.465273627743
0.629509016101
0.562313201655
0.534027823404
0.556499154042
0.509381421034
0.516825389418
0.40681148796
0.440902745749
0.420875589084
0.442970836017
