0.261192928275
0.314485131517
0.387386716425
0.421118438723
0.457263116721
0.470769232353
0.435087427453
0.474700860033
0.461389648283
0.447781001679
0.638569953762
0.573953731627
0.500471675034
0.47243688823
0.590823839011
0.373007019063
0.437563588194
0.417319435353
0.559739734623
0.547437270497
0.501185478808
0.477788314019
0.510157831468
0.514790619382
0.609935365386
0.54903881234
0.469959188498
0.442863840327
0.4994157552
0.585345709696
0.48677235109
0.397214807078
0.463427068511
0.465153188587
0.342129460868
0.460406372885
0.463985149965
0.446680275769
0.550038290338
0.432187721078
0.459435313642
0.572090049452
0.397933015571
0.415517632416
0.550339809641
0.578582461489
0.623282053596
0.659279487524
0.583716165705
0.52769108756
0.566969635259
0.571864250987
0.563621756502
0.618626920494
0.512456484785
0.49243005102
0.491323115846
0.596463823298
0.466358028501
0.64623990825
0.453475318945
0.451752080288
0.395740717603
0.420644401818
0.440420874564
0.547041810019
0.483674053399
0.497151366483
0.533438001398
0.485252886495
0.533835372823
0.509709946222
0.54488313433
0.465751547623
0.450973975135
0.523508363821
0.530989597963
0.42601956509
0.474413918601
0.499116330672
0.426655580583
0.393139396829
0.399128845917
0.343684002147
0.464094938105
0.502132376331
0.472882895821
0.416177537678
0.486318774482
0.539607710321
0.52290361948
0.575134647223
0.572471631074
0.583571503369
0.388119283589
0.464366701726
0.590484762997
0.558802634793
0.487626203708
0.527286048802
