0.30566376272
0.442028110805
0.463364042982
0.448072293576
0.463808063846
0.479344002865
0.536139286897
0.469361049637
0.500907576954
0.602597701702
0.539594303235
0.483985480757
0.536820172482
0.608519267069
0.593808982135
0.630257326898
0.528487198048
0.597466752798
0.588782254288
0.405009129427
0.405553875065
0.499115103677
0.630490150995
0.59419505239
0.574761383207
0.437436574998
0.461482216299
0.576570406797
0.474169394168
0.496798182677
0.505115408136
0.422336368755
0.478471061434
0.587813114742
0.352108650018
0.422676147554
0.501332997169
0.388513996752
0.435564308776
0.385153114297
0.436315398213
0.515283660657
0.408867795314
0.366615278697
0.442657435561
0.407062569231
0.509923420443
0.514430649342
0.585091215486
0.471530914889
0.475357281059
0.562016494293
0.471216780028
0.40313846934
0.547777614952
0.583164891017
0.513638897394
0.591295535121
0.604878492412
0.531702243257
0.484123445056
0.543402116281
0.484743222809
0.489959790456
0.555979951344
0.456377811652
0.377556061762
0.43900457242
0.50134789476
0.563954566848
0.647596409116
0.500041638867
0.364864336411
0.350272277825
0.427992537069
0.456411953184
0.463722846719
0.481863974522
0.595473758398
0.648290325662
0.541030376512
0.486460015695
0.539686895598
0.677606285206
0.619451008625
0.538605248524
0.617538876173
0.469684010328
0.621661791315
0.569476941747
0.601352424313
0.548225594911
0.585057616842
0.479474981463
0.552154178564
0.612047677322
0.582592068484
0.460625090097
0.561453872577
0.505679270001
