0.773976354594
0.98
0.961008941995
0.932471327164
0.975807389041
0.959349730322
0.894266661089
0.98
0.937804524476
0.97807525932
0.977706975526
0.98
0.975339569621
0.810552439563
0.934262209851
0.979129168986
0.98
0.956714441038
0.977328853845
0.98
0.965669343613
0.960555671352
0.831892243812
0.978800185556
0.98
0.951072243536
0.974414324333
0.98
0.828861492949
0.952471093285
0.975797520723
0.977358955796
0.951462101578
0.98
0.98
0.974042902337
0.932600663677
0.954862343756
0.98
0.98
0.90289360777
0.98
0.951867360347
0.887125466435
0.85438344233
0.919683105447
0.839921066096
0.876126438457
0.98
0.959604056868
0.98
0.98
0.98
0.901805539804
0.96462340098
0.98
0.962300390172
0.959349730322
0.979129168986
0.979507968367
0.964007864641
0.821631207962
0.976187941089
0.97461352354
0.978741533916
0.98
0.98
0.979791196052
0.98
0.820425041459
0.97736434012
0.976065739101
0.975311152337
0.978244450947
0.856556980034
0.979793110961
0.923984683641
0.98
0.98
0.881141291626
0.98
0.97871109673
0.978230623205
0.977589396978
0.96330415711
0.927054111268
0.971690771695
0.973708621237
0.98
0.98
0.93858974602
0.98
0.98
0.899103691388
0.839205151219
0.955081599207
0.977141447672
0.978744824525
0.961121091585
0.98
