0.799250648133
0.956093560786
0.960985946662
0.978492641498
0.961488644172
0.759248903015
0.98
0.94523021739
0.977602258672
0.961684725743
0.974159134666
0.952117628092
0.98
0.98
0.98
0.98
0.976622988157
0.966892405736
0.98
0.98
0.870182999095
0.98
0.970121091585
0.972406861929
0.98
0.977156569723
0.959428550347
0.976093431404
0.922290343448
0.906213690684
0.98
0.905115202117
0.897436908557
0.877072004916
0.98
0.970911732329
0.976299657314
0.83650405472
0.929413199863
0.918051645045
0.92348806511
0.842700261858
0.976929594014
0.910603696174
0.834260365064
0.840595977996
0.768367718808
0.885900838972
0.98
0.884221224408
0.944628375863
0.838611832609
0.98
0.949671950126
0.98
0.98
0.920166922977
0.98
0.98
0.98
0.958085286946
0.957539716218
0.98
0.98
0.98
0.98
0.98
0.974534193769
0.936900462596
0.966026549699
0.978716640236
0.98
0.95869742272
0.98
0.968764760979
0.976485665026
0.98
0.973602972842
0.977027815872
0.940928919018
0.907111395752
0.861901562884
0.975467202353
0.977266689301
0.911545821945
0.977393794364
0.91809713813
0.938827659328
0.98
0.941277459953
0.976129168986
0.940748716634
0.975788148151
0.98
0.968313959469
0.98
0.98
0.98
0.970580272267
0.899836075854
