0.989637784671
0.921426089121
0.640028506047
0.458154409161
0.497417961907
0.556862994553
0.456397594229
0.319026001577
0.254507066069
0.334293354603
0.268754704189
0.287381234155
0.138645315917
0.00449525542639
0.0355642208427
0.010697595903
0.0
0.00420073765218
0.0279243749454
0.0514356829626
0.0170417472191
0.0142038492506
0.00563872871608
0.0324167072446
0.0
0.0117378823255
0.0656434640334
0.0
0.0
0.00592269582771
0.0
0.0
0.0
0.00376664106574
0.00740145582917
0.00342286336293
0.00328879433401
0.00910561116897
0.00348048118329
0.0302246349729
0.0573352255706
0.00378136215285
0.0309958942308
0.00357421258257
0.0
0.0040648491408
0.0
0.0180048043856
0.0
0.0306332731881
0.0
0.00743193753336
0.0343622452345
0.003803853635
0.0
0.0
0.00338234586281
0.00618784198971
0.0358114986369
0.0
0.0
0.00405554110721
0.0110268803805
0.00399217249154
0.0
0.00840526683934
0.0121180983903
0.0281271699161
0.0384174848036
0.0578447117697
0.0475827455673
0.0675263171444
0.0340889701612
0.0249758185772
0.0195786681561
0.0689222008205
0.0391688191404
0.0188314496936
0.00612636135526
0.00702468120743
0.00692363877247
0.00833697346437
0.0
0.0311584335024
0.00377832549626
0.0254780848198
0.00352532715048
0.0558617804644
0.0
0.0263724902646
0.00359616999691
0.0
0.0179557618993
0.0515263445067
0.0
0.0139193065418
0.0
0.00794016235182
0.0
0.0039731487078
