0.988807666919
0.927158818766
0.880728591769
0.780423313951
0.731666464871
0.709866310458
0.78975471366
0.790439513047
0.726724665191
0.69021463673
0.696796364047
0.637435364344
0.834987245643
0.846260151751
0.844611279669
0.757337538148
0.754324830881
0.704560190688
0.630819122986
0.635961746914
0.632235176971
0.678293040888
0.672530224172
0.749161778589
0.765286598401
0.71154634499
0.763179929206
0.782156675232
0.754037748068
0.794609268148
0.811042611994
0.845801289857
0.840868828531
0.804912237085
0.737647702719
0.820219428571
0.816791531338
0.777731226229
0.757842792616
0.696384688336
0.783582047447
0.834969222879
0.836000423849
0.851080147825
0.859821340068
0.810643887402
0.834156266046
0.810760443353
0.80729510421
0.843989537977
0.646365409156
0.691019699341
0.754396306851
0.706709514797
0.575230178431
0.581151399886
0.589121742128
0.526854490159
0.686963747331
0.699947059898
0.71444968365
0.588761486828
0.557746602473
0.632724347098
0.655714652855
0.582490933166
0.568959573124
0.59981925367
0.587526294465
0.601756015092
0.577462186161
0.65157064282
0.652295790688
0.683059002855
0.72461080096
0.754659392398
0.732217721716
0.809836635803
0.791471924154
0.731401233083
0.691369676585
0.646917049444
0.66461957167
0.706346833269
0.687453158924
0.721089445978
0.761868912417
0.759881532769
0.762971856086
0.772399649668
0.74952185217
0.729383451488
0.753946897623
0.741112903524
0.708505980479
0.677748588325
0.651342831978
0.664835407541
0.721481595445
0.741123234671
