0.991848401336
0.946892908986
0.895500154316
0.854621715611
0.824875548922
0.803663895725
0.732565280499
0.625326902552
0.577133788076
0.518992248096
0.486077068507
0.176231650976
0.223484261739
0.19388127363
0.149382377643
0.111846761834
0.0138908118134
0.021177967679
0.0539246107363
0.0433528272506
0.0337135079779
0.00326262357999
0.022984027117
0.00323425089193
0.0229347076628
0.049794253432
0.0242318842641
0.00842651764153
0.0309702402229
0.0377339146654
0.0835775907284
0.104634223267
0.0739993752351
0.0810298433423
0.102831193348
0.224691621105
0.248270030043
0.233906119003
0.146085876523
0.135115530693
0.200137618262
0.105274689684
0.00185603350725
0.00911607027051
0.00308785219703
0.0
0.034969159263
0.0106460172628
0.0120044867992
0.0193459560445
0.0344591270011
0.010489450193
0.0270054394777
0.0
0.00331776337926
0.00729941000348
0.00383609300775
0.0112278685134
0.0388278048904
0.0338054842526
0.04164016592
0.0319901827829
0.0115424067978
0.000709539171219
0.00356143588181
0.0
0.00359537671596
0.0
0.0
0.0299100762143
0.0
0.00375575676714
0.0565072787228
0.0
0.00633123792618
0.0307516545449
0.0336335329114
0.0238083366482
0.0309600887893
0.0130239261752
0.0401262268505
0.0235161978465
0.0
0.0340905515693
0.0
0.00685906665393
0.00335394043705
0.029180156149
0.0
0.0140270258185
0.00302936501119
0.0340458732677
0.00318017034075
0.0049028350704
0.00964179430474
0.0
0.00539015574416
0.0
0.0569597400088
0.0312659745779
