0.344313611126
0.555402438503
0.588864976763
0.636180849736
0.464808913729
0.566137218643
0.646689072213
0.601869911918
0.620827472698
0.666352936648
0.593223074584
0.596153740829
0.569621732999
0.630072441745
0.637662827982
0.503479311303
0.560956008673
0.714694603923
0.636662734324
0.597917725113
0.55434941913
0.566761007439
0.458429806234
0.549151720278
0.523750288804
0.497055516362
0.475027563009
0.55034991081
0.409759107759
0.403661577171
0.496089659613
0.621147371285
0.605868210392
0.504069745095
0.428843524746
0.496336064671
0.382481268579
0.3070950664
0.572937567245
0.636618322119
0.691151509641
0.533697027913
0.514562385377
0.511658175386
0.594654615046
0.48306546633
0.352146421769
0.433602102597
0.562780359057
0.486153333927
0.59366294252
0.504361790543
0.606993779843
0.600743691692
0.589811615245
0.587884477459
0.592575724053
0.490761612892
0.578769576522
0.604982397255
0.583305961162
0.484849928385
0.497482496547
0.491878544868
0.533415155876
0.581324152381
0.486298992925
0.573806366625
0.588495153899
0.552821171758
0.60731103326
0.577699421814
0.594728907068
0.557140682351
0.534299780205
0.630581719188
0.662054713405
0.577560427062
0.558480508938
0.495820666601
0.368296651641
0.528381021021
0.456328162919
0.503745479401
0.466537180553
0.413581025206
0.477487006009
0.629579952844
0.594015661498
0.649238673427
0.553836981528
0.590932285556
0.618538289387
0.477965388698
0.589160584951
0.578339931425
0.527704864074
0.620215898949
0.576054767269
0.500217274166
