5.22656536622e+252
2.22385987778e+220
5.28963489703
1.9787190865e+287
1.98629917987e+210
510.947740898
2379228.00761
4.51624210002e+218
7.79041269234e+110
14.438348439
8.15454573963
2.60781683677e+061
3.04802037824e+026
1.97984436846e+037
1.23440460433e+037
1.1513116087e+024
2.61589252425e+134
0.580370356125
4.45163468457e+259
1295.35003674
5.19912068773e+293
7.94340441454e+261
3.14962119748e+290
8.87219830774e+301
1.57505685394e+276
3.27801747272e+302
7.26166383956e+247
6.73201127351e+263
3.15824853611e+269
3.4678293498e+152
6.62147629799e+245
4.4093798318e+162
3.14060921116e+104
1.38361153843e+274
1.66674670564e+276
4.59832826244e+213
8.17242880216e+248
1.73410340107e+268
1.67064689524e+135
2.21609682637e+014
27015.16476
5.9193252575e+015
2.32086763436e+203
7.51013944156e+262
1.38974247936e+272
4.42188382305e+180
156.854015243
8.3916669033e+302
1.16682285533e+275
5.62803314787e+275
6.15055641216e+285
1.71241482888e+277
2.9630156437e+273
1.06264701061
6.83355597899
9.59710810627e+275
9.3210035354e+275
12.4699654721
8.32295021182e+274
4.34796687824e+117
4.1239500872e+236
1.24464552471e+246
24.6977013787
5.181317242
4.29868999537e+230
7.9887631558e+036
5.52572989224
4.29925768342e+210
3.8150896063
1.12979191896e+134
4.85020503605e+212
9.4852728367e+267
8.23205045291e+261
9.12940930783e+292
9.49031378841e+251
4.89239649768e+266
1.82076793565e+281
2.48804782015e+282
2.61600500984e+215
5.38328630191e+033
1.38948604224e+210
1.575708356e+020
1.3550152284e+121
8.50425216348e+276
1.05633931264e+180
6.7713405817e+287
422926.635959
3.69145766791e+028
1.91078064772e+281
1.73154433646e+273
7.78099037271e+272
6.19312838041e+297
4.29925768342e+210
4.07363960563e+253
1.24123853229e+259
2.69880637372e+256
6.1402872771e+279
5.35928581502e+277
4.5292570996e+279
4.97462169049e+304
