2.33415367443e+252
2.28850751715e+048
5.88783635598e+058
4.30793203946e+021
5.76524101524e+043
2.56714640524e+044
1.0378403429e+296
4.07511262907e+064
5.41609843135e+132
9.85439608811e+170
6.0027374387e+118
5.57480033838e+118
89.8027018556
10.2232439591
0.996879472848
0.0424836893449
1.82499787804
2.28324572353
8.08873172239
2.44315455668e+211
2.10455584226e+253
1.87828492641e+249
9.5632747578e+062
3449.18435565
3.38634716212e+053
0.733901890934
5.15169645127e+252
1.71079223242e+030
2.77861850786e+103
5.28423343635e+288
1.44903703252e+253
7.83596322185e+101
5.16573645315e+087
6.63213997213e+021
2.66148577618e+121
8.81984239269e+059
1.83948779027e+253
2.7361583163e+299
4.09251837206e+046
0.861077366506
1.30237681584e+253
8.62256141233e+302
1.12845673599e+105
6.75803374221e+301
0.0
1.5036720505e+092
0.0
0.466973725176
0.0
0.0
0.0
1.90285064515
4.62802556438
8.16291358222e+225
1.51426192853e+253
2.72743373398
7.5000312262e+128
1.78589005568e+130
0.63656217333
2.5520588212e+302
4.81621006698e+301
4.94844038791e+125
1.93298565718e+016
1.89738079412e+260
2.29959713818e+091
1.25056192893e+093
1.08161482679e+018
3.66873155021e+049
4.29902553237e+279
1.62899389369e+032
3.78308531662e+292
1.06334567387e+059
177127726449.0
1.09082105991e+020
1.49427466728e+024
2.80817293091e+018
2.61937360658e+049
5.90571380775e+303
9.4195998586e+254
22713.0146743
2.01463317445e+018
11647.0314849
5.43864460744e+287
1.38954582883e+246
1.61091830383e+243
6.84638447966e+241
6.22932305594e+303
5.03937809398e+302
1.3850717614e+286
3.41945441252e+218
2.67944515518e+299
6.82835465721e+303
1.80227160023e+280
5.05559740462e+263
4.53839663293e+274
4.52925381714e+225
5.83718998165e+216
7.20699409281e+250
3.4325909029e+296
2.32549087951e+243
