5.40864490412e+303
2.98975803517e+272
5.02332703252e+056
1.96635661536e+303
8.47471678967e+101
1.58867276084e+294
3.54159143241e+303
2.38103594079e+209
1.21914723409e+296
1.36861529489e+040
5.16342067981e+175
3.80304935511e+303
2.71033856056
2525049.38377
880425089734.0
8.20184869637e+216
11202661.3942
48.4751934736
4.88953183956e+215
8.29294427141e+216
3.57124121968e+221
1.3663846728
12.5805290137
5.52441021643
2221157287.58
559666241187.0
2.77051890274
7.20496125774e+172
1.54830824472e+302
67341675.2746
4.28797080656e+099
2.79437192699e+098
3.32517134283e+056
8.42120736677e+018
133.740537515
329090.668797
3.33562881222
3.16328210429
3.926125033e+283
3.02359797091
4.74719576753e+161
6954936672.55
4.7518511102e+299
0.903948807794
1.19056118827
7.67447140423e+168
0.425741274384
0.75200905319
2.38197976508
0.0848791991448
4.12083089753e+285
0.203128401061
8.50300407877e+151
1.41239837939
0.0402121985522
0.150557431607
0.178243869385
0.0119555847687
0.281902424629
0.0247011383276
0.024901027186
0.0323169920361
0.0131890456463
0.125601769501
0.249142862946
0.119377558796
166850.933691
0.070163685295
0.0448442798379
6.9446161172e+012
0.0229384120436
0.0210386280755
0.010279390047
0.0142011817322
0.0221234100881
1.3470301213
0.0134932673996
0.0195985981203
0.0127856351887
0.00782448141962
0.00701059500839
0.000881375543057
0.0137880400377
0.898136331998
0.00300907137665
0.0376266568627
0.0202888278754
0.0725198665689
0.0390133013064
0.165377069978
2.06374677068e+024
1.94448333423e+144
0.0151441879855
0.0106909917629
2.35143576837e+252
0.0873740142923
0.027750942749
0.0328895157126
0.0684679280526
0.00705249252054
