1.78444328742e+260
4.59210253296e+253
2.28585609501e+252
6.48395574742e+253
1.06938821745e+039
1.57302276444e+036
8.46640876748e+028
9.80796229953e+057
1.27714217459e+187
1.84875462102e+281
2.20021004954e+237
1.33433524574e+033
2.91147447544e+026
4048.54005107
6.61289345928e+017
1.81865195571e+036
1.09507104721e+035
1.97645030546e+032
2.62393405855e+031
3.77794363679
3.23738853455
3.45356309436
73.6264454438
246.694439563
9.47280986343e+272
1.00407435468e+245
1.52620146541
1.30176963736
1.26824838193
4.50126152675
4.06874338234
1.1632465343
8.33725647803
1.88080253898
2.05413593992
2.51264486482e+231
9.66921239212e+059
5.34432736561e+261
1.25876016426e+283
4.55456859919e+249
1.63217280292
6.75115536261e+238
3.32266070714e+212
8.18386750756e+290
3.12311497258e+275
0.0
0.0
0.0
0.0
0.0
0.0
0.0
0.0
0.0
0.0
0.0
0.0
0.0
0.0
0.0
0.0
0.0
0.0
0.23754855722
3.07323401179e+284
3.61636230969e+228
0.0
0.0
0.0
0.0
0.0
0.0
0.0
0.0
0.0
0.0
0.0
0.0
0.0
0.0
0.0
0.0
0.0
0.0
0.0
0.0
0.0
0.0
0.0
0.0
0.0
0.0
0.0
0.0
0.0
0.0
0.0
0.0
0.0
0.0
