0.980256410256
0.883835876226
0.815723616734
0.796748863844
0.703857120278
0.658924585709
0.600256410256
0.555384615385
0.463071524966
0.526923076923
0.468205128205
0.469294466937
0.469891031112
0.432051282051
0.372569500675
0.542414421709
0.552827194806
0.577828865303
0.532735461498
0.403318334645
0.375757763431
0.414482708872
0.299977203925
0.433511762775
0.5092579029
0.443808906883
0.446099865047
0.488461538462
0.416678177773
0.518170395844
0.486704453441
0.488663894664
0.506923076923
0.485610526316
0.451282051282
0.556056140351
0.568650053408
0.592051282051
0.505641025641
0.515130904184
0.558717948718
0.441351147099
0.510005675311
0.540184015131
0.546330699195
0.525491725502
0.499285333917
0.569487179487
0.535240835978
0.553558704453
0.418150607287
0.540298245614
0.527677462888
0.491720115257
0.513517562444
0.419130211183
0.464424831309
0.54207611336
0.519953459532
0.537946018893
0.546842949022
0.549230769231
0.584358974359
0.57358974359
0.609575708502
0.55814567743
0.563529138855
0.637714389172
0.670308888646
0.626628466523
0.556540890688
0.537794516784
0.462027909691
0.500440845704
0.544139811066
0.553731586704
0.574752255552
0.581794871795
0.548459508091
0.473240390998
0.518167881242
0.418213225371
0.422606047343
0.433978991137
0.491358755517
0.486589254842
0.551208585914
0.556713511082
0.398761371898
0.428327994088
0.493145746005
0.506596008385
0.553848072016
0.569007152347
0.530596221323
0.55007783492
0.562564102564
0.542307692308
0.539882846409
0.498500071384
