0.976666666667
0.89246659893
0.835897435897
0.810418893387
0.753408075282
0.732951398675
0.712830791115
0.653088955236
0.66645074224
0.583507264349
0.533703387556
0.435188933873
0.551111740891
0.533076923077
0.553159429126
0.416452996316
0.462071589025
0.459048782733
0.433211600441
0.344507785055
0.353206873733
0.321934938647
0.344349987234
0.330512820513
0.351006244301
0.379065587045
0.348345909472
0.437248167196
0.434106887454
0.49038782264
0.392496248591
0.381558590992
0.376153846154
0.356755188007
0.348782395001
0.498336121979
0.608817273954
0.555641025641
0.508205128205
0.552774755669
0.475641025641
0.560256410256
0.535047072984
0.618717948718
0.579815442973
0.481944110102
0.454161233337
0.342470175439
0.341646106951
0.466733002397
0.484061901825
0.430546894263
0.469679301456
0.430397840756
0.523201848206
0.505582334102
0.481828318401
0.544450411545
0.433076923077
0.509556041872
0.424907670423
0.479081533355
0.437641025641
0.424615384615
0.39349431861
0.424519298246
0.508944532502
0.465408874434
0.588326500187
0.635299590524
0.667918455137
0.628603640077
0.625160924855
0.595230973484
0.545705760386
0.472098953193
0.469172739541
0.560358974359
0.375443338075
0.405177127851
0.451317810559
0.372307692308
0.441517009882
0.4816929567
0.569417125628
0.509292648114
0.497091921071
0.385817429575
0.364310514679
0.388974358974
0.372289433563
0.441083707189
0.353233397913
0.409826997848
0.343494466937
0.458150022073
0.456907097265
0.51459870883
0.371794871795
0.414931611774
