3.02229359582e+304
7.54189995148e+107
1.90085519634e+109
2.10733750232e+064
7.61889213092e+128
9.30068202314e+172
4.89689293103e+252
2.00751916864e+023
1.92000995556e+023
7.77984794888e+261
2189908196.14
1.23252766938e+027
1.34574136689e+253
7.33111455055e+038
82.9963114917
2.33643298921e+252
28.5767090325
2.13114458928e+275
5.87127045111e+029
5.74443269705e+029
2401719.75722
35.3491556612
55892.4663478
40.0799950753
5.48548980373e+044
5.71219454815e+013
167283596202.0
68.7889436946
15.4455197637
1.64954819796e+061
132.613284121
24.4610444247
33.0959470534
21.1438606195
1.11888828974e+037
2.62494112829e+038
2.93220157563e+012
3.8858985556
34.7090375858
1.91769451612e+013
2.73885975002e+257
6.09100609151e+238
3.20883950484e+021
37294.4353606
7.69014103394e+030
7.92165018995e+250
2.59368525882e+225
7.15270197856e+275
6.25342293304e+034
2.22230223797
11.0858987893
3.10120029124
2.62647076999e+052
6.34743349196
4.45178728422
2.06165298111
1314.11199058
3.57803464726
6.38388010251e+021
15.3242361446
2.44900381825e+123
13.7837608861
3.17899364065e+016
2.52683333062e+220
6.63607182155
2.91196167664e+276
1.40925065809e+304
5.66795637021e+133
7.33970391045e+162
5.50288461571e+281
3.61315919169e+275
1.20454322969e+270
1.68287397253e+287
5.31336283652e+267
1.04260575627e+234
5.80271087681e+300
8.71197847296e+303
2.13762635555e+226
4.10169511648e+197
5.86410631637e+223
8.74643224789e+285
3.18365726178e+304
1.22907979728e+147
1.68517254077e+230
6.30942357842e+125
1.19081981057e+165
5.28831648564e+166
5.25507535041e+229
8.26512606887e+060
4.1271262005e+110
1.61319990152e+228
4.43570905188e+188
1.56724495139e+060
3.22447589907e+267
1.98222205364e+125
1.35126315354e+126
8.20496467367e+112
6.96993776708e+076
4.02084638706e+037
2.65360325268e+037
