0.294357174893
0.511357506705
0.63226539034
0.555560488744
0.500097223425
0.507912578403
0.436773864793
0.529738386299
0.484271980887
0.45515113842
0.485002874265
0.39550503282
0.484528456632
0.572581481398
0.387796994374
0.54538519669
0.455231752813
0.300544502024
0.257078377089
0.313318028766
0.293486645125
0.274278272619
0.291040134557
0.315290242845
0.323388315608
0.429232793901
0.36227722497
0.400669130516
0.401956790824
0.597860036803
0.491115490781
0.542314602561
0.473881654405
0.353868399563
0.319822049251
0.390757979936
0.339300117333
0.301185750966
0.27841501265
0.269845790777
0.254714627849
0.306549224548
0.25164239844
0.409638239266
0.31299858308
0.413537639217
0.524097173796
0.398582288605
0.340124546503
0.439745698886
0.392890906407
0.335738698352
0.380716835865
0.404949863038
0.43104440149
0.351745711395
0.367533673752
0.372418365128
0.30730923956
0.244624679015
0.368984648843
0.355872205634
0.353830345189
0.225338005163
0.266770721042
0.385103817402
0.463109657149
0.479557558028
0.355133826966
0.364823669687
0.460344113979
0.368806956368
0.442195666115
0.494726774566
0.40757560733
0.376285603506
0.371715453758
0.302342398821
0.319758223942
0.333861773323
0.353126803169
0.345364926623
0.355690254712
0.374745206301
0.30000009028
0.307817878004
0.42612110347
0.368861926881
0.2986261339
0.240342959531
0.328239042521
0.330099103449
0.32018342259
0.338552740001
0.281503359825
0.25800152327
0.377964347853
0.330509707933
0.335530981174
0.382434834646
