0.261495204949
0.446439758609
0.644396140643
0.512608730257
0.463576532361
0.546620710808
0.39116946917
0.359791895449
0.403158517311
0.464178374978
0.325616488058
0.202176794245
0.235186257188
0.226039956154
0.227852856946
0.288438672014
0.363793174386
0.469581908833
0.376341589183
0.347633635712
0.288312198933
0.396628984388
0.370119228993
0.296565772218
0.426480242441
0.371441305723
0.343640851218
0.282551761514
0.343635985291
0.311911002598
0.422588166352
0.320954667163
0.267395439318
0.260958638306
0.280783798411
0.314963950798
0.293177257185
0.329258922571
0.361664432139
0.549173951642
0.407864760737
0.551946119182
0.579161214073
0.455742189532
0.469517566886
0.468227223655
0.428496826886
0.482744240116
0.401862677122
0.540077665345
0.470840162298
0.326051716851
0.513483111292
0.521302808822
0.444992999216
0.350794662886
0.304126743288
0.400584010534
0.421311992727
0.303677024316
0.275709956347
0.294568283969
0.273102694529
0.400620828578
0.346557399289
0.274675033675
0.308072333846
0.313813201778
0.318309132576
0.458548382309
0.427102408502
0.504043031699
0.486562497993
0.373509813837
0.313961767962
0.41932946809
0.413377178779
0.591484796164
0.541424873488
0.58886422447
0.519328478407
0.501417218286
0.387657826961
0.534633332778
0.550409612839
0.611378514934
0.493114432951
0.427330142484
0.374110274568
0.292469389973
0.493256490934
0.469499085079
0.405659583795
0.386209555722
0.274263046397
0.388996273454
0.421878681992
0.499148138949
0.562971293845
0.629438265417
