0.988410172038
0.923421386715
0.905622474557
0.896353221352
0.898989801141
0.894770043238
0.890321358136
0.918320982455
0.912737020556
0.920940791148
0.909464721369
0.910982709172
0.928266508252
0.910454323142
0.894683268831
0.884697356943
0.87407417027
0.826269707355
0.705912146762
0.682051081173
0.695221102749
0.774257213509
0.823188797023
0.789173669363
0.815461227183
0.714421648479
0.76559495077
0.754780222532
0.740000753328
0.717625682289
0.72955110142
0.696074294828
0.727118742688
0.728538486882
0.776187174298
0.747504674869
0.732598890282
0.762075386472
0.757465055439
0.708256316527
0.762147714555
0.740617242719
0.620687223203
0.676227006024
0.643703843581
0.656572268949
0.65587477072
0.635370046239
0.57109921198
0.62061644332
0.626724854564
0.665999500776
0.713767527053
0.675142333821
0.663924116908
0.676479201327
0.6951704916
0.722047512755
0.737251371881
0.79383056863
0.853464936386
0.790246451779
0.685634521081
0.690444712662
0.685442602733
0.773107331769
0.750090023077
0.734712577058
0.664635604296
0.685721288602
0.696984392594
0.706889549333
0.715662099536
0.713244084788
0.66096222405
0.701460305806
0.727189721795
0.708105084887
0.715390443882
0.717087762049
0.718242021274
0.698793786039
0.719151277759
0.765500429616
0.71252349965
0.717418722651
0.722853160874
0.720248987125
0.680906544105
0.685986971524
0.666602277772
0.6792781049
0.658898303668
0.645590428749
0.639530870642
0.601068097875
0.583487463807
0.634467528766
0.652068757069
0.588008452083
