0.989599736001
0.921790023876
0.846150096721
0.744140315503
0.751686991169
0.701971370093
0.740348284164
0.734712713946
0.692768096946
0.676197187551
0.610090879439
0.68660619305
0.539195380836
0.640611684078
0.74607115151
0.67583882276
0.690356599771
0.713621478206
0.629950638706
0.610443011615
0.458724050899
0.469047084508
0.609204329426
0.595359935195
0.548660162105
0.592625851351
0.639351180815
0.573570913198
0.648956135769
0.60957491303
0.663729162906
0.66194373395
0.628234251652
0.587486045031
0.571344402283
0.479690594798
0.503280475401
0.587124541212
0.579800872761
0.666553819993
0.651027432604
0.627504668775
0.637659747869
0.60418626959
0.569872306576
0.20000143681
0.362894534226
0.233321508391
0.382538167355
0.577606964227
0.30680303223
0.33115082132
0.325747382986
0.149545390703
0.292629734808
0.325122815426
0.344692119983
0.407301748337
0.0856218150617
0.0420521712692
0.0
0.0111283972602
0.0150598430943
0.172782889651
0.0
0.00259363747276
0.0122315308735
0.111715348512
0.00822504258214
0.0
0.0
0.0113956281031
0.0139995901035
0.068191818959
0.162687470341
0.309712588692
0.290963594676
0.108884507681
0.0334325277385
0.00170367545648
0.0539256884615
0.264885815554
0.0993956104499
0.0952700318634
0.0409265823659
0.0166822230672
0.00874641984147
0.251322321614
0.0620891505722
0.0
0.00423336065898
0.0
0.00984534659935
0.00208070288158
0.0
0.0151618037135
0.228808613328
0.223524969816
0.191303819584
0.195709520004
