0.990719031351
0.946015510114
0.88350206303
0.841994885681
0.764262578461
0.789558563342
0.782019999631
0.77428914404
0.84887756521
0.872459987124
0.834994885343
0.851794079621
0.776815858718
0.730478857988
0.647265581894
0.594886966989
0.572445796149
0.352528963519
0.354303552929
0.141186335117
0.189059290331
0.336615112446
0.0990272916852
0.0680366787951
0.0262312524351
0.0101799451492
0.00609719445773
0.0227527733569
0.107931596203
0.0708546640551
0.0284914327213
0.0210532944791
0.00893709532398
0.0424424693915
0.0345914520144
0.0145578781595
0.0884182712382
0.0590972544072
0.0244376927846
0.0448130022014
0.178237047773
0.254621954813
0.1102676848
0.116502906629
0.159702622125
0.209913688138
0.182550019259
0.256351881704
0.171457179944
0.271118974835
0.243249071838
0.206401246919
0.312454069711
0.504635089813
0.493479637059
0.481006564815
0.426983797941
0.430909445692
0.473307857447
0.462124181374
0.472084556677
0.563119889463
0.543613037527
0.587885115728
0.483049742564
0.563658107296
0.294782517763
0.287320479045
0.194348248426
0.185057925327
0.111627677299
0.151725593952
0.145898006975
0.218559650473
0.301613500201
0.249906473816
0.281246832569
0.331095525014
0.354939419387
0.395259812156
0.361283599941
0.461251094551
0.52492638672
0.566168157648
0.469566568133
0.556720141933
0.440998030325
0.372772454895
0.363544724055
0.399803509212
0.412148542182
0.295506273139
0.298693887577
0.314484958839
0.129052329908
0.0238635753396
0.0170931029441
0.102612522259
0.177116549527
0.044222929311
