0.989662337027
0.950014166218
0.932463149295
0.9094341802
0.893801960817
0.866963144535
0.829103556279
0.890324225505
0.822733672249
0.863271375913
0.853107463731
0.877969655823
0.876868087553
0.879329282206
0.842755389485
0.804071219304
0.800424443923
0.809699618895
0.817414672687
0.870267878195
0.864960368247
0.888433252826
0.836113470796
0.811467755321
0.791542290181
0.805643373524
0.753208793565
0.770873460118
0.798466497874
0.766134451638
0.787068672165
0.755145781208
0.76503876204
0.742974869402
0.75638375382
0.743809141653
0.72293273403
0.741562942409
0.571993139167
0.632283037957
0.55228655873
0.558978805477
0.525602043023
0.537140261959
0.514919157153
0.51744326726
0.52725656386
0.57884063578
0.536697469471
0.536690249548
0.576484368572
0.686547212341
0.629492707464
0.64410017819
0.625597558681
0.610462051939
0.544487361772
0.562027578408
0.633665674238
0.680256042101
0.789004430559
0.870103900004
0.834288139696
0.778025304171
0.744032742525
0.730647031717
0.67529889954
0.70575519607
0.729318506241
0.763684851888
0.752669732042
0.718754978393
0.677155700191
0.732794298591
0.768921095795
0.840529501369
0.821573552387
0.869639738943
0.890988424191
0.889196995058
0.863970979808
0.847629717024
0.846501383651
0.777690962551
0.824130284581
0.767888324782
0.806432778794
0.781775861191
0.757223101227
0.805856655806
0.857253082239
0.886922473768
0.876442274951
0.82358553679
0.82926303876
0.817304727655
0.771062323433
0.82229672744
0.887530445543
0.837254668002
