0.700624901234
0.863787929366
0.979235295917
0.957481922436
0.977315817967
0.978147282325
0.961840273487
0.968379214796
0.879186641226
0.974917965261
0.868354096737
0.883951164796
0.977037043428
0.972282594193
0.906414228211
0.759058913583
0.913241969861
0.912992915202
0.796546982146
0.90564323824
0.887759980411
0.98
0.843259777482
0.979504999708
0.969506270035
0.906619458476
0.98
0.977746876961
0.901547434154
0.862357895573
0.928749449705
0.974737831968
0.972399704853
0.890823383135
0.961192551113
0.94500083155
0.895524706459
0.923517072102
0.886166870862
0.98
0.850566577051
0.86335227446
0.819012365796
0.878196355251
0.954987557906
0.777861005735
0.97979124
0.924558681761
0.968755078615
0.978748731087
0.972871894841
0.915485093205
0.979708314097
0.97892079245
0.98
0.950323843556
0.978700975673
0.896585275087
0.960850683354
0.973343315322
0.925618645166
0.860914591364
0.869991071661
0.972583768651
0.974738045352
0.969128124133
0.956467071324
0.824318183214
0.908797869091
0.98
0.896561898128
0.977803692149
0.83232414507
0.769406823899
0.979639036935
0.970105027107
0.961449225445
0.869275515544
0.947386245378
0.765812006198
0.938186323602
0.945462251449
0.963353951424
0.98
0.941000990036
0.900193469872
0.962209425403
0.907910478734
0.850787991974
0.880401092683
0.969164110756
0.98
0.98
0.977277434568
0.95715862109
0.979163332135
0.932725655499
0.922103393708
0.975549423549
0.979375063951
