0.867666207602
0.98
0.98
0.823392978024
0.504624901234
0.897173128362
0.979708314097
0.806101371043
0.75886488756
0.934002688189
0.886731059461
0.829098569054
0.85064038833
0.624406823899
0.98
0.98
0.900099831285
0.614624901234
0.896762288578
0.783406823899
0.707731394769
0.698624901234
0.789406781703
0.911471346278
0.782960496612
0.790624901234
0.722406823899
0.858185351688
0.919242406846
0.98
0.865313084559
0.975055998349
0.857082333306
0.922415137676
0.900706621904
0.896491256218
0.608406823899
0.593513489881
0.98
0.86662085422
0.864606980204
0.977624112218
0.98
0.944245789198
0.753406823899
0.540624901234
0.730948085892
0.753274557071
0.817964268003
0.844062128319
0.886943907037
0.830218651463
0.856738678808
0.98
0.98
0.98
0.804703533784
0.977600381405
0.976600058527
0.979749424853
0.98
0.834392978024
0.946797869091
0.978518579375
0.896487745588
0.98
0.932110279346
0.832217652502
0.943432252409
0.896394751923
0.890615997614
0.872847141995
0.909145189023
0.934601658404
0.976000672991
0.842554029929
0.904081265663
0.836617103685
0.934525842323
0.848063861876
0.929967048364
0.751039404951
0.566406823899
0.438406823899
0.841956958869
0.532406823899
0.502624901234
0.713900963468
0.550637584037
0.549406823899
0.584624901234
0.757624901234
0.940564665422
0.790795053001
0.905170604238
0.927561214685
0.958351290379
0.887101371043
0.744392978024
0.566624901234
