0.637624901234
0.88550058486
0.976047998492
0.918493134812
0.760624901234
0.776406823899
0.606406823899
0.737624901234
0.804406823899
0.98
0.939789529418
0.98
0.903753796189
0.948808391021
0.966970167838
0.769938022617
0.846305900101
0.819635392668
0.644406823899
0.877458624041
0.472624901234
0.657624901234
0.919456689955
0.733406823899
0.949656463797
0.939978101751
0.956634383159
0.917144334938
0.775635392668
0.921396725758
0.895271840624
0.922394751923
0.876624901234
0.653406823899
0.797151245118
0.98
0.98
0.893706174063
0.804053877706
0.754696437934
0.787406823899
0.604624901234
0.84528818099
0.87914583089
0.819581733789
0.890484452043
0.776406823899
0.717314330479
0.588406823899
0.661406823899
0.83218002212
0.873479933045
0.799704726719
0.793468922744
0.972169280112
0.884764683903
0.750406823899
0.495624901234
0.505624901234
0.478624901234
0.552624901234
0.600624901234
0.685624901234
0.766334576967
0.909982971356
0.902594041479
0.972282594193
0.810751333311
0.959516751347
0.908312079962
0.828778733473
0.828392978024
0.589624901234
0.846544369572
0.816064325658
0.777928553187
0.908519585801
0.931086000022
0.879179487163
0.849391574698
0.848391574698
0.882793671211
0.806101371043
0.915241850331
0.762093166607
0.931589943626
0.817225387521
0.562406823899
0.785624901234
0.805449701753
0.98
0.98
0.98
0.827392978024
0.789406823899
0.814524781254
0.94480121616
0.922797869091
0.933355099774
0.89250058486
