0.783184781007
0.975787334422
0.97437021187
0.837967527169
0.86748559568
0.881492399905
0.855777390344
0.98
0.950725655499
0.893931038336
0.918714596328
0.979600056776
0.696250428804
0.664406823899
0.896700741392
0.58096385049
0.694624901234
0.894854607839
0.98
0.919522629314
0.921795768409
0.860689564496
0.979600003946
0.903363093042
0.964092230631
0.975676558898
0.894957903127
0.98
0.974000016582
0.977528509206
0.92581823305
0.936574652483
0.979708314097
0.939520585198
0.98
0.93175335245
0.975171405205
0.98
0.928354606921
0.971630824789
0.93293151939
0.928133466707
0.972282594193
0.964918331959
0.741624901234
0.55834727386
0.841859744357
0.86007133902
0.825248582731
0.419406823899
0.664283573383
0.936230312137
0.925381933568
0.964792878379
0.757100183668
0.726406823899
0.978520821559
0.883042428165
0.98
0.977908970934
0.98
0.799184868373
0.970049288058
0.963070221344
0.839163404793
0.908619911757
0.98
0.953606687812
0.946150384563
0.945159173743
0.976719988471
0.98
0.969506388187
0.977900246643
0.890546099729
0.962461040555
0.957350834216
0.98
0.956806858296
0.98
0.96729829565
0.938004865272
0.938408419287
0.98
0.920169349654
0.948300780621
0.968940893954
0.907173594714
0.858795279464
0.972845694957
0.901698173663
0.891491949792
0.939435360759
0.946409012718
0.893000961814
0.730572352651
0.778375829085
0.964828235407
0.953985187925
0.954017361933
