0.29571103638
0.417844156787
0.447709487855
0.356418173295
0.430069536819
0.310388749217
0.273966144576
0.34491210286
0.3557581788
0.328844515448
0.245144422837
0.398382816708
0.370736100086
0.40501460383
0.403672030721
0.404752396208
0.318333851657
0.256739046194
0.25258368913
0.321058497136
0.492725130885
0.434385011123
0.527936242457
0.53905135994
0.435696049358
0.453727888774
0.539085700406
0.569211546083
0.540965280569
0.394589726056
0.406594374104
0.499621077808
0.505666026324
0.569183776272
0.50189759689
0.457526208121
0.529516411387
0.570406586827
0.485528108696
0.58220195124
0.516680037924
0.47752030616
0.445686602791
0.430080420344
0.561856307753
0.493439405829
0.411798777747
0.383291831592
0.381247685575
0.431582453915
0.39362386761
0.343842453773
0.33776850204
0.354889050251
0.308738733955
0.423276956977
0.566919530937
0.576172587052
0.488811026805
0.414514148827
0.506737763048
0.505832265941
0.390049503436
0.48081249833
0.442648069596
0.475653352059
0.375723559453
0.459060606104
0.480107767899
0.497515421372
0.520738160256
0.516990826177
0.49760240199
0.503646585443
0.428390886361
0.47957804244
0.44405437431
0.48388756604
0.490866779428
0.342511280116
0.459849829986
0.364984551753
0.413728416229
0.53424823523
0.539323394767
0.4564109168
0.514378093536
0.549210746551
0.477203994279
0.511734978612
0.495490062704
0.420695515425
0.467244574813
0.442094308791
0.405828960406
0.411581262482
0.388948763604
0.369303195193
0.524429260625
0.614607169908
