0.327693249546
0.339356823725
0.326457733223
0.403890641985
0.363061080806
0.372034266663
0.413464639188
0.351901520588
0.301304837683
0.430764394052
0.511234269526
0.484104235709
0.420248012963
0.554469289183
0.47930311013
0.430356868613
0.53800235192
0.496479757905
0.510903184025
0.479982596417
0.452680936237
0.58676704107
0.483322473946
0.486236745795
0.478986394418
0.476925946362
0.392584586208
0.496493213119
0.466097457919
0.522847531081
0.456798381525
0.440011675153
0.411004641292
0.542695761539
0.531311086729
0.544308025988
0.495635639245
0.609045302129
0.549330709079
0.462323172646
0.53537537414
0.519783348665
0.538400198642
0.543679904349
0.517280926856
0.397472004134
0.504156809385
0.577019813914
0.408939568217
0.462608882335
0.582432751646
0.563325634987
0.546775617216
0.445404604282
0.495408161454
0.434424484968
0.547997849396
0.581406552067
0.512576951552
0.397429372205
0.445056413717
0.567096094691
0.559107481553
0.554289671923
0.506694732156
0.475825678435
0.483893232922
0.509970210833
0.484534647894
0.358573231759
0.504026795224
0.549045576816
0.493680070483
0.546369796193
0.451060171385
0.380502831762
0.46595904187
0.463532593789
0.481258458523
0.481570783518
0.519667760475
0.583617853798
0.551178609013
0.612223836735
0.532044453849
0.454915389274
0.402961443579
0.445849538152
0.463994003946
0.575334731501
0.565959388134
0.503867992412
0.528379643722
0.542273626576
0.370512594366
0.427469234317
0.49686040185
0.469814408319
0.457328353237
0.507988727427
