0.323703663876
0.496882415477
0.525554421792
0.370460817769
0.409650861439
0.434321538626
0.431836588669
0.423401960319
0.423525231041
0.521479142118
0.470901947953
0.415040154417
0.405706267594
0.502405745341
0.434139189619
0.334214275382
0.376974483493
0.499797544777
0.30229245249
0.323212865496
0.235993500892
0.319691302342
0.37570660576
0.359243293191
0.586733200691
0.587360556544
0.44163013315
0.451286196157
0.38286929557
0.532651102806
0.550361114643
0.427761981557
0.453497666184
0.465102046983
0.407155095447
0.454743881295
0.348727498181
0.374414721535
0.334184292448
0.345309660195
0.317769910738
0.284991684764
0.354511934899
0.377185777237
0.364808491372
0.341843692654
0.392976757509
0.35655433424
0.459373831277
0.365262510742
0.464215361784
0.580452796183
0.497189885377
0.552915690076
0.491165511199
0.556185045241
0.47960142065
0.437826210723
0.487074391255
0.493310240848
0.379411104486
0.295273015793
0.237696679774
0.38373361627
0.335944581623
0.292210218234
0.279124999528
0.47908336366
0.537913691823
0.484830873531
0.506142633782
0.467437995803
0.421395154984
0.40146252241
0.385305751573
0.386163566493
0.376224504273
0.380037296932
0.540579187368
0.594157336533
0.484364216554
0.413691761075
0.440822266662
0.45766552375
0.392625461971
0.226306090618
0.531422357223
0.594321062302
0.513263953527
0.518244420698
0.493735237315
0.479868459771
0.584389306611
0.507514407303
0.457189114213
0.336159318604
0.318942396212
0.415986603881
0.576774450058
0.542144742523
