1.75478289235e+300
5.28371830558e+236
1.71918408059e+252
5.65914022892e+252
1.76894558298e+135
3.73066033299e+028
4.98702992576e+136
5.56449684043e+051
2.09195789561e+299
6.6974759148e+193
393.459733832
1.37768622612e+015
1.83638459498e+194
4.39811948369
3.5751226717
3.84024517049e+062
1.42355196849
1.60367435447
4936925571.77
10340199.5707
285.776675067
10.074903573
1.48498840336
1.18314691217
1.9365026997
2.38932475873
2.52025118358e+020
4.65529973326e+252
2.14253484296
3.19588499751
2.30009470383
1.76883351694
2.8014396566
6.06616440055e+022
1.85781552298
6.00708695875e+013
9.62893532289
2.19882386298
44.0519512156
46.3815818229
1.21395783329e+016
3.87401841962
147.32641901
1.19552244917
1.55079520259
3.49114905047
8.17620001923e+255
2.33243894669
2.39412925792e+179
2.4249394149
57674646.1178
10.1082585865
73.8929497542
1.44174422379
1.59815736363e+016
2.77861652029e+014
1.17864558946e+023
7.35173963167e+285
8208109862.09
5.00399958597e+012
1.61609192162
0.985341800732
3.54466684461
4.1809836098
1.18051361828
1370.11909189
6.12396190566e+025
255.459295943
10.3647975833
2.46185251161e+038
0.646580434513
1.61509103407
6676.47171792
93.0165032824
1206564803.1
7.29038913278
1.68898989412
0.900535534079
1.63456302513
1.03665796608
5.71531568508
1.34452293241
3.75519760004
1.46944357716
3.52357143971e+150
2.86039711604
2.19224887671e+029
7.77927550127
1.23931286966
0.525083732549
1.9771085916
3.98085002399e+271
0.336768944772
0.443925232928
0.864823234731
414095.519993
5.84216454536
3.24224858714
0.407640130395
3.01417379952e+022
