5.87233161144e+252
9.95902699299e+015
2.29097626258
1.72096151916
1.45521109239e+304
1.23176106109e+012
112502480812.0
432237.984733
2.55826168819e+014
60.4635292031
4.0888266455
248.429070718
1.47500248692
1.81973719209
1.21416138794
1.43621952265
26.1100805059
2.72068922548
1.07427033452
49801.0760283
0.784785321336
1.02486908864
0.511856932404
0.71982992386
9.52363516263e+126
7.94397679716
41.2561087824
11.8803573714
2.74264677122
4.43864154757
1.9528930467
1.62600858125
1.97137649448
8.91854397101
1.86444090264e+030
1086.20373789
2.83770839642
1.30792115487
1.01489303239e+021
2.90962563289
5.49035631571
9.71736801774e+268
10.4454265871
162.300384415
1.41100522819
99.9105803225
1.49826578324
2.8178168279
5.32363756588e+302
2.06936576416
1.61232443033
5.9898916429e+130
5.55268897336
1.68796038644
11.498655527
3.93228329932
2.32725287036
1.98881039942
2.11118397435
2.48583275344
2.83736738799
39.1351772555
2.35055096786
1.48131082977
1.61381471905
298.447388644
119882900784.0
1.08487797059
1.31461371612
1.95971425526e+104
1.15719053463
27.3333983118
1.47508883982e+097
5.10873121483
8505.48577516
1.46078342533
9.53222443111
2.31671954923e+038
4.26956966676e+288
10.6443059806
2.20879344571
2.07580833363
2.89333337651
5.28895946536
1.25978988256
1.42631448418
1.32028815063
4.67695164901e+220
1.63885986624
2.61252318403
1.58231112696
1.74365847963
7.90345237933
4.21143803613
1.3949408289
1.66442808145e+151
121563265906.0
1.81018582396
13.446696079
106.351642577
