5.8249061865e+035
3.75267758253e+039
5.83159807878e+301
1.86417296186e+292
1.79793148286e+043
6.26173259185e+027
8.42804907813e+304
1.82522742106e+108
1.73481270879e+300
1.57527283798e+303
20379674.3263
2.31787350082
1.19431856283e+233
3.85786331986e+017
5.31380499273e+021
5.69414948822e+015
1.55334887403e+231
3.33013259456e+042
1.07665626041e+305
1.71423437721e+302
1.11199582895e+303
7.20483898693e+304
9.74668043484e+252
9.63390741848e+028
8.12878458554e+302
8.35563887279e+303
3.11214344949e+279
5.9909182275e+290
1.17510768958e+296
1.2242789147e+300
6.81429257646
12.1234330231
14.8623402616
2.23781240972
18.7474504422
11.3991043548
49.5192715804
1.40209829545
22.3533138502
2.06934763168e+049
20746661390.4
4.87636964307e+020
4.77623807249e+022
8.71325302071e+021
2.63563291283e+286
4495.3970994
376185049.122
20746274.3027
3.91621328224e+028
4.87043998262e+304
125.330005586
2.36882829554e+043
8.53708581297
1.88026949409
0.811449275031
1.36528549591e+012
11.4219009669
23.6897751399
34.4445339963
571583096.895
8.58516496906e+015
1.16786620029e+023
6.00007051703e+022
1.67572288864e+022
2.87229315419
8487.13875353
1.08502200199e+016
5.68328844685e+297
560.18077091
46.4223000945
3.83535982278
8.4042812046e+017
5.94335560163
9.85731927053
7.85097684442
74902.327308
1.06557358933e+253
98.9153003668
17.939865902
131.033525524
3.47453576697e+044
1779.51469486
5152.36523017
2522.64001858
942.338043015
4227.40425956
1.97079215487
14.6899027117
2.13635305063e+015
98.4676934331
2.97405802118
13.1698304065
3.02606494198e+024
7.11653747521e+289
24673020.2258
21880153.1352
2.93804835946e+021
8288692405.13
9.03234058011
15.8424098766
