0.883789527102
0.98
0.806101371043
0.868999165011
0.910241969861
0.966229335016
0.98
0.956236747922
0.96460834602
0.89862472408
0.812130324224
0.931866802104
0.935319772605
0.65689856534
0.762550565516
0.958021581014
0.977708314097
0.975495929365
0.977962199527
0.846522242545
0.98
0.97433992667
0.921935333982
0.807202797471
0.922394751923
0.78886488756
0.350859778763
1.0
0.907191119723
0.968879536068
0.966376282761
0.952533724601
0.942794192873
0.972572599848
0.98
0.978772431669
0.946768632571
0.98
0.944825675607
0.78496520805
0.876110552582
0.850546090793
0.938814165138
0.856785875536
0.974655268598
0.725064816987
0.378321325124
0.354624901234
0.65689856534
0.957541398491
0.98
0.960792909043
0.963773190214
0.98
0.962054271096
0.979358767276
0.971740306593
0.98
0.972730173888
0.977500281174
0.928133466707
0.923736713687
0.957903057828
0.978539819055
0.933743583063
0.98
0.851749405181
0.978791912087
0.97879124
0.977387956668
0.972282594193
0.970555339143
0.932229952241
0.942787031124
0.98
0.964768786128
0.95422965418
0.965507093492
0.944314313239
0.98
0.968067418541
0.974524849881
0.973852679201
0.88052469273
0.963424951607
0.897630805202
0.973971193888
0.95832839489
0.953725011422
0.98
0.971787334422
0.967743342057
0.964622844649
0.958236262171
0.967823986823
0.945362770985
0.977845812649
0.86550058486
0.928385891192
0.903156219741
