0.754356247589
0.98
0.98
0.971386806762
0.965219254989
0.98
0.971699856831
0.927264410459
0.98
0.98
0.923801390087
0.849932927829
0.966161218867
0.977846624839
0.941919872923
0.945147792035
0.971919566853
0.98
0.965248902621
0.949187361952
0.93676641057
0.868645539396
0.974220981815
0.973651147608
0.972386938364
0.967823986823
0.956644990311
0.976931952494
0.82164090299
0.811456717017
0.962649115129
0.98
0.977708314097
0.977467550278
0.973765518554
0.946145679145
0.960477440821
0.976144295323
0.966384670732
0.954850413533
0.898969678041
0.928133466707
0.812142983514
0.979
0.96416462041
0.978625646748
0.888304149654
0.977200630977
0.900932068272
0.943432252409
0.98
0.942236747922
0.975946199947
0.976062531387
0.969197026437
0.979103826823
0.98
0.969591601493
0.975164875091
0.98
0.91712109941
0.98
0.975307741682
0.973520581308
0.98
0.946600013251
0.965252711682
0.976498947663
0.968416200632
0.979133184697
0.972400103355
0.977708314097
0.976809434073
0.975202057995
0.973705518824
0.949187361952
0.965026936985
0.977191384895
0.973399689957
0.969608924105
0.978166738165
0.948219226044
0.98
0.966618760813
0.977682569744
0.856667219231
0.874428115957
0.966208940503
0.868708836009
0.974001069136
0.975171573494
0.919793508798
0.98
0.973565063479
0.977192669357
0.979708314097
0.846602417796
0.98
0.96046240293
0.940501036262
