0.827564778417
0.921358974355
0.878102349778
0.98
0.935561725151
0.967823986823
0.945799776574
0.970816660685
0.899669139344
0.869838580655
0.970649322804
0.972151700362
0.914898177513
0.894032989511
0.890551528478
0.967607604707
0.98
0.979228399445
0.95017615904
0.886675126549
0.98
0.98
0.959175495007
0.974527782165
0.98
0.929399776852
0.841288990036
0.933586064037
0.961943596367
0.971098586841
0.966516751347
0.868424401291
0.949156306483
0.962461040555
0.98
0.960993512889
0.971846224898
0.973048711134
0.974578814271
0.958448178357
0.979562380655
0.98
0.98
0.930362770985
0.929635168534
0.98
0.98
0.956610359624
0.976561945311
0.866061131762
0.886091384352
0.858716030298
0.541420222614
0.98
0.9794124353
0.98
0.98
0.978200813649
0.976315598238
0.974774550585
0.98
0.974515104079
0.978450560401
0.95190822971
0.978606355726
0.936331058835
0.906821767029
0.819927191911
0.98
0.872298424328
0.973882735175
0.97304239237
0.975568477594
0.960547354593
0.979647491606
0.935876044341
0.972283177138
0.978300560872
0.969808772005
0.97720229098
0.98
0.98
0.974238700839
0.914241553126
0.98
0.978320849159
0.979708314097
0.98
0.98
0.940059344326
0.98
0.94711379785
0.98
0.98
0.979310915798
0.965252711682
0.98
0.931856566449
0.956236747922
0.97870318164
