0.687800692005
0.87553618925
0.878524706459
0.919130158098
0.853021934155
0.859769844225
0.696937640365
0.904246036192
0.833325124108
0.913774312809
0.968019651394
0.973599690479
0.974282726821
0.965442026649
0.98
0.98
0.98
0.932725655499
0.965608835712
0.975309286545
0.858107573397
0.922911720375
0.918948163928
0.948669246538
0.91193820468
0.900823383135
0.938683501602
0.936922248488
0.822053727913
0.912882988898
0.98
0.841665350066
0.887589813842
0.952729135142
0.90118454128
0.922929660642
0.698331303135
0.937129358097
0.244624901234
0.738751102901
0.969127590868
0.968720785439
0.908269036598
0.763210451669
1.0
0.930986805769
0.975676019302
0.98
0.975903741677
0.976130269741
0.98
0.957632354036
0.898230727953
0.967057043076
0.606276725456
0.870103393708
0.975293349852
0.659392978024
0.964452849679
0.73462085422
0.952386245378
0.86550058486
0.944918373596
0.94887907631
0.934664667713
0.98
0.977674215851
0.952813187534
0.956395415917
0.973583798029
0.914497166602
0.925547235759
0.90315867876
0.927922920617
0.955289210196
0.98
0.98
0.98
0.98
0.98
0.978739900307
0.979349555834
0.98
0.98
0.979
0.976659134563
0.943948600072
0.958036329566
0.944245789198
0.930280437637
0.749881884603
0.927945257939
0.98
0.970601873277
0.98
0.98
0.98
0.974767091446
0.928133466707
0.948407626698
