0.79977262446
0.946748473997
0.94244371582
0.98
0.858716030298
0.96742325832
0.879624574077
0.952175135496
0.907910478734
0.945712815261
0.878162130331
0.920054127983
0.98
0.98
0.925507243145
0.98
0.951554729004
0.971586139911
0.979138322959
0.928848231661
0.98
0.843053727913
0.972952003995
0.979561321817
0.98
0.974780917467
0.979355914262
0.974157535277
0.98
0.950685389311
0.939211072626
0.979527747827
0.920400683133
0.968632722467
0.96131872524
0.90239655861
0.828124745406
0.873028160836
0.975570749109
0.928053223088
0.969467449748
0.975908437943
0.960933604602
0.98
0.98
0.969584906081
0.974704040926
0.98
0.978746211716
0.98
0.98
0.936163976324
0.98
0.974926018561
0.973726900929
0.969169280112
0.913519618608
0.98
0.968475391673
0.920252711682
0.960490716565
0.967157535277
0.98
0.977157588176
0.973828141383
0.97747599704
0.97737434477
0.962461040555
0.948661656157
0.963754182009
0.947029623277
0.98
0.98
0.96600565079
0.9604597623
0.979207851623
0.98
0.948602355492
0.977295385328
0.978282726821
0.967448635736
0.956460405317
0.967823986823
0.98
0.976236381172
0.955505694925
0.977295473775
0.98
0.971807031453
0.98
0.98
0.98
0.98
0.971075592887
0.98
0.98
0.969528561103
0.972289174522
0.964894691029
0.962833619407
