0.834802664995
0.88107995088
0.98
0.977028219463
0.98
0.978682491412
0.979746211716
0.98
0.796327745046
0.73482390765
0.899215924887
0.81191749727
0.98
0.937005568755
0.793023162022
0.827136305483
0.851749405181
0.954017361933
0.98
0.98
0.959454138796
0.976680136273
0.96763391098
0.979
0.98
0.979818706216
0.954128375404
0.942423361214
0.98
0.955386492837
0.899579895345
0.547416095442
0.90960423223
0.964063849858
0.98
0.972164875091
0.885458878827
0.98
0.868211054097
0.812490892728
0.973333184697
0.98
0.969796377098
0.915618385474
0.804563283787
0.858128682821
0.722336557227
0.85015051157
0.929856533979
0.917866186998
0.872907024627
0.962580359945
0.943606259775
0.945362770985
0.978508538484
0.964056910448
0.923354531747
0.814170043569
0.943732841885
0.576722903857
0.415241465466
0.806150696846
0.971151556808
0.948329651074
0.978460822491
0.966516751347
0.98
0.98
0.931054620891
0.98
0.822053727913
0.977447725953
0.971610051792
0.947369891639
0.922394751923
0.937129358097
0.896700741392
0.92077983942
0.962687977207
0.98
0.972804311793
0.966314555425
0.892999243016
0.977708314097
0.895400833534
0.98
0.98
0.979279937932
0.965496020579
0.969759880572
0.975396858253
0.98
0.976606058409
0.976163931035
0.964510054511
0.900971404999
0.973315817967
0.978683485959
0.972110575123
0.972145409862
