0.682717046886
0.970429262905
0.98
0.98
0.929186006467
0.951787334422
0.890355573032
0.98
0.949322481927
0.91599213616
0.8694741562
0.961984339815
0.98
0.98
0.948440413921
0.977954281675
0.888209869638
0.98
0.972853145207
0.973878962399
0.98
0.98
0.949685796209
0.979581754826
0.974252118761
0.98
0.979446974712
0.974947848736
0.973259033896
0.91898607559
0.811309282331
0.724624901234
0.632406823899
0.628993348397
0.842981361596
0.979091605999
0.98
0.977000127146
0.974739764272
0.965017838031
0.973590509238
0.844422155127
0.98
0.967823986823
0.98
0.950375095439
0.973285002821
0.979014289437
0.922149552797
0.880814340265
0.978051425521
0.943432252409
0.962822432439
0.975520821559
0.971674137291
0.98
0.98
0.967328686334
0.970600003618
0.98
0.864337498533
0.958505673506
0.972229222727
0.812966446327
0.970372266435
0.925325594944
0.878524706459
0.818541253715
0.866956945455
0.664974669866
0.954605011534
0.837759679891
0.696835427557
0.922394751923
0.865627556328
0.98
0.934656415125
0.940205874002
0.957801872314
0.825914507152
0.966305985425
0.665526689069
0.859390077036
0.916184384143
0.915522058257
0.965770576322
0.962461040555
0.918971433875
0.794373032614
0.729533022656
0.862365751388
0.949746386229
0.967823986823
0.904354531747
0.890209319342
0.855708746308
0.951906945996
0.979758278295
0.98
0.974435385972
