0.360060059159
0.557874309148
0.662808030828
0.654101869395
0.569875494959
0.423991157436
0.529193924509
0.644369195529
0.664310128473
0.620835313334
0.654920704496
0.634370988444
0.688417421918
0.617617182448
0.597524502385
0.594612702632
0.514602517966
0.522578662294
0.578981980777
0.595382951478
0.502202182341
0.579892155138
0.479981731256
0.421043883907
0.594896835079
0.61681398733
0.665474578163
0.576730758793
0.676943542761
0.629848747085
0.576412811337
0.587750453112
0.630268523306
0.59487945594
0.558191708425
0.492882836788
0.49969252999
0.458969842194
0.489264707201
0.355061939094
0.605746655491
0.679594383148
0.607734628051
0.509139632616
0.539047151964
0.492418209411
0.432736983193
0.340886603634
0.486421407579
0.539637936475
0.592833327802
0.536936718535
0.540370500059
0.50188597488
0.436159343226
0.421371644479
0.266817338938
0.590134417875
0.670819606932
0.606501448694
0.579167911453
0.548445285996
0.564595814984
0.489124398836
0.455617568647
0.437143194524
0.578472056017
0.648283812052
0.573898263744
0.654113457427
0.564918838577
0.564007294876
0.583056385954
0.506435191143
0.456212292592
0.443348542027
0.39305474255
0.432423228166
0.513149696189
0.594612521802
0.563682503913
0.5658297432
0.526699565036
0.50527046299
0.513970753559
0.423128717278
0.448856027333
0.396342196894
0.502220935737
0.611211916551
0.61121271127
0.581423146644
0.63304631316
0.653625886786
0.683089101765
0.557850699461
0.542735341754
0.451234283988
0.562629376105
0.451999898406
