0.297999861248
0.528235991752
0.656355389603
0.641559638818
0.632890614783
0.594395846157
0.620607840458
0.513827234703
0.499074791707
0.525669907016
0.532307303716
0.504811036064
0.407400990299
0.433209449282
0.501459796794
0.582988680293
0.607402165552
0.536740745119
0.474133752388
0.413738622702
0.56289630791
0.518231083047
0.490183590344
0.518442593188
0.516813777792
0.369790860465
0.527946684384
0.502363295086
0.527357779637
0.495617628303
0.573444779361
0.437926746835
0.485782292207
0.46849493597
0.46798605087
0.526906352541
0.476382600058
0.520826470086
0.567494763558
0.606206899245
0.637806564303
0.603542883821
0.541406392535
0.667392885056
0.602329526921
0.597296858645
0.516449220555
0.522469629852
0.474391395124
0.439837004727
0.501280346889
0.523779989308
0.535957590038
0.51115688699
0.492705842145
0.472080010236
0.396770680356
0.52108952609
0.567878798572
0.585361096724
0.618644446629
0.537895209255
0.521024878775
0.418660596146
0.5101410784
0.461045032479
0.342607034696
0.48524541502
0.529453097668
0.56754967195
0.480333614937
0.501671616827
0.373347489625
0.509081637398
0.432304024568
0.442791820542
0.463865174748
0.508640372963
0.530996228345
0.608578712172
0.601499461072
0.416936915489
0.503251910444
0.615138592565
0.575638657629
0.541612890078
0.472934953253
0.44719576554
0.402820490177
0.517576367595
0.592046314902
0.588897322119
0.583143194593
0.560241259482
0.473231268207
0.46255245239
0.391616205992
0.316787308877
0.529608670772
0.505637131776
