0.327886984333
0.542601969163
0.554854996793
0.444169807005
0.38839944274
0.32770424625
0.462793348551
0.591211255735
0.63788581059
0.562174808222
0.521061892637
0.453185910146
0.551602305079
0.612458470831
0.581905332893
0.523551661299
0.52344019683
0.509696242149
0.504250131522
0.37720889835
0.416554990733
0.523018027395
0.546217242559
0.62705661942
0.622745810037
0.66257845422
0.643259048797
0.509795797308
0.487212770842
0.491280116619
0.531847643628
0.569133352543
0.598380394381
0.59195866907
0.519118254066
0.567272125009
0.557982174578
0.570138771998
0.556000011559
0.551871134983
0.505866261528
0.493840894523
0.437114850232
0.450731296555
0.327137290498
0.4968510693
0.570048715944
0.546551328007
0.57526490506
0.51542719211
0.503590561391
0.461399486578
0.315691606224
0.526950784125
0.528892728047
0.504046797799
0.433486186077
0.464245765477
0.428149260074
0.44400774555
0.497490015001
0.492349108891
0.507812688018
0.507109522518
0.450061219373
0.349101394375
0.486243455364
0.561301407724
0.538622817711
0.502658012728
0.426629642132
0.521124294787
0.431864242892
0.497298675871
0.531528261771
0.549256382607
0.563362308455
0.53380925952
0.591108050539
0.484116965247
0.527058328662
0.44915171272
0.522552735345
0.489634823144
0.37027615158
0.525697526501
0.599057439212
0.66422846804
0.580296242078
0.508040072097
0.533474459253
0.612835398275
0.587960684437
0.544612578807
0.503478849557
0.485697103046
0.475306944009
0.436728029208
0.46316723651
0.510686870905
