0.282820268853
0.510833783005
0.625327099732
0.503360284527
0.434417943385
0.585394400431
0.639738007836
0.607599870702
0.635971573909
0.594153508168
0.634164338845
0.635231136264
0.615968146411
0.580798525709
0.522170181393
0.515997030379
0.530530794632
0.485383272213
0.473639831141
0.416107554357
0.329402710906
0.477154655053
0.514510749776
0.548166799576
0.520265279831
0.343397159088
0.522756163628
0.606556060463
0.671626806167
0.559343271257
0.516020489579
0.400050515764
0.516461638606
0.590666105096
0.606534654312
0.656518998776
0.57363642741
0.469421110503
0.504624061095
0.457346600578
0.394372825821
0.473551468018
0.621933630323
0.678229766376
0.607687482705
0.618509713408
0.585430647858
0.574260605971
0.521704976356
0.494311352114
0.5730900458
0.492074391948
0.392850514084
0.443712186968
0.550443083445
0.631012580167
0.603631260706
0.655901709196
0.66031314356
0.663482394466
0.523718202758
0.503781109477
0.325811376039
0.46852503637
0.535979671374
0.478796985536
0.402326182697
0.431977158256
0.497887080155
0.585978576964
0.646883973193
0.558935206076
0.501900238641
0.572057048552
0.527477511346
0.60637916661
0.544888102439
0.546534229635
0.581957982555
0.60633736846
0.556981765472
0.595865179041
0.601009639262
0.568107747386
0.571111035561
0.589853949885
0.478474709988
0.428381248775
0.36795334467
0.576818279314
0.55065883261
0.580466457812
0.547182619227
0.401421472329
0.540434019705
0.601846310899
0.556647675803
0.525950135514
0.528507484638
0.421270954424
