0.372791407848
0.604512156399
0.657474145383
0.704539265701
0.630683168009
0.480047772544
0.513443268738
0.550811254232
0.585758097507
0.506458741902
0.476631839511
0.430137604383
0.42678698248
0.554310474786
0.573784280636
0.612914223376
0.605025795904
0.537897110269
0.56573577131
0.479845424367
0.458492680024
0.505587786467
0.586707701937
0.595045378504
0.528586788654
0.501016781486
0.504925887721
0.397438623919
0.435993720532
0.516735058602
0.433892235613
0.497747948562
0.48927230037
0.397890093464
0.487391839468
0.589657936924
0.476962267673
0.431727859491
0.456552381196
0.403301635036
0.465596705925
0.387668506943
0.284847087751
0.491233203646
0.599215966727
0.563486459239
0.628995497059
0.558457966473
0.48831229461
0.53868157588
0.542511068206
0.535991196448
0.359656468173
0.556123379672
0.588567039353
0.604180212541
0.508869555939
0.503259043004
0.459008624477
0.50420755811
0.34939919785
0.422223450691
0.460559181707
0.555007552781
0.520992728404
0.505893365515
0.575563369677
0.468279387247
0.392302417734
0.322780462695
0.523224301997
0.610894628837
0.586942042403
0.483170140015
0.524497983569
0.549682642846
0.47431763988
0.456895312556
0.465859108535
0.3454967403
0.512444135669
0.539807146202
0.470614296739
0.508124115317
0.532369288572
0.466412655724
0.369586541435
0.459130572078
0.537614664535
0.528978661697
0.610955853477
0.484465060103
0.531452045988
0.396743465507
0.49063122833
0.474968740742
0.510623909573
0.516058327383
0.577355455139
0.500820885136
