0.410984914691
0.618484982697
0.670694659053
0.600760872325
0.579140329234
0.645341178956
0.567050156166
0.566918010716
0.34100532985
0.448638664674
0.545331411855
0.469692778635
0.483625695844
0.513508815687
0.344622045625
0.490389587796
0.49635585847
0.538217812412
0.493241531096
0.505418956314
0.423635357705
0.429255452951
0.382337746086
0.547571374049
0.561967809857
0.617562427646
0.588329145325
0.605196414699
0.572528804457
0.502304321427
0.407995131995
0.450294965704
0.291209824043
0.527330577327
0.658221425583
0.633238807722
0.62323028734
0.630586472129
0.642566821753
0.50498789538
0.583715662203
0.5167403882
0.5564719124
0.523603923276
0.46213302019
0.391305418751
0.4378117773
0.557599821502
0.652460519424
0.64702174068
0.621442591895
0.572099729701
0.614618358265
0.567794188153
0.551774886329
0.547414275448
0.491837967098
0.496698782116
0.400581413789
0.559504237838
0.580101635075
0.577356645582
0.632133083265
0.608484346094
0.56956675205
0.480638500808
0.51569881403
0.564193390169
0.452338727672
0.562686004154
0.661545705973
0.579133016923
0.540377392267
0.557860323017
0.488565726538
0.346156156551
0.495928248864
0.591888635323
0.6529435851
0.618455178302
0.629174914877
0.666288794673
0.534923406627
0.596215568278
0.552837332863
0.562453760911
0.51818677906
0.476680015105
0.502923414056
0.388008350655
0.63038980082
0.675883918727
0.667202980826
0.556536453392
0.453437949737
0.293755578819
0.500128777297
0.604617296993
0.520950891008
0.482472931251
