0.303628031014
0.414476706751
0.518922238844
0.637564255949
0.59393720814
0.603930177841
0.586948980169
0.611681929142
0.585417507279
0.522872798939
0.506447141653
0.342403061708
0.495126841035
0.623171707727
0.570024335115
0.540462810142
0.442980231835
0.389892788824
0.346540329528
0.470790992233
0.507049437492
0.434085690048
0.436705759829
0.322419018875
0.416772246579
0.468528312659
0.442372794441
0.55012793124
0.464452271488
0.46819653692
0.409440485376
0.41599766259
0.532800037062
0.491837839549
0.519508313587
0.49511016808
0.494788974232
0.434684654512
0.517533367067
0.552029562962
0.488833831789
0.559350467339
0.395443756304
0.508926880777
0.462631060613
0.485479917387
0.548800263286
0.452370159447
0.353836040677
0.523198238851
0.628180830645
0.645608960971
0.5525579684
0.492598649155
0.49789449621
0.452009082422
0.414862805442
0.471839135319
0.483885796254
0.322449976415
0.536107276393
0.581109835311
0.644157648118
0.624888819203
0.507481040269
0.470371216613
0.523273015763
0.522422226027
0.424509633787
0.479059147206
0.461347166819
0.420371202638
0.441856209599
0.548095412731
0.587789381124
0.604470175693
0.53389280683
0.530097653741
0.54751381194
0.407144820723
0.495799605639
0.647100366702
0.658127545522
0.562598566101
0.534073225501
0.448283557145
0.44663514349
0.362836661817
0.437173349782
0.594479694589
0.685722674163
0.666760631369
0.663930398062
0.631301696954
0.64334611955
0.555615674255
0.53679206816
0.570879285762
0.569430371966
0.559293811207
