0.990116425422
0.953620010334
0.911040893937
0.807944623539
0.840523314559
0.76258777902
0.660722820997
0.637258913335
0.554027246951
0.399093863503
0.457603057939
0.476007413975
0.434019230316
0.462421984261
0.42944819556
0.490104115207
0.550129062828
0.598525482351
0.591825641425
0.585551041032
0.615292260728
0.543566246998
0.561916408125
0.502597298333
0.481649354892
0.441107747162
0.482062326529
0.465872642578
0.451693275414
0.433056328602
0.552758335798
0.540868756395
0.554402855118
0.62339086804
0.644788108007
0.748072225112
0.736261405658
0.793806380629
0.777771451007
0.766993830302
0.758306421053
0.777615956724
0.787342621645
0.824597737106
0.752623243179
0.61423137543
0.648827410672
0.582952361787
0.64182950748
0.622929353696
0.675880270776
0.586510706886
0.477278524734
0.56205230399
0.579267549043
0.675465463867
0.698366643358
0.634193735182
0.677553015475
0.585739558827
0.696211027158
0.716151738992
0.589471921004
0.467852829692
0.402439647798
0.531271255137
0.606118702839
0.581245979701
0.533016354921
0.532891176431
0.486813736356
0.464669855558
0.566362869713
0.631739315708
0.709876885918
0.710023036809
0.753449283578
0.778659332845
0.785910591048
0.712940724021
0.748838022796
0.744077560858
0.657076967514
0.612981956065
0.662431169109
0.6933779555
0.719267123418
0.686614739551
0.782624794619
0.727978071152
0.645813125135
0.687777827452
0.606491510264
0.515408345978
0.610648682061
0.625810952289
0.687475285739
0.581856931474
0.547157641247
0.52249279523
