0.98935686073
0.951396289259
0.89168725098
0.858721108384
0.860820766549
0.814753626034
0.887483945018
0.902771170321
0.845972008489
0.806870907446
0.824131291143
0.841943872439
0.86638149272
0.87682552492
0.894497433682
0.888905953995
0.89374170387
0.887511109039
0.879874154344
0.855717408972
0.860633624244
0.792727043952
0.725798475036
0.703422400557
0.680134244184
0.737616430337
0.764243109589
0.822506656817
0.886673808716
0.838764677279
0.774757928088
0.786736342931
0.805649138658
0.766891510974
0.825096014765
0.836854707731
0.875044270659
0.855423242201
0.870161929931
0.827140787555
0.825939171442
0.71473774638
0.762197750062
0.766056466096
0.75057721348
0.762143091224
0.730373118182
0.707131633221
0.726621307718
0.638196693385
0.668575058577
0.683325010144
0.749142737374
0.784170826776
0.802778742522
0.793431042813
0.80123572493
0.846793010445
0.837813120634
0.795493526989
0.815072634944
0.81455118367
0.846122533656
0.822122073572
0.870012097999
0.856735036987
0.868574560049
0.872676825157
0.883170818862
0.885633134329
0.889614889916
0.858725849853
0.869349729304
0.894677215597
0.894811962015
0.887972939467
0.886480266444
0.883087399293
0.899153161271
0.894522689313
0.882984268519
0.869125196824
0.86397130251
0.835323136595
0.845053965886
0.862012868841
0.86276708671
0.843107542759
0.848492295443
0.839314990043
0.82866170592
0.747784549574
0.788707224994
0.748934663483
0.79222133713
0.726229577192
0.739353226163
0.772715653995
0.75590401949
0.740022512375
