0.26216666379
0.319643427173
0.474642832257
0.440590829574
0.343094175759
0.252973472138
0.226957336328
0.267504756898
0.40262937457
0.396697226447
0.362586283687
0.496528698807
0.392651618792
0.323286998379
0.344923170832
0.345462119
0.363741460438
0.559368763732
0.575888786296
0.492027554789
0.496649112434
0.414706875492
0.370363543526
0.361346544973
0.428245801933
0.399480357001
0.502442606885
0.508418046097
0.541688897507
0.355790516093
0.316951736209
0.324993778862
0.383483442062
0.365519512654
0.388718286001
0.323714552636
0.439736530756
0.499897693553
0.277558239457
0.338224305257
0.263677311366
0.316247157209
0.291286420509
0.327205435094
0.396540505636
0.478792954575
0.437253751546
0.447313899934
0.500812385161
0.330936762773
0.359890035387
0.324393142651
0.58817561715
0.542925737349
0.480032080147
0.44210314885
0.397996979435
0.571263036981
0.370988440758
0.483912591251
0.47115659744
0.463579563818
0.502993190899
0.473504143615
0.389016066904
0.347533108902
0.440555436948
0.315304050915
0.436476281087
0.322233660441
0.3210327835
0.35724976102
0.289625692932
0.529954926476
0.561515247832
0.511404680317
0.421199813621
0.481798758177
0.523422777073
0.506691685784
0.472741140448
0.515925754651
0.520777727947
0.47069582084
0.488008290287
0.442894562581
0.496993539933
0.459364353528
0.379797660207
0.598644141097
0.437097311383
0.490097145174
0.480988342326
0.566252995682
0.515926907962
0.555195480166
0.455828046144
0.663355516276
0.676149458863
0.459470990231
