0.259411951653
0.335830748281
0.524100188419
0.448250390566
0.367246537437
0.396300005392
0.455230401473
0.631710619624
0.585434820694
0.511293215519
0.491376166986
0.503976768925
0.449198829017
0.527371146014
0.502238912066
0.456026047959
0.468481747896
0.455126185505
0.429239059287
0.514070683412
0.522250690655
0.443099592862
0.480931770849
0.41343642783
0.370281272739
0.382195910326
0.338766914412
0.356591483792
0.618046329868
0.595627532582
0.52775224754
0.577757114896
0.462932084534
0.473099494185
0.512230014373
0.40249230178
0.574686930286
0.522879293052
0.455185755709
0.320158641429
0.400471783832
0.430635441171
0.446270557034
0.575931114227
0.444175029689
0.526146213512
0.495872939541
0.493833786848
0.541798394575
0.503581575802
0.39013445361
0.473981938849
0.467054432518
0.411051820001
0.264686287432
0.235461317841
0.255566548147
0.285436655719
0.3186223489
0.352119301889
0.348541352663
0.425954857338
0.382318296847
0.260980183575
0.212569139816
0.239206410413
0.232988153138
0.323425860715
0.421154685689
0.348086913466
0.439289635836
0.286846377877
0.417772846298
0.604278450787
0.598073976681
0.566826173816
0.461146778407
0.509791874235
0.418304351218
0.438649146588
0.449520083448
0.410952569919
0.326547537702
0.424581988636
0.323587173276
0.428163485184
0.273104813492
0.327458299871
0.37207085472
0.467869782449
0.399829398593
0.396966461042
0.355432500984
0.391494173194
0.273714536131
0.358795214892
0.390408783529
0.357699749098
0.411803351032
0.42401756965
