0.882784896368
0.98
0.98
0.98
0.98
0.98
0.972028604021
0.959349730322
0.98
0.979693814694
0.964100220278
0.860610077574
0.98
0.799403179089
0.963401776173
0.98
0.979602258672
0.98
0.98
0.98
0.962497210143
0.98
0.978796164484
0.928502758517
0.976852268762
0.98
0.98
0.922263239387
0.98
0.98
0.923158654731
0.98
0.98
0.972245114228
0.931870243905
0.524652133402
0.784530172739
0.98
0.821112713073
0.94397062687
0.971126344796
0.870813791305
0.98
0.977706975526
0.94370951639
0.242985152758
0.245985152758
0.804028463353
0.98
0.98
0.98
0.98
0.98
0.98
0.98
0.98
0.98
0.955091307543
0.98
0.98
0.864836654048
0.967288556479
0.242985152758
0.242985152758
0.242985152758
0.567466676394
0.98
0.98
0.98
0.98
0.91287252449
0.968214708425
0.98
0.960141108354
0.90075329569
0.9782746954
0.95508483247
0.942667557432
0.788254272774
0.98
0.971671746857
0.884221224408
0.851534676283
0.954278488981
0.98
0.98
0.98
0.98
0.954589142775
0.98
0.977144489044
0.98
0.98
0.832035093196
0.415915699359
0.905177857889
0.967763751164
0.98
0.94211187151
0.796644864861
