0.811551710088
0.98
0.98
0.98
0.98
0.98
0.98
0.974557325478
0.98
0.98
0.98
0.96902736416
0.98
0.97420516429
0.974557325478
0.97420516429
0.890757854848
0.850238636378
0.974138414137
0.97420516429
0.882622395607
0.867771876749
0.98
0.844100323857
0.98
0.895169644268
0.94518072544
0.960720765203
0.976650462078
0.977354898216
0.98
0.98
0.98
0.98
0.98
0.98
0.98
0.98
0.972076365864
0.978479230589
0.96192383135
0.978792798984
0.974767853816
0.90229251048
0.965687654268
0.958450301787
0.941137722966
0.98
0.98
0.942974765088
0.98
0.98
0.971206681514
0.969323405547
0.97576725587
0.975562717688
0.963378617232
0.833484015894
0.98
0.97859866231
0.89894509914
0.917034316106
0.98
0.98
0.974034606674
0.98
0.969626245919
0.98
0.98
0.98
0.98
0.98
0.98
0.98
0.98
0.967920407559
0.960427138854
0.914312632184
0.96830721331
0.949647905915
0.98
0.98
0.98
0.98
0.98
0.974914007945
0.979368979116
0.972098831091
0.98
0.98
0.98
0.98
0.975786413727
0.979512713374
0.964732168083
0.98
0.98
0.98
0.98
0.98
