0.730325745888
0.98
0.98
0.963828760968
0.671497579712
0.94419130695
0.643652455261
0.242985152758
0.242985152758
0.242985152758
0.287985152758
0.856599388571
0.455434751595
0.758660249759
0.979
0.98
0.98
0.97576725587
0.950221721472
0.899416136375
0.894833193826
0.959349730322
0.926374306519
0.933766329703
0.98
0.813178163062
0.98
0.935763246109
0.98
0.98
0.98
0.98
0.98
0.969029108412
0.98
0.98
0.98
0.98
0.98
0.977476019302
0.918067810994
0.98
0.98
0.98
0.98
0.98
0.98
0.98
0.98
0.98
0.98
0.98
0.98
0.98
0.793539547625
0.907946838526
0.98
0.98
0.966216490444
0.965067418541
0.98
0.889900109629
0.906291186993
0.799403179089
0.98
0.979602258672
0.968908245183
0.919780340288
0.98
0.98
0.98
0.974800875739
0.98
0.98
0.98
0.957839897275
0.863630720004
0.77069907621
0.706068595733
0.98
0.742945983654
0.242985152758
0.242985152758
0.242985152758
0.537624901234
0.794187498975
0.775355276482
0.713475450403
0.609895789241
0.912196909023
0.98
0.98
0.98
0.947753868089
0.9752746954
0.98
0.884221224408
0.656597265445
0.98
0.98
