0.840128668117
0.98
0.98
0.98
0.98
0.964939823881
0.970019272759
0.98
0.98
0.969633598343
0.976029108412
0.97141378805
0.938086915166
0.928656165936
0.98
0.98
0.978796164484
0.963107233863
0.973888187011
0.907166179412
0.758021149594
0.864327627031
0.916601875414
0.883569305084
0.977998923124
0.979941413186
0.98
0.98
0.98
0.98
0.98
0.98
0.98
0.98
0.98
0.98
0.975546419368
0.98
0.98
0.98
0.98
0.977366189606
0.98
0.98
0.98
0.97295871879
0.973934390321
0.98
0.98
0.98
0.98
0.98
0.98
0.98
0.98
0.98
0.955167776281
0.98
0.961238929024
0.98
0.98
0.98
0.98
0.977384805818
0.974524804794
0.98
0.98
0.98
0.98
0.98
0.98
0.98
0.98
0.98
0.98
0.98
0.98
0.978718650536
0.98
0.978791162754
0.977259159439
0.98
0.98
0.975679957649
0.98
0.979014226793
0.98
0.98
0.98
0.98
0.98
0.97645707244
0.98
0.964603764825
0.977566331889
0.98
0.98
0.85710318766
0.73306512512
0.928753095649
