0.322226698641
0.416832334954
0.634214882801
0.441366468798
0.47291677965
0.505579720252
0.485016928445
0.419944312193
0.45174182672
0.435051773131
0.434822100174
0.421404128182
0.446764963346
0.553234100252
0.569881911253
0.41351646109
0.485239353969
0.488434551806
0.29770065322
0.378328706265
0.448292421289
0.441011164008
0.458450301532
0.617449110339
0.691306936273
0.61032025705
0.676181764244
0.585470326465
0.655649048733
0.6819873613
0.562537996888
0.56483223169
0.606752488156
0.523860174159
0.434915555657
0.471197408761
0.440590165898
0.403647387123
0.36813975963
0.388445452131
0.555077182323
0.465618014079
0.348878988781
0.314816504222
0.277835908508
0.376061573727
0.35784530699
0.453418088082
0.438527222535
0.414362321713
0.351979977906
0.434000450109
0.515119761495
0.445640246017
0.343136413642
0.435577005595
0.542460306563
0.396618942717
0.444665536529
0.527693582158
0.515700326247
0.535296845591
0.479636620439
0.52692632739
0.481103636873
0.502355197184
0.489673690671
0.686502423486
0.615324839976
0.596675263175
0.609193936796
0.450189646949
0.580191987199
0.420840406521
0.38288058784
0.480699837057
0.553451336281
0.476747273392
0.391320532802
0.521673014653
0.419652711413
0.465214860231
0.447290579803
0.522079427945
0.609770554283
0.5936242728
0.520194795285
0.61539237461
0.607603236192
0.572208502905
0.654788512894
0.588155529103
0.704486044819
0.497648105376
0.541362922518
0.629385586703
0.590561084402
0.457584355121
0.456170203113
0.604173481661
