0.335450933452
0.578829950401
0.623731010302
0.451809433159
0.500356828099
0.512522388441
0.58901154216
0.427942182603
0.553213714462
0.485009087263
0.525980302804
0.551605007192
0.624454586498
0.557591703041
0.520346704237
0.432841594486
0.477113523758
0.408227089824
0.409125452697
0.491427434906
0.346118488959
0.356562384021
0.439072574891
0.409441960211
0.429320542375
0.42477888757
0.360358136288
0.367087809639
0.429235702004
0.387038233069
0.512177674464
0.458630063099
0.451990657967
0.42676736464
0.440892338841
0.415242408655
0.524256508339
0.534582309363
0.540025154419
0.441874985875
0.485093842478
0.481839830958
0.466330098368
0.547134319831
0.560161670195
0.574342939477
0.580026152655
0.616495216564
0.603638100622
0.473714315035
0.592384799198
0.776769038433
0.689645785337
0.452380323207
0.540515128699
0.635003218619
0.516244223879
0.621159268694
0.562689044603
0.669814679611
0.495011483333
0.465520180246
0.431525489213
0.47535686618
0.523534181116
0.665555793854
0.574202251828
0.472974366392
0.386914181729
0.391226110629
0.444150946807
0.546158419606
0.437821902508
0.395923075476
0.536710684751
0.599992762882
0.555436749374
0.525885337887
0.604514603226
0.651612103757
0.592411557409
0.508438356034
0.616925419791
0.676819576659
0.587244335031
0.641697709408
0.566663489734
0.605532336563
0.456900765696
0.512321256365
0.484881872268
0.588190223395
0.468784176409
0.416185843773
0.396923251
0.485885409415
0.527582381746
0.48571911987
0.553007463602
0.451367224294
