0.341165020406
0.663200400325
0.690982780006
0.590113170948
0.569193987957
0.427177666938
0.436737311483
0.614785766684
0.371401807973
0.343211117732
0.398927343635
0.409196833455
0.506366819334
0.516647703166
0.549801159204
0.536634388164
0.462072014824
0.578616434106
0.491377663812
0.372877767583
0.474907275669
0.584173338281
0.419924332116
0.474779558897
0.429490187661
0.473545841391
0.435367911582
0.335895836262
0.577875070011
0.456714953673
0.581543087465
0.510676668384
0.540907093889
0.57915033042
0.394258267121
0.36564340047
0.26286536839
0.415420528263
0.464036665564
0.61066206709
0.353709243042
0.277774770622
0.366545479533
0.36864739744
0.396296735372
0.372547405535
0.575283210254
0.466735759132
0.43957007559
0.524402394999
0.424282132535
0.591718984688
0.609320896799
0.546832950212
0.643827171056
0.619500684558
0.494903592547
0.518124707634
0.483177092523
0.489491383598
0.45748733767
0.36664251496
0.294991039729
0.437295987943
0.534773621621
0.349451556133
0.249241073933
0.347450228433
0.497454613398
0.536885840023
0.510901582768
0.506655306051
0.593418652952
0.36820426
0.456365040152
0.458706522357
0.553958025354
0.562287424144
0.615790801427
0.493131578471
0.522648418298
0.543184148643
0.554218488113
0.623599098482
0.637936942065
0.656486376508
0.604590415218
0.564284268765
0.431585710896
0.55336068126
0.569225261478
0.391532421638
0.490067362473
0.50995802862
0.677896529579
0.549111414294
0.691779866624
0.586141822771
0.622804317933
0.422754541441
