0.311675021916
0.488782043796
0.607011564736
0.567650127309
0.468133066501
0.396108139452
0.421671401044
0.547939436473
0.617870446339
0.500799291529
0.558369566237
0.410035390109
0.459004975921
0.395517458766
0.53214125963
0.555623596808
0.550972669327
0.548959615337
0.599993849308
0.499602841415
0.467798955895
0.476114937505
0.429567545608
0.628846037472
0.593593097584
0.482814843571
0.481068174237
0.628995927736
0.474466213227
0.430223644704
0.539562394969
0.414359789671
0.399373078096
0.43192134033
0.505353483834
0.547463907962
0.538222594712
0.499397947288
0.441057552134
0.460845199828
0.503896577973
0.409639597758
0.528220485752
0.631435467405
0.554557781662
0.502590094819
0.459908662873
0.486091005727
0.490912981918
0.546035564725
0.662126709811
0.503434062077
0.482797496603
0.509872944424
0.479619228645
0.565558865375
0.537431067801
0.575348613666
0.587282938373
0.460543558511
0.573410948727
0.368528375563
0.447566340941
0.40462384095
0.515995469361
0.515289181494
0.470731821308
0.480387501916
0.569575223665
0.626113774766
0.532182934198
0.576223080151
0.472860631046
0.54409520698
0.502798030121
0.409795957606
0.445762119111
0.463441382063
0.616387711308
0.524255180069
0.403983295403
0.598841001993
0.557474117317
0.574817039925
0.439897814106
0.427552411932
0.551519469116
0.469553050946
0.477987223971
0.482681933051
0.461430195652
0.535869258988
0.445042183225
0.455457529594
0.522522118134
0.516509803874
0.6182762149
0.553878063625
0.531115437352
0.421310905772
