0.303013030947
0.727123029159
0.63838191619
0.573975921182
0.422562580606
0.391381064518
0.513143293567
0.516830717018
0.413232042435
0.455010497908
0.53457366303
0.399648707142
0.487970653043
0.621100561363
0.526488815794
0.526352700137
0.426309341469
0.297457957369
0.421574789521
0.426892757425
0.407968174537
0.407968880265
0.465139854808
0.537200114644
0.471897671609
0.456839542933
0.453138995668
0.571226809211
0.605444347932
0.50673970842
0.489068305527
0.485380921658
0.569430376111
0.461326933285
0.588415731672
0.501701321757
0.452550503267
0.562933815248
0.597828890744
0.492425970113
0.412307099216
0.437356201504
0.477506575083
0.593548823443
0.658045219995
0.679185139703
0.653181613291
0.668779883027
0.606959619069
0.555148936274
0.547943635884
0.498771612708
0.547634684188
0.509242350897
0.518181439233
0.594584506935
0.401331677122
0.443800808161
0.660497567998
0.491961803551
0.508630467887
0.494993135919
0.53415922072
0.40942961312
0.543421731906
0.491124830919
0.464720431141
0.510124576588
0.558551537508
0.516416175358
0.610532162477
0.63962101373
0.642566361689
0.646181233236
0.500438267305
0.5469840686
0.4007157468
0.380023616253
0.4957815517
0.509117953498
0.514144160213
0.555445680497
0.677665197323
0.510215478963
0.58275687125
0.493397885518
0.654089243762
0.551242701026
0.4930319622
0.47896042986
0.543006166827
0.383821164421
0.41876028631
0.360444889933
0.330086241295
0.51631587586
0.537513184141
0.636295762951
0.52130452
0.532003994541
