0.822814386761
0.78756176321
0.701596999853
0.633545145459
0.588566258055
0.566450528587
0.557560074992
0.542969994858
0.521138949189
0.507784268199
0.505012026532
0.484712776226
0.472355281634
0.477458391907
0.430243837688
0.430350745599
0.461187818017
0.455619237307
0.460084218408
0.505126228687
0.508189551504
0.504782436959
0.50196243068
0.486823836585
0.519548352017
0.549039465972
0.548102523968
0.538568903962
0.514137532217
0.547394310068
0.518941096641
0.527319368549
0.502494564708
0.515533478674
0.51763162566
0.530048465654
0.568545556759
0.566920628533
0.589490034229
0.573428677739
0.546172455169
0.544468910262
0.54360389577
0.472469882097
0.47915962106
0.439149086025
0.470583812335
0.468854885382
0.468081980213
0.484563178247
0.477750022573
0.46916117226
0.417360281563
0.425857058759
0.436009256615
0.421997873397
0.449350229277
0.485730195247
0.500866343848
0.482041624602
0.481847259147
0.463468963173
0.467294479851
0.480602739896
0.47888561403
0.515554958087
0.516487745538
0.475381280908
0.477905605904
0.494723865159
0.427725539479
0.453590025504
0.478022656881
0.537185217191
0.514284990315
0.519810289771
0.516999111577
0.485468496475
0.448956576006
0.504307728225
0.522917200477
0.514274467374
0.545766190743
0.548550968012
0.548301165454
0.575044184008
0.575041480013
0.555469342678
0.520813662689
0.537257858715
0.556722539789
0.579994077078
0.565810701595
0.562216879824
0.565015533164
0.582866025592
0.594415344013
0.547499634813
0.534428273546
0.532915751669
