0.333688139111
0.458612213155
0.516159687638
0.442121241291
0.567944478443
0.498481956412
0.501334602634
0.581813426409
0.545670462062
0.579183686985
0.565796891789
0.497033580368
0.532854033915
0.531285354322
0.512093160852
0.4323281019
0.452548183061
0.415401184341
0.348876407416
0.498308666432
0.521354783516
0.50164472843
0.524360479203
0.538837840874
0.475914336159
0.648214287859
0.513780567589
0.410077853259
0.549035594713
0.473743416506
0.363391424896
0.496692557949
0.507179688156
0.471842607643
0.541434839607
0.614400455416
0.525754012639
0.653132779182
0.635437683181
0.573868744056
0.47413179362
0.458549356633
0.638702070123
0.552372130556
0.620959779174
0.551169645722
0.508572349446
0.534470891614
0.648206859158
0.597162977089
0.534881500705
0.520913397906
0.568247194922
0.512863012512
0.534350371763
0.548025396026
0.564757168578
0.559821012916
0.510752868778
0.592865307585
0.533895619426
0.527693631224
0.494562685392
0.513627046809
0.584568102416
0.566215794074
0.578840275338
0.429326981875
0.540905237051
0.441628967849
0.537259757246
0.538596027303
0.519073240803
0.54125191043
0.513423833916
0.491891321123
0.579659956264
0.644048349892
0.563973830161
0.478929313272
0.417555351772
0.426527687083
0.506710756008
0.508670252819
0.623936904184
0.465127453364
0.531820318949
0.49900901299
0.484506949662
0.578629055594
0.496285091221
0.488375724436
0.61399782775
0.589052590579
0.545623911553
0.560109924737
0.523332414254
0.595133566832
0.726175674162
0.578007042695
