0.88583456339
0.989091747002
0.989920545057
0.989947316422
0.989947316422
0.989932567918
0.989919825652
0.989947316422
0.989942793844
0.98988542071
0.989937090495
0.989926799063
0.989926799063
0.989947316422
0.989898464034
0.989937888188
0.989932013882
0.989940343011
0.989947316422
0.989947316422
0.989947316422
0.989937888188
0.988871033832
0.989137236489
0.989228973146
0.989918981393
0.989942793844
0.989847668606
0.989947316422
0.989830730495
0.989663953946
0.989919825652
0.989919825652
0.989937888188
0.989932567918
0.989927876412
0.989901225318
0.989942793844
0.989947316422
0.98992434823
0.989919825652
0.989947316422
0.989926799063
0.989947316422
0.989947316422
0.989919825652
0.989947316422
0.989908850082
0.989929367441
0.989947316422
0.989947316422
0.989465007295
0.989931704719
0.989947316422
0.989947316422
0.989919825652
0.989919825652
0.989898464034
0.989937888188
0.989942793844
0.989947316422
0.989926799063
0.989947316422
0.989860701095
0.989913766574
0.989919825652
0.989947316422
0.989947316422
0.989947316422
0.989919825652
0.989947316422
0.989934574156
0.989919825652
0.989937888188
0.989947316422
0.989947316422
0.989937888188
0.989942793844
0.989947316422
0.989906421354
0.989926799063
0.989947316422
0.989919825652
0.989947316422
0.989004035745
0.989941996152
0.989932567918
0.989947316422
0.989947316422
0.989947316422
0.98992434823
0.989947316422
0.989947316422
0.989926799063
0.989947316422
0.989700162082
0.98952871022
0.989889845969
0.989947316422
0.989248632297
