0.967964610979
0.989947316422
0.989947316422
0.989947316422
0.989927886001
0.989947316422
0.989947316422
0.989919825652
0.989598731049
0.989423993365
0.989942793844
0.989947316422
0.989937888188
0.989932567918
0.989937888188
0.989947316422
0.989937888188
0.989947316422
0.989942435105
0.989934283933
0.989670576398
0.989937888188
0.98993132164
0.988829833764
0.989947316422
0.989947316422
0.989947316422
0.989947316422
0.989947316422
0.989947316422
0.989947316422
0.989926799063
0.989947316422
0.989947316422
0.989947316422
0.989941547567
0.989947316422
0.989947316422
0.989947316422
0.989932567918
0.989947316422
0.989906421354
0.989906421354
0.989947316422
0.989925789434
0.989947316422
0.989941996152
0.989947316422
0.988426423096
0.989355716158
0.989947316422
0.989942793844
0.989947316422
0.989947316422
0.989939971202
0.989904232889
0.989942793844
0.989947316422
0.989947316422
0.989235701614
0.988666418865
0.989937888188
0.989880515054
0.989628455302
0.962693867893
0.989889845969
0.989736748725
0.989937090495
0.989926799063
0.989947316422
0.989926799063
0.989947316422
0.989942793844
0.989287883354
0.989942793844
0.989947316422
0.989898464034
0.989942793844
0.989947316422
0.989942793844
0.989947316422
0.989870415549
0.989926079658
0.989937888188
0.989947316422
0.989947316422
0.989937888188
0.989947316422
0.989932013882
0.989919825652
0.989947316422
0.989905809254
0.989926799063
0.989947316422
0.989929253886
0.989803753786
0.989947316422
0.989898464034
0.989947316422
0.989947316422
