0.269063728009
0.331550853967
0.425832538069
0.466823806202
0.458649479681
0.407222411183
0.364736656095
0.34798412923
0.340325094561
0.344367581359
0.339927245931
0.309758829035
0.236238931017
0.327801997049
0.379932361931
0.417544106898
0.455972926926
0.439520828729
0.519840039988
0.549143197436
0.465158486578
0.512137894961
0.552774568317
0.489939989339
0.444272267017
0.384698017967
0.341473215274
0.410045486435
0.534852530649
0.330316179856
0.360438547432
0.263881914971
0.299263144631
0.397706021054
0.486797491616
0.321770175529
0.525613714757
0.565367381053
0.490420374902
0.439798350587
0.515104828046
0.433817304357
0.47212490874
0.418043515864
0.452721436479
0.439460944835
0.464135886693
0.418180335022
0.426079500501
0.309769205947
0.302602789389
0.25517939363
0.256713200036
0.323881046947
0.371994355631
0.35712381101
0.378858205549
0.298560080246
0.218719847859
0.343272306369
0.441896088024
0.485937345652
0.528989588063
0.56526772187
0.521274324455
0.456692188757
0.481252945641
0.56286454633
0.543366687815
0.52583403711
0.441706971865
0.465059463029
0.446097985454
0.351018611682
0.504370263623
0.510984640356
0.458599278511
0.518938202794
0.524818756336
0.454740264952
0.474525155298
0.47628975831
0.453129317103
0.45320359322
0.406193553002
0.446854055632
0.465546889934
0.454701197944
0.432512064251
0.281984636984
0.274996355503
0.33094496602
0.444719925544
0.460802060763
0.459560104973
0.46599781569
0.509868050871
0.469785167982
0.527330604854
0.551542655347
