0.271326644057
0.369811892308
0.427163335641
0.566909471171
0.418257547696
0.316247245173
0.286000517081
0.402206131745
0.39677329478
0.569620471097
0.508196199601
0.601628559851
0.444044111051
0.453599701098
0.51879300887
0.381961309557
0.50874394514
0.509907951347
0.469257055447
0.505632886975
0.533665211311
0.542447056361
0.477531607545
0.502023763198
0.492864787536
0.560512556329
0.456572742915
0.535329085677
0.499157716097
0.559302516703
0.5335918057
0.555600479543
0.534939869464
0.467214856194
0.455467715818
0.525862850759
0.517479443971
0.444394537588
0.389955580376
0.3415098801
0.432420207527
0.426172335454
0.351793113633
0.399031741451
0.432407934078
0.406077724963
0.478630850644
0.431558079077
0.620068083589
0.62452485209
0.53914475805
0.492680203718
0.536984843177
0.504744672487
0.524873446161
0.414491526331
0.467018911555
0.437626572038
0.510343439876
0.442361345608
0.482760029559
0.514773978834
0.441411733241
0.503566398112
0.50323715578
0.548614615437
0.433316106066
0.382011335851
0.458813854073
0.468502221232
0.419380081246
0.664006653308
0.546956642021
0.612280967305
0.600894639198
0.517685905644
0.523465231966
0.443276519923
0.492845570115
0.479380050532
0.472634542954
0.415193632131
0.468547237231
0.559819276085
0.59034177843
0.536480147624
0.478376177398
0.524219194923
0.564537979635
0.60021227269
0.52538849752
0.449982726637
0.426788846939
0.506853459144
0.459887682198
0.416145476484
0.503263065472
0.438767400875
0.456813044917
0.390113881305
