0.263912130196
0.30557343562
0.392904800793
0.473394961166
0.473765710497
0.326874987818
0.228562650627
0.324944278614
0.361691531441
0.47943943575
0.462858685741
0.466455493899
0.418398102294
0.379652089126
0.334086403771
0.400693054766
0.404207042203
0.415141294162
0.515284716833
0.422027361296
0.418174940292
0.472189975488
0.478424709448
0.44248742951
0.459840835022
0.499017461049
0.382277289438
0.615806239689
0.472800243079
0.422962145012
0.396464372702
0.468882545105
0.59585496525
0.524803813392
0.556202270381
0.459227063695
0.553656064107
0.470032373897
0.461683430673
0.365644504758
0.389112704107
0.432437026581
0.411742091085
0.438178811976
0.437863928352
0.38769542007
0.550066663615
0.53705307082
0.560569621486
0.435270256939
0.523817094569
0.440143365413
0.467969954648
0.376278187933
0.418321922353
0.474142912312
0.431957863704
0.333322412863
0.299914755751
0.455244319912
0.558341598898
0.489049883103
0.476940885507
0.573905695535
0.542878461146
0.528970202469
0.422802244393
0.33687722959
0.309446671295
0.396451685654
0.394258917004
0.412483017792
0.454113726778
0.355912511116
0.557060938255
0.460758177385
0.533674403253
0.594143224595
0.406175986464
0.459777068581
0.428414925414
0.418238578214
0.345861490659
0.40120580264
0.43208178419
0.427325665069
0.45259091919
0.343227757664
0.555463342267
0.655918970624
0.545550563529
0.457523374735
0.454865416689
0.509516393903
0.52535236164
0.438730668592
0.382260793049
0.299603266997
0.335998233313
0.459331043129
