0.256494558326
0.299442777518
0.386452079482
0.528260346647
0.52565667435
0.505352433997
0.431050216571
0.531452187528
0.506511752397
0.409218458827
0.361086680601
0.547291702093
0.4856157428
0.384434665213
0.532809533484
0.511097160405
0.491959843945
0.46189535212
0.504392212192
0.575818081756
0.461694524214
0.430252369665
0.58998244197
0.524090470876
0.442695214388
0.50895484364
0.51304030738
0.626977405054
0.484822447904
0.604410081115
0.627860395504
0.547700901893
0.558620229425
0.474449466438
0.546283523693
0.571994353383
0.453382285959
0.502308881072
0.432961226464
0.470974271133
0.498008008811
0.584772975408
0.588224603024
0.492531931437
0.434709296677
0.402532174063
0.566858770707
0.561199798656
0.485414535239
0.530119585663
0.594627988152
0.53944727381
0.612663945507
0.496908971356
0.508511162075
0.507157197455
0.483449886002
0.510819511282
0.486140338387
0.579599623807
0.454580994049
0.536043521069
0.431051360333
0.473147773933
0.451378984808
0.483780533236
0.625023301613
0.525700439482
0.536690334201
0.601018449907
0.605612102968
0.565892201366
0.558118807648
0.547782834965
0.518506758628
0.453821645149
0.417164762152
0.481323148014
0.520355917314
0.481522271962
0.439732848241
0.46973509715
0.646917180159
0.498352868181
0.558923441598
0.494767628855
0.51689981125
0.484574833861
0.369756141698
0.383815376694
0.366011078453
0.562285271819
0.453919460202
0.528186680981
0.59161989316
0.457036201112
0.539969941809
0.487989918253
0.553360568213
0.573696390354
