0.822105294081
0.801488087024
0.776140036273
0.737650259146
0.651867191547
0.656512958588
0.569732742836
0.577374599772
0.572276901668
0.61503395665
0.608997995701
0.567446058112
0.546732679383
0.541585382543
0.582863315239
0.491032839346
0.486939701841
0.484587909967
0.588999396785
0.598800628952
0.542197902804
0.480723450754
0.44573373114
0.553553655032
0.553620992359
0.516489160342
0.450378845269
0.435834454297
0.486398488768
0.457019578432
0.418351957691
0.379405895625
0.400520541658
0.487850881704
0.52393643243
0.521229969997
0.488079839763
0.461472823329
0.506775073139
0.468687702713
0.49880034243
0.503872810738
0.450140578157
0.474821053162
0.45611620119
0.46779615199
0.515693095617
0.49532904921
0.498944322588
0.485759135807
0.522952364416
0.544443516301
0.570878856971
0.594998818972
0.613525010968
0.57972492899
0.589097024784
0.610777471346
0.613075433558
0.539608581672
0.543289244799
0.50175631452
0.537784728697
0.521396575117
0.491640876566
0.544350563556
0.570089401039
0.609252195631
0.62317926827
0.573205302869
0.592983226125
0.616174287544
0.636007642846
0.652937430529
0.630669081312
0.615649729841
0.635656853205
0.606949125667
0.527688930459
0.527389800163
0.564545890272
0.509652139572
0.516719084731
0.586709240229
0.523438078439
0.581269157974
0.500120135423
0.588455175212
0.494306628735
0.445897718671
0.437806878464
0.436184207643
0.459265796675
0.382248792707
0.350470162489
0.486072261758
0.458769244104
0.373511348919
0.330926143016
0.300540332182
