0.825108896829
0.78789286543
0.712069045294
0.631946380648
0.699362893152
0.639635349348
0.487133749044
0.481473162375
0.65763990778
0.601977218757
0.559184630027
0.498091256142
0.541301002869
0.568727576123
0.589904649462
0.558359914071
0.475904383016
0.420208722008
0.370711133894
0.424400585928
0.432491138325
0.380705914982
0.359017810567
0.315769957412
0.271661343872
0.271870901627
0.210951418115
0.292239440522
0.283970130784
0.360564269836
0.38420853256
0.330376321551
0.273424208816
0.363498313919
0.253509942695
0.24705908684
0.211080539581
0.202333942431
0.158617444119
0.0850870276311
0.125010796428
0.200823072704
0.163587714092
0.159422481692
0.233627661885
0.199983172363
0.222764455006
0.266234703416
0.157310683681
0.204889872214
0.191415056878
0.12770649733
0.160416505629
0.136203992668
0.0968807514139
0.140275727694
0.0924226951216
0.199062298158
0.170334839267
0.196807326709
0.238564738985
0.292411899062
0.30380076447
0.092596656959
0.0931452545503
0.0848810914625
0.12487953696
0.14549100431
0.258627891498
0.136096809314
0.102399504818
0.114134184337
0.179063375728
0.0649401322314
0.0588605829327
0.0939461674453
0.122894296472
0.0838671706071
0.0769665048563
0.0391570795824
0.0687924700382
0.0644025753549
0.0776232105554
0.0671414514654
0.0599671869606
0.0661320724147
0.0849406934374
0.086242445203
0.110591065638
0.0394939631871
0.0433664586579
0.0184810537966
0.0469366309228
0.0710360614681
0.0746954582034
0.0255624842396
0.0641301943551
0.0486719464044
0.0389596731201
0.0479435253275
