3.34869689911e+304
2.33989285306e+181
6.83683565942e+041
4.01317514568e+280
1.05172714943e+250
9.15505728164e+289
1.06908715165e+267
1.23130401626e+304
2.13504945448e+149
3.91964217528e+213
9.37758399334e+277
1.73620994694e+303
3.46639315909e+255
6.75811774556e+277
2.08270840525e+143
2.09779899301e+149
2.65947925562e+205
1.78863973767e+155
7.28115552534e+250
8.43301400383e+240
5.73029276117e+271
8.30503656935e+251
2.26909327086e+272
3.01046411002e+303
6.61944632675e+274
5.80691215341e+304
5.33281240743e+304
3.04747659973e+240
5.4330065644e+185
3.90253903434e+254
1.91526668287e+303
4.84052081728e+160
1.77535722216e+288
3.1059565205e+158
5.77811223034e+126
9.34088718509e+127
1.52960309489e+256
1.35039961475e+066
2.10184423454e+131
1.05528088455e+205
3.15396348121e+166
35633.5133722
2.59812733698e+047
1417296.09272
6.14927496236e+025
2.59997840629e+037
4.50472388633e+029
118986266.858
1.23733287686e+056
1.59539778285e+057
2.03098805605e+056
2.54854371643e+055
1.93522484636e+053
4.03967692829e+059
3.37269001324e+063
1.10406353606e+102
1.08068340503e+034
5857.65836656
3.07534271331e+108
3.01488595916e+117
6.70956007259e+117
2.09900350133e+072
1.471145335e+111
3.30850554386e+134
1.71703057962e+173
1.50781006364e+174
8.41608890324e+172
1.55113754655e+063
2.65935513297e+084
1.39038482677e+126
1.76700609363e+036
1.33553085848e+126
1.71488132812e+128
5.34013016407e+065
5.30656729803e+128
1.75546525061e+055
4.11924897778e+061
68954134321.9
7.76406034567e+051
3.1236715175e+054
1.94136267824e+106
1.3527930049e+057
1.54844369702e+127
4.91909912615e+062
26.7985113668
4.95407734242
62092356.6883
2.1537909003e+031
3.007057582e+032
5.22510006856e+031
1.61066014578e+030
7.36497469665e+040
6.49501694123e+026
350.051110962
1.01569958399e+038
4.08826607706e+063
6.23126473335e+085
8.50420648165e+085
2.26983038238e+090
1.57835112112e+150
