6.19823378402e+303
1.26733231303e+133
2.5945897073e+201
4.40790080768e+239
1.07853475777e+102
1.10957617696e+123
1.85064667311e+046
1.62592880327e+046
1995.5285083
269.297805659
2.35206849341e+018
2.3513281907e+253
7.34942714e+035
4.69663091646e+019
1.6932125814e+025
6434.46941334
1.71866406318
89.847406562
520.537518073
2.06049300907e+013
5.09438709376e+257
2.09558331496e+253
301696.50848
9.71166927832e+282
20311350.5769
16.8150304052
6728.94480361
7.66315883183e+042
4.57867162715e+089
5.82007040271e+227
1.80559490519e+018
1.26478390223e+253
78.6518972811
76641.2614631
22.1485355029
1.57406601173e+012
1.97990466088e+015
1.87935134849
0.0981268725883
0.918921203284
1434.52493199
2.59440365619e+051
11.1864892216
662.518287714
1.70350377207e+017
22.8699833825
202.322458429
210.995220653
104.431254027
416.303743931
7.82277720465e+267
2.89040447659e+086
2.69449560745e+190
3.08045362008e+297
1.30798728163e+042
1.07205522077e+055
1.87317991159e+084
8583433059.75
6.62526065215e+065
5.4439457902e+139
7.15468947821e+296
3.45017098666e+301
5.0669958223e+304
5.64085834414e+271
2.1648081233e+253
1.5974236658e+295
4.05778011102e+302
2.57078077479e+293
1.33516551078e+303
1.75676388654e+300
1.29837477309e+271
4.46797736474e+189
1.32463289005e+285
1.95672745423e+253
2.07521401244e+253
1.90889437922e+253
9.91972587595e+080
1.48193008465
27.0606221623
1.30400905803e+016
1.26679875524e+026
1.16991061959e+037
1.05023791723e+047
4.2324343952e+055
2.08993395367e+096
2.31618355223e+253
4.71123800639e+253
1.92096551894e+253
2.23277463655e+106
6.78013940127e+037
4.98197697362e+096
13139.5268359
2.54708698151e+061
6.51113699382
1.39483881868
2.89511384901e+291
0.994791560294
0.501966732738
6.98907891299e+046
6965580948.8
