0.825529083607
0.765615088928
0.763662301424
0.773539530491
0.717764804146
0.653255798715
0.668856153054
0.652223305437
0.631412966893
0.60006070276
0.584446113507
0.549030344281
0.527157343104
0.41322489793
0.374702345862
0.370556757036
0.473426121119
0.572501232626
0.554467268893
0.59937454181
0.536683042519
0.533673860123
0.497733760921
0.506517461891
0.506070186859
0.457877673331
0.416356022086
0.593606829368
0.593161458319
0.447009264833
0.492605085642
0.445154107367
0.459867961385
0.466715679736
0.516906888015
0.504876720212
0.484470638753
0.458687544158
0.431364060585
0.420599933808
0.439723458687
0.505921887438
0.476145453373
0.443790916819
0.342375374884
0.302800604023
0.355670351965
0.324848044571
0.406308085898
0.418501281167
0.449030872189
0.47422263045
0.452493978254
0.478830646014
0.471595737578
0.494166479236
0.460584807375
0.474368545691
0.468219596306
0.433215145966
0.413118334955
0.440947108523
0.471620811453
0.433432895251
0.46482933442
0.437916865245
0.447572825243
0.431317142728
0.461313167497
0.481039225635
0.491101902711
0.438562246092
0.518634288662
0.454908366685
0.432521773671
0.417531976648
0.394892896099
0.443886058408
0.444873265887
0.435064102308
0.419129837302
0.418304966885
0.414450922382
0.399059830397
0.41644391563
0.418292549587
0.426823327893
0.399054516998
0.435146420148
0.431847339813
0.441499823042
0.371185897756
0.386178918638
0.326291522552
0.367254749292
0.32356787791
0.353384317976
0.312764318318
0.310994070833
0.313483067992
