0.819845830982
0.727482642032
0.668827973666
0.633417069572
0.575006962207
0.558963650726
0.564586187028
0.578345907318
0.446066531228
0.515271913402
0.529396179162
0.508413612365
0.528298997821
0.464840225865
0.505840751692
0.504590453381
0.467685202708
0.523169435603
0.536271876867
0.452366085787
0.472206898501
0.464009398646
0.475072523506
0.491684091023
0.475571635979
0.390692033163
0.487711462778
0.557095060205
0.525570679224
0.47771127967
0.545145854767
0.624116056234
0.569099505792
0.503676730023
0.549857377219
0.605199679601
0.58670845074
0.562702906076
0.54460495719
0.530087212644
0.512635441017
0.556493808504
0.55087969565
0.443076624113
0.402687867611
0.440817969742
0.383103073308
0.337662398425
0.235075936981
0.328191519663
0.222051342842
0.167192164477
0.194365178283
0.159462594515
0.138018995276
0.165750256437
0.181482512756
0.203507125291
0.215752705041
0.191761950669
0.177661831732
0.195838471438
0.146322241427
0.0813941029078
0.127855088216
0.100625585363
0.121080524509
0.196484609927
0.171113972371
0.165250885813
0.122927389711
0.14545705369
0.177338982234
0.246538312014
0.126412885027
0.0872094060096
0.149181799752
0.126822488476
0.103722682282
0.18208546677
0.263040289041
0.195592221471
0.170601409129
0.162081732533
0.11616017293
0.074680508624
0.105406681982
0.112356015414
0.113283120051
0.162309726419
0.118490291623
0.146865635833
0.124088231133
0.107199603581
0.124448097655
0.133547334865
0.206781078841
0.148646407252
0.0898679143672
0.0500892110058
