0.817817092284
0.772945110499
0.683751078094
0.489769396105
0.387237351261
0.394564524735
0.464495599645
0.526244485925
0.457969853728
0.466420908139
0.352722813193
0.266623600923
0.26833797774
0.220820335969
0.175640437986
0.173135955133
0.189810539452
0.232366038912
0.180542613874
0.149419394439
0.125732113211
0.074926890946
0.107271903416
0.013675139017
0.0456771408538
0.0594357419533
0.0774156595907
0.0598037749569
0.0406383148539
0.132155426563
0.07754866568
0.082243373784
0.0351896945744
0.118462396997
0.0891321878323
0.0817542622237
0.0285985290428
0.0469774894607
0.0274674692606
0.0605436227981
0.0676745849915
0.0451298961612
0.0105959702796
0.0613934944356
0.0323331971745
0.0503276604283
0.0697923961604
0.074470885242
0.0144949163625
0.019668751845
0.0714552877505
0.0425742465878
0.0692859839279
0.0822455565358
0.0282064677655
0.0775741320439
0.0585889550727
0.0665934225875
0.0821420866974
0.0325066389466
0.111595286259
0.0228840713752
0.0319765198682
0.0519493079608
0.0299160040857
0.0594843619774
0.0962272979902
0.0781719627518
0.0462850355014
0.0846149311936
0.137011314967
0.0875033790567
0.0889786441912
0.133769261313
0.141345611377
0.16608797677
0.188070522078
0.162430011518
0.158198185184
0.162743471116
0.149862197649
0.165898794428
0.108713109945
0.184626654293
0.168335932023
0.150026146236
0.162907202573
0.141520808082
0.140280433782
0.205410544056
0.226953442121
0.193602441272
0.121272647093
0.119687630631
0.168238797473
0.027211440165
0.0088513769663
0.0109456705472
0.0101958523682
0.0
