0.000772084338631
0.0127745540533
0.0309579971724
0.0559290999951
0.0671054063165
0.0890791645199
0.0664879635037
0.0924590273578
0.100183305228
0.114694790399
0.0944965683144
0.0956073481007
0.0876203520455
0.0706204921846
0.054729475969
0.0556513550923
0.0282315876275
0.0674649872535
0.106089477699
0.0700908560378
0.0923436232704
0.0800406948729
0.0826372374978
0.0872706336879
0.0850822635837
0.091404085649
0.0911531821262
0.120014354026
0.129940900614
0.128218420284
0.0974019394016
0.163727889591
0.347690018888
0.440974679201
0.310944458743
0.256436474393
0.233703431426
0.250214079644
0.292782206815
0.327490766443
0.301286062195
0.305047411936
0.330639495459
0.300585722051
0.28329624519
0.27055459685
0.197420301401
0.162861612681
0.152660930533
0.13565746209
0.200979359063
0.228959899975
0.218679317552
0.195212524118
0.251781989419
0.17162333078
0.156332741262
0.178604390222
0.255750466995
0.301788157212
0.277653068979
0.302743910838
0.29647195183
0.388712322684
0.391277533944
0.448530844672
0.320100009171
0.358788131813
0.412503782077
0.334819803441
0.341415644545
0.348487647401
0.384852490242
0.360456059612
0.354434758434
0.391504798734
0.321439126704
0.295102577106
0.301563045284
0.383715752144
0.427513167045
0.523197477825
0.52918834769
0.496946893564
0.484021957414
0.443268161806
0.457176321555
0.362814752393
0.381537339706
0.41741340354
0.454324239071
0.438648866049
0.466791961336
0.476928039688
0.485954224997
0.475579500651
0.500513179824
0.507178195134
0.48845941771
0.49801788487
