0.000795189924852
0.0107688119416
0.0418137753659
0.0506446396765
0.055991152555
0.102226023376
0.105976585757
0.14640068931
0.228550653035
0.265880433023
0.336509901943
0.284157215069
0.293883365739
0.321326501663
0.333340270854
0.387815366742
0.418925944176
0.378488271669
0.269764289427
0.226035716964
0.280944673155
0.328136815577
0.296750974303
0.272661363241
0.325425330848
0.326486235026
0.34395894446
0.239904544918
0.27656104947
0.3103168093
0.228958297835
0.214016902538
0.199047566979
0.219439116173
0.201050764861
0.276290049159
0.317406759575
0.340849231468
0.231245346533
0.194460578289
0.154513992938
0.0709926331718
0.0948965701796
0.215973143807
0.31913444381
0.226989448405
0.274744655316
0.274074029622
0.367447498433
0.327509931424
0.242590174943
0.307984959534
0.323599800022
0.323170618279
0.449597716997
0.382441908431
0.337692641691
0.259621262914
0.311034436283
0.286254555857
0.304450697431
0.280147372743
0.25467720142
0.192482329245
0.156112849612
0.176623532271
0.248248722505
0.268670301157
0.17359597569
0.148113515558
0.175420406103
0.206664706409
0.160941539836
0.164742346783
0.181396251691
0.141277068548
0.161638891802
0.294732993755
0.324502963145
0.390186672574
0.258316973991
0.1561971801
0.195934981828
0.193492282026
0.18241430568
0.169034887479
0.137898286522
0.223725306872
0.330272267168
0.332175448772
0.175183940899
0.119939450611
0.143182932355
0.161195798403
0.162275782838
0.0401258936424
0.0678817523443
0.218579924854
0.171427118815
0.039804355558
