0.990290596642
0.941240948365
0.856699757584
0.807534046379
0.833246219934
0.811536384848
0.732831184274
0.79301549117
0.802106393201
0.803894509868
0.825254158847
0.782087705203
0.74138932988
0.742610192268
0.766036051084
0.737958633727
0.770713288263
0.811693398461
0.766564402034
0.744339725852
0.827419990267
0.783697701835
0.816978259196
0.819682462617
0.837174314589
0.837796955205
0.853033223152
0.848588303105
0.777348441066
0.727345037894
0.685903239884
0.680190984145
0.725869553546
0.710006697201
0.761567252534
0.813255425241
0.691484812904
0.741757046032
0.687861539581
0.664387774648
0.656168859755
0.739231365982
0.70926066403
0.732236407173
0.684999133038
0.684655386078
0.737254566275
0.606033891428
0.648926898557
0.661458806683
0.534246351457
0.522302166551
0.538515720106
0.614578748593
0.480536975446
0.473853683093
0.507191436068
0.550402340521
0.578731803835
0.591319084906
0.585684073644
0.58470809302
0.590776676725
0.603261700555
0.647156623856
0.610800642263
0.615968316292
0.660609999177
0.680269491805
0.732031150317
0.72944605746
0.784015152741
0.819681280764
0.814409056673
0.774185020378
0.827098193975
0.762385435991
0.737568065693
0.706480739415
0.75887005868
0.742097184019
0.748579661593
0.798633728265
0.753568096777
0.830327677192
0.811893337141
0.814688093228
0.796694312979
0.805981079045
0.840086807436
0.880191024527
0.869414878745
0.868478323432
0.874628153992
0.861436419998
0.856265194122
0.856189721994
0.867768959285
0.860452503752
0.888005053122
