0.00341320688457
0.158537688435
0.82134386338
0.925122177557
0.883824422319
0.875517389364
0.845169237147
0.826634002391
0.972782395581
0.979745034934
0.979506205949
0.964571581289
0.978851740084
0.979949597199
0.979999415164
0.979999816357
0.979999999837
0.979999999994
0.979999999999
0.98
0.98
0.98
0.979999999994
0.98
0.979999651372
0.979999958976
0.98
0.98
0.98
0.979999996956
0.98
0.979999999995
0.979999908007
0.979998869867
0.979999999685
0.979999999756
0.98
0.979999996858
0.97999999986
0.979999999438
0.979999999998
0.979991918353
0.979999353786
0.979599999535
0.979599616708
0.97945701513
0.98
0.979998036139
0.979999996404
0.979999999808
0.979999999962
0.979999999982
0.979599999974
0.949128915171
0.938323381371
0.913815031195
0.974534179279
0.979989338103
0.979965565923
0.973566105774
0.979959948521
0.979999628739
0.979999779093
0.977695515964
0.979999999999
0.975302390928
0.979999774312
0.979314861181
0.979999999999
0.97878623589
0.968394762635
0.97994858469
0.979865913307
0.979992731583
0.979985607799
0.978798570576
0.970215978563
0.967996799225
0.978777009533
0.979599999989
0.979999999886
0.98
0.979999999894
0.979999999771
0.978396360861
0.98
0.97959242281
0.979997258257
0.979882133717
0.979982478418
0.979999740492
0.979999882106
0.979999991475
0.98
0.98
0.979999999997
0.979998588398
0.979999851217
0.98
0.98
