0.00322983080919
0.159380083613
0.646056208959
0.68511961666
0.889186600904
0.97502860336
0.978747662542
0.979964422128
0.979284795713
0.979502563779
0.973968279547
0.978399993561
0.979914644619
0.979999999999
0.98
0.973994671953
0.973765790492
0.96955536894
0.979999999558
0.979999999514
0.9739954126
0.979990014313
0.979665818414
0.977406265898
0.979999821615
0.979999758677
0.97994252763
0.979999999983
0.979999999993
0.979571112582
0.979901082227
0.979999990253
0.979999999953
0.98
0.978799970636
0.98
0.9796
0.97999999933
0.909186410102
0.920517617048
0.974214747859
0.979999160335
0.979619630447
0.979966090629
0.979779692692
0.979999999985
0.98
0.9772
0.98
0.979999729872
0.98
0.975990526609
0.9796
0.979999997906
0.979598549283
0.98
0.979999999433
0.97984818219
0.979999610782
0.965993557628
0.969087972747
0.979658463403
0.979900871903
0.977669770838
0.979996430384
0.979053015176
0.900379220635
0.903900975914
0.976725839619
0.974187927597
0.977399486801
0.977604124927
0.979985256859
0.979999999556
0.98
0.979599999996
0.979999897403
0.98
0.979999995044
0.979989286544
0.905599336037
0.907022667845
0.977915839863
0.959836559431
0.979994361184
0.979999831576
0.970797270141
0.977498984759
0.979947226535
0.963379434278
0.978474485329
0.977703318392
0.979968422335
0.979276194478
0.975560130855
0.979999808343
0.979729335133
0.979999288861
0.979999740722
0.97999999897
