0.00281218613465
0.111099083829
0.425596624167
0.350334584766
0.138941719935
0.122179556831
0.761862459336
0.411293967367
0.285012804718
0.0175519559398
0.0979815676889
0.121117585372
0.175276572356
0.670835925948
0.777172115483
0.694909007547
0.0883124022156
0.140110821217
0.494699663821
0.340188473157
0.79480098371
0.834185913979
0.828983283117
0.953745579406
0.975881163509
0.977476760353
0.976392451023
0.955099825469
0.979999987313
0.979985602637
0.979999999862
0.979999999999
0.969851869721
0.932397852614
0.862000002363
0.97450673175
0.978796277781
0.979996895713
0.914105815432
0.961966057602
0.97475873675
0.94647146791
0.842650344658
0.964501149808
0.979666101262
0.939235159822
0.979985267072
0.965859862507
0.945131285766
0.970610575257
0.967367040255
0.953951560263
0.978871433544
0.979683374202
0.976791904004
0.979564532111
0.979970728114
0.979999478839
0.956797559661
0.979999999995
0.973999999998
0.979887611114
0.979998140487
0.979999278305
0.97878805936
0.979999992292
0.979999999894
0.979964395041
0.979929285992
0.979986796655
0.979116689746
0.979576155326
0.979999954597
0.897199994331
0.926814934757
0.874618429396
0.875421741746
0.975025839239
0.893984992196
0.871959328731
0.825893861537
0.975257706097
0.972063091547
0.978250471816
0.979986470216
0.979747530744
0.979999610363
0.979999978429
0.979599999941
0.979815094559
0.979594552863
0.976389666256
0.979997210918
0.979999999994
0.979199999672
0.979999874626
0.979999999502
0.974110073557
0.979986632983
0.955199136648
