0.309246422164
0.398346312435
0.517494016311
0.514938458619
0.528050070497
0.535711530474
0.48994459634
0.490572420974
0.463355604553
0.421814365612
0.490571636063
0.628035843422
0.52086995067
0.393173713647
0.600150969519
0.515241655293
0.397378580788
0.571735624877
0.481823817797
0.507051913018
0.644138708928
0.566254610799
0.474051772284
0.540383439457
0.478542887665
0.561226555482
0.637055536656
0.448297570243
0.451009750681
0.462178080864
0.449617245674
0.474465067903
0.456930665238
0.534958458521
0.556569498689
0.493503009952
0.562854876941
0.684355717005
0.519498534375
0.525005207274
0.601724704026
0.559325106161
0.484412995919
0.524961164476
0.673352353409
0.571305188886
0.487719588274
0.657036873134
0.670702146527
0.525903544573
0.602159138489
0.553502519814
0.502686172159
0.582014746877
0.493285200913
0.550987356585
0.497081365771
0.515519859443
0.486399703178
0.43938037287
0.525085804506
0.507905290342
0.443788652032
0.52860579023
0.540152062008
0.504409601761
0.554504057032
0.544693896585
0.573346467486
0.627493696312
0.694291742554
0.690430346446
0.725670876395
0.616532951636
0.635031573633
0.540118962396
0.450827836504
0.517789868977
0.447377212746
0.55372804694
0.493769632747
0.671076703006
0.676827494773
0.532274384786
0.646882369445
0.671740537977
0.595533044756
0.545109831358
0.619155990888
0.474003089864
0.411262420194
0.553055935367
0.633455634358
0.573321806428
0.445337520086
0.497049089388
0.580026155606
0.559717464256
0.504276287237
0.608622926252
