0.267640978388
0.325346768395
0.363235893146
0.377504564398
0.376254019015
0.397367941973
0.313549012184
0.383569443576
0.50576157008
0.50864713743
0.420400625295
0.325642769541
0.424494779253
0.478499659289
0.580542217653
0.556688718293
0.400169120867
0.421878375897
0.562984168187
0.521662670018
0.534663235267
0.581834184812
0.534275276663
0.35913877067
0.409005865615
0.523371972089
0.442205170854
0.479175593051
0.443575663884
0.428919406001
0.509002153326
0.400455337372
0.397247298779
0.346039025715
0.318948660986
0.357452821557
0.419697595242
0.565877042125
0.472504245823
0.317334235909
0.503670145415
0.558838777891
0.600535464312
0.493846821114
0.469328202776
0.335957202065
0.394396423587
0.287303914176
0.428657926204
0.476824913676
0.320049936806
0.371188003139
0.357498626677
0.3679212789
0.459409216907
0.49946612399
0.514859444709
0.491381708347
0.405394248735
0.418678072442
0.527095083744
0.441467574493
0.46513167224
0.573801286614
0.56533040714
0.373824101494
0.301034839277
0.373712252138
0.549444068697
0.521415115766
0.506483607322
0.565553819107
0.477424843577
0.473989040934
0.400910292626
0.313945898098
0.395742291192
0.444443896312
0.485088326701
0.519227590516
0.514698323678
0.425803616989
0.461218177262
0.487087360149
0.580912537778
0.482757388854
0.699849544637
0.645790591692
0.563503684027
0.619511251833
0.56571362627
0.473957063039
0.330233887535
0.403209317028
0.336890571661
0.371268278485
0.414990973726
0.511528230862
0.45018537444
0.454308974503
