1.35442912758e+296
5.9946969596e+018
2.62234269382e+176
5.18860648998e+016
4.32976760041e+030
2.85880669433e+027
1.55815628554e+012
8.1495447093e+015
2.95251586816e+016
7.68943258874
0.110677341041
0.461974390641
1.95398385133
2002167.34355
1.62263079194e+026
5.56778588636e+043
2.88997688314
12600617.9252
1662.63833983
1.6435328835e+053
3.81932936907e+055
2.21253042143e+054
23.0564375721
1.14003296177e+288
2.59865202639e+288
1.34384026881e+023
13382.5161311
1.34408449569e+022
3.74374366215e+031
6.97007528216e+022
1.31221974224e+023
5.17551093069e+023
744.395721388
1442.52624546
4462.59640683
768.545484339
4268.33869199
4.31040775697e+020
0.0629559137272
20.1625153829
2.43097578631e+280
478.812137485
1414.24745989
5.11241049317
10.488218169
0.634082635742
0.112902299324
5.8613782068e+068
2.22157014971e+159
5.80903166237e+210
4649096.70491
8.68582817108e+036
0.0
0.0
0.0
0.0
0.0
0.0
0.0
0.0
0.0
0.0
0.0
0.0
0.0
0.0
0.0
0.0
0.0
0.0
0.0
0.0
0.0
0.0
0.0
0.0
0.0
0.0
0.0
0.0
0.0
0.0
0.0
0.0
0.0
0.0
0.0
0.0
0.0
0.0
0.0
0.0
0.0
0.0
0.0
0.0
0.0
0.0
0.0
0.0
