0.308962550067
0.570813901525
0.612045032902
0.770921056691
0.520247604309
0.593290079616
0.627495395709
0.700728808976
0.678193109574
0.755306135982
0.634322617256
0.596217471281
0.589219530125
0.694178332794
0.77288419463
0.765189075208
0.721070591992
0.71394318875
0.702991201589
0.593031189398
0.657852260232
0.711202238657
0.769213112655
0.706655107315
0.731459793759
0.613836541756
0.70795967161
0.689009843095
0.642569247777
0.733041924945
0.710670621121
0.687731984456
0.652969680269
0.673000839832
0.738267070085
0.783234627069
0.784386210778
0.691988640681
0.656302822773
0.622077860631
0.656003615429
0.681870566711
0.566695350564
0.593343762884
0.578545267625
0.587900385001
0.733648970267
0.658587446778
0.762295359892
0.639049743453
0.630731290846
0.665379669721
0.706890671525
0.683351903573
0.744579692095
0.766449864733
0.761042893726
0.718043704107
0.682683133381
0.690279501172
0.733178742515
0.773677505214
0.768146489899
0.76142719645
0.726964871804
0.752607858854
0.747743130514
0.718061527963
0.741797973368
0.715649351713
0.847297744661
0.756364027933
0.742388199713
0.777549973728
0.739354200583
0.626638034203
0.741151345929
0.868884486807
0.773786359284
0.727495588691
0.667820646049
0.742041292086
0.717832320449
0.601915097431
0.638132704134
0.751447019382
0.666199161359
0.741506140289
0.672112050946
0.737230186598
0.721630408732
0.613479245766
0.595170188212
0.573949246025
0.751112035083
0.734392435148
0.68519987916
0.688494645796
0.626249429127
0.658325880356
