8.64666321008e+260
1.35221556629e+038
6.06273790755e+052
6.40468550651e+293
1.8143907835e+036
3.8277835648e+037
163851716140.0
6.90645255438
2.47005975876e+051
2.47890065548e+116
1.8070160854e+117
3.06096693036e+214
8.59294206854e+288
1.15757206004e+255
1.47448789555e+237
4.85668733552e+241
1.75378466708e+019
1.42796197836
0.562398240923
0.855212889176
10524.452967
29.8496339952
276.510123773
0.660189006536
1.66937231145e+057
18.6311500842
287.607467127
0.775909610674
1.97435113752
12064.058708
5.05849136487
934.53572461
13.3024412461
7.48069218266e+032
1.67023654957
1.35291961859
0.400665765325
2.8002833124
0.280937872467
4.32813354185
2.1928548713
3.91065848241
0.330859528334
0.179023996424
1.8420624746e+273
12.0983485329
8.78541680691e+214
0.339474140781
0.625482097743
5.13573041078e+012
53.2976734353
0.695649128915
38357116339.1
0.174989775528
0.18049308617
3553180.39318
0.473154344007
1.31463749432e+016
288.658148907
4859886889.48
1.54125498482e+029
1.4039035006e+022
0.0979255600302
0.0
0.0
0.0
0.0
0.0
0.0
0.0
0.0
0.0
0.0
0.0
0.0
0.0
0.0
0.0
0.0
0.0
0.0
0.0
0.0
0.0
0.0
0.0
0.0
0.0
0.0
0.0
0.0
0.0
0.0
0.0
0.0
0.0
0.0
0.0
0.0
0.0
