5.32326639467e+299
1.13427915231e+069
9.97634780143e+073
5.52597382699e+164
1.11461963835e+253
6.59951630618e+035
2.3996152136e+028
9.58218171904e+149
1.49903901901e+251
1.07402121497e+019
5.03007727646e+189
1.78352963916e+186
1.63598236007e+138
6.55383269253e+015
0.141872357118
9.87097404936
15.0782285067
185317.474272
4.69428515901e+021
56.6798560013
1445729.35758
1.00894108951e+023
0.184600793575
0.619002645906
0.38720096331
0.478959627517
1.8037924083
1.03719696627
32.2873494707
2.7846455906e+015
1654756285.67
1.54075886082e+281
4.32816709091e+165
1.47438749385e+022
2.39010342374
8.83548367754e+068
7.25470174354e+139
1.20647210015e+210
4.63144208975e+066
4.67687325779e+153
12186.8352581
1.27551730885e+013
7999201.76755
6.56345018845e+046
3.90819259204e+172
4.11301772778
2.49920012399e+124
24.5357177072
1.65479653659
588442405948.0
1.21800503279e+015
34.0454836575
249996.042855
1.07658511532
10.2387303408
0.909301407149
23.8039518312
388.077285545
1.99317138185e+020
1.88307183304e+053
1.33655215596
16.0535224081
0.979141746419
0.767721278447
0.974557112851
0.646489372782
0.873773848652
0.838428885837
2.02485742719
0.686110805931
0.651182393591
17.2445663803
14.513256994
76.00444036
0.82941323971
1.51678631297
0.731515154815
1.43374122155
3.04549240496
2.79659140883
0.621146223981
1.44681552035
0.826815404077
0.89729353367
1.05078414438
7.89980712809e+155
4.91744643697
4.74639910992e+196
3.9511504653
2.28907672159e+017
199142.580014
2.46690771981
9.31053810752e+051
1.81489000575
5.75521636414e+067
1.43094188647e+067
0.75011508212
1.23790694031
2.52924694137
175.356446337
