5.35294731574e+252
865774.574681
1.19736501564e+253
1.22935784936e+279
2.28398944679e+303
2.65325195496e+194
510281.63808
415078324920.0
234930945.651
3884485256.74
100218822.871
1595570946.17
1.35313344739e+266
2.14019790142e+053
130178140079.0
2.39939792497
0.293504833396
5.33166072254e+286
11.5519129875
3.21766531592e+061
8.61864991179e+044
9.4321839643e+058
0.845900761409
9.36657206994
102.598131387
53.1114796551
3.9058805954e+063
64490.9339209
791948.366338
0.984145864152
2.77739838322
0.235308926454
1.46684722888
8.37553241228e+045
0.222316175866
0.937063771395
1.54363721781
3.81262755372
4.91310492734e+177
8.32913867293
184.141148961
1.9735146175e+020
0.609429329441
0.680777015069
1.14074588068
3.78221541369
2.70212114433e+042
145.119127841
1.95884283465e+024
2.32170596688
8.71995874362e+120
3.04766356326e+012
1.03186013692e+030
0.07923028148
2.00638842634
0.00374661988539
31.4915959894
0.173253774868
3739.4036715
1.15962510168
1.16728312172
1.38516665778
0.109514983051
1.45594407342
3.98050713998
4.23088741879
0.488025399507
2.39761704113e+020
642.037411622
0.342455415369
0.626234998197
13.5218009841
0.17940611016
0.324764740593
0.0581605489195
0.0250578555182
0.233796158132
1.15745135403
0.0503532418503
0.170737892643
0.159786078167
1.01256225774
0.125948523373
0.107973337394
0.473105831126
1.29824285837
0.480580114492
0.345222013031
0.535229700886
0.711637942033
0.245718490687
0.270338752867
0.277036574261
4.70343492349e+196
1.49049317875e+170
7.57647488088e+175
0.340033214575
0.392723373837
0.378927602147
0.254302417291
