0.769387888416
0.98
0.962004578022
0.92405805461
0.974274292565
0.98
0.98
0.98
0.98
0.970940187457
0.976129168986
0.867520600884
0.865709252005
0.977769686975
0.824387926192
0.970121091585
0.98
0.978980266787
0.98
0.98
0.973484163843
0.98
0.976151489389
0.91303660776
0.975532137724
0.922648782123
0.93604443501
0.979352667768
0.98
0.98
0.98
0.965989003879
0.929127242282
0.9641100741
0.970111650895
0.962512879048
0.97330016239
0.955752478394
0.925903743366
0.98
0.960135337428
0.965528946934
0.887000001221
0.917373532176
0.948466044635
0.96023959424
0.771886524797
0.813977373846
0.888734614922
0.97968416102
0.968546832517
0.975966254221
0.977285282317
0.964166284138
0.964713315953
0.963184540272
0.977704716855
0.98
0.98
0.98
0.971169276561
0.964182574719
0.975850249645
0.977269455304
0.973405937442
0.953604336794
0.98
0.98
0.98
0.98
0.98
0.966475785506
0.967077200382
0.977357829553
0.977706116708
0.973814285935
0.935100157319
0.977706116708
0.977823730283
0.98
0.93277897889
0.98
0.967442808301
0.965243542184
0.918492276619
0.977867634089
0.98
0.978777863778
0.98
0.98
0.977627494918
0.967024731907
0.9531582767
0.974654755547
0.978618977388
0.979
0.979610267159
0.98
0.967555274273
0.98
