0.99159805879
0.885389487792
0.770590127736
0.746616559265
0.729371156954
0.743841402934
0.664935847428
0.65305208684
0.678825545924
0.712518037393
0.680066440441
0.642219055156
0.593743490088
0.555390299359
0.637777856381
0.641671325259
0.667461202019
0.636598039563
0.64749581869
0.647809892087
0.647018140834
0.663167882917
0.561013520676
0.425450737528
0.392194880775
0.415214272437
0.376067928824
0.361360308042
0.292262482429
0.28838569651
0.301625213622
0.463078486269
0.412760148021
0.430847627419
0.426665657549
0.432286383268
0.402915519899
0.401586779622
0.371848659371
0.447164464359
0.524422011411
0.625447215489
0.5891050783
0.556497230421
0.548257526415
0.632835960772
0.477041745706
0.522475330233
0.46604756099
0.353384964396
0.32940184069
0.223811157805
0.383416015959
0.473395390812
0.634864726448
0.644342098126
0.648597995408
0.711014558693
0.699787154413
0.719883731911
0.755224560705
0.742175613175
0.757949227673
0.735021339773
0.729748398824
0.658154539011
0.587092358144
0.602548667021
0.586257769138
0.553318954064
0.523780545914
0.456947135968
0.440991146642
0.399421089266
0.270297303535
0.0615196954277
0.0077224973407
0.10957460642
0.267433951164
0.189987032151
0.0278968887939
0.0285286869134
0.0393136980006
0.0105230988351
0.0115549909531
0.0255201573328
0.0400681046856
0.0
0.0383230472001
0.00849923600371
0.0120835754073
0.0118194191853
0.00649980925385
0.0
0.0105222596601
0.0106876805946
0.0154238549781
0.024162182229
0.0954188188037
0.205853286512
