0.991386927053
0.916693993643
0.817756063272
0.770614807222
0.702138281712
0.478564678707
0.516544272257
0.45954339228
0.398735569222
0.518593596336
0.604030663033
0.312666933288
0.398930000085
0.574347673062
0.373895432202
0.438494070151
0.438383373712
0.372916026675
0.401159595389
0.405033203551
0.157662822798
0.123267608774
0.00630574077652
0.0455059173853
0.00787774290736
0.179315710496
0.184683721355
0.0215667933048
0.0119495467934
0.0589246625124
0.0301906223978
0.0291622674724
0.0270517785462
0.0229338571575
0.0943029978101
0.127954673662
0.00421196433141
0.00464920511729
0.00496092913066
0.0831745793226
0.0690214764181
0.0719283711227
0.114694170326
0.0183400658828
0.143354192688
0.195837035839
0.0283221470485
0.0343943792738
0.0232655857706
0.0458287667626
0.0221306914008
0.0214187974913
0.0136354615983
0.0789455232485
0.13765833749
0.0217671000373
0.0828631096391
0.0701408092028
0.049195338921
0.0556954770255
0.0421076175978
0.132191275252
0.192607487332
0.0692427086422
0.0204510148293
0.111999450319
0.232862771206
0.0546841629193
0.0119543804171
0.01570386568
0.00820142657692
0.0261360195355
0.0230108141532
0.10988765332
0.0738007838296
0.0866449102697
0.0748557213107
0.0568834053395
0.0366776693471
0.12614674701
0.1576280808
0.267993709295
0.104438728531
0.0211248594009
0.0671773500174
0.149491541429
0.362664144236
0.25158632325
0.3739711134
0.307735207839
0.419864951472
0.349503045085
0.363953054767
0.277796112961
0.335693542067
0.30182182835
0.198455641434
0.120411171114
0.312961846076
0.0499909730826
