0.989184010425
0.935938765377
0.898677928507
0.895782539141
0.901745987292
0.912614930722
0.917872674729
0.89572984853
0.902922391953
0.890542825653
0.867583935846
0.86074573563
0.85317290047
0.853298597818
0.831183198893
0.838406664186
0.853487923044
0.821927004908
0.769093886853
0.772682102755
0.757955004586
0.782854921368
0.779815604062
0.815774497245
0.759984108248
0.719950120059
0.685393034154
0.724779270943
0.78601709992
0.780431059566
0.759630146375
0.7893909803
0.764543182559
0.816218030025
0.847750667587
0.805150391438
0.798881504323
0.747258577891
0.669937627982
0.668731992989
0.719837772131
0.713243007353
0.687890058366
0.722448550333
0.689774441888
0.673017513582
0.672572168199
0.683797205474
0.693877210821
0.702617830118
0.678868253124
0.670947360559
0.716788422026
0.782335866923
0.800263310137
0.761801501764
0.751520927137
0.702750358737
0.677998604225
0.656439697297
0.711093299208
0.703603185327
0.688147900364
0.670174413734
0.623442701977
0.597161664653
0.672392290163
0.677373644123
0.684940253759
0.729485395842
0.803835985462
0.758417503728
0.806924692057
0.805087122884
0.828413070141
0.826750377991
0.80687825926
0.80590744684
0.766088169955
0.828276212044
0.837713137798
0.845917244803
0.848958765123
0.829019767095
0.80797547932
0.807409653045
0.827786875796
0.869872974024
0.868402381716
0.812062730985
0.795828017337
0.834013256365
0.803672281625
0.78257614502
0.839655202575
0.843904303818
0.812029872814
0.799301129445
0.793620955578
0.728175738236
