0.98981639191
0.953195275001
0.930389521904
0.919530391075
0.882659404515
0.808831253556
0.770419128121
0.787542233958
0.763642905601
0.825051480702
0.742353375463
0.726114712808
0.689476391063
0.696950339339
0.735240730178
0.709415746356
0.551611244429
0.595755233812
0.654738719362
0.415361493183
0.510940031899
0.538959975415
0.373813962803
0.417308810334
0.300952454894
0.218177353405
0.171618671197
0.165460733536
0.252192493939
0.231811626656
0.424371503323
0.416511617604
0.204769138809
0.217806313553
0.0
0.00754629097561
0.0249417564664
0.0160929997689
0.0354977923179
0.026583826544
0.0329157767613
0.0351459689661
0.0614723530164
0.00754948856693
0.0051297093464
0.0451374879454
0.13586894111
0.215109994362
0.0546305431387
0.0530509930205
0.0673407091769
0.0748105155563
0.10897781574
0.0907137788556
0.104840575245
0.278199011944
0.274691080664
0.229934354841
0.409978094051
0.527845083026
0.281679241363
0.268174286706
0.349103371076
0.325859021352
0.355958349344
0.269414622979
0.236517881273
0.0232349679825
0.0477397447379
0.242411332918
0.178275514687
0.25645665721
0.255969604248
0.271283265457
0.192225696704
0.253280224604
0.352607440561
0.349130751515
0.343858517865
0.332835027551
0.270032929638
0.250215852289
0.22342792471
0.129861682805
0.100340363008
0.0504313185143
0.131574541235
0.0273529718554
0.0460699619431
0.0864688863818
0.311695113442
0.328422348036
0.405443841828
0.425434310903
0.4363384547
0.551148015386
0.606507351861
0.454412036497
0.510194411038
0.301018732241
