1.32337935785e+254
1.24720223478e+050
2.21029198979e+031
9.86039118107e+034
4.78557717102e+029
16.9083252172
149.925762177
45.9156182591
6.03081949203
1.95847129307e+037
50801.8466295
1.16015014071e+016
76.9162234625
2.69320814072
10423818137.7
10.0832863048
22.6912122693
2.66848043938
2.99109177314
6.16258948399e+043
0.308507831367
143.764247393
6.35309739051
1075.77848651
2414.01618822
4.33582424961
5.8139673065
11.3656369335
6.40352681925
29.9715724204
4.22374374006
1.85661666243
9.37709340907
1.07312893641e+200
79.9715317903
0.0779912608698
0.237710151418
0.512398420141
3.71323699573e+291
7.01500293973e+196
0.127468115028
0.0508724783093
0.0465295142438
0.003417169755
0.662801040997
0.920926785785
7.3225561415e+046
1.1295561835e+045
3.505726457e+019
2.95103091328e+262
1.16841009489e+045
2.25147399266e+014
2.53485372068e+063
9.68153682214e+064
1.1089888046e+065
9.75480225758e+257
9.45413476521e+064
2.59666088443e+064
2.0305553025e+198
5.62173716716e+171
1.47578201575e+249
4.51055784559e+064
1.09919724298e+021
9.79285949704e+299
3.42611230585e+196
3.83419644855e+132
3.91797638739e+035
6.27128400119e+036
2.07587765046e+020
3.88646789171e+066
1.98740989893e+044
1.41215623395e+037
4.09523916863e+033
5.19476239883e+034
1.50600385718e+300
1.76265967726e+151
0.858625225107
0.464486916447
3.80345130191e+300
1.64578033189e+300
0.270168390181
0.21716963984
0.108050304041
0.181061295659
0.219659775903
0.37914522018
11.0242908971
10.0746626398
12.2108519775
12.9270918266
6.52263423492
0.534137610675
4.15306667583
227.621324235
1844.00043449
158135.175452
152695.459223
39491.7178042
0.0
0.0
