5.30198508293e+257
3.67430709842e+026
2.0127178054e+240
2.71740489759e+287
2.77320100161e+302
8.74913301074e+247
3.96636606735e+062
1.58816693611e+073
6.78983751073e+265
2.58583797532e+099
2.19267183992e+203
3.73796610725e+127
1.9367524895e+207
2.17397770256e+022
1.0591290101e+016
2.14143290815e+241
0.521788636822
8.76123035484e+214
1.32706695841e+058
0.00519400158653
1.1030102503
0.659712883272
0.122731599286
0.544925042106
0.871853855746
7.85202133876e+269
5.08948836432e+270
5.02154410231e+016
0.228505050573
45776452.5363
0.874609477709
1.40620653469
2.38135081948
29695.3938146
13698350.4347
1.07342633323e+043
6770.0196311
1.30469088609
1.01943705436
1.09450137794
4.63452475279
4.61730211254
6.9047685129
3.88463977839e+028
1.1666863823e+074
7.26050887814e+012
2.89559060692e+022
2.53030837811e+030
6.88803923547e+032
3.24167282013e+029
3.13976574621e+025
1.18592145915e+014
4.42942488424e+020
4.74042089346e+016
25766.6724814
4.73123176498e+013
4.77660480439e+026
2.07656420215e+037
1.01298761347e+041
0.734202063284
217.757853754
3800908.79265
5076340.64129
15.258276825
0.272393868196
0.273200061098
7.99830840211
6.15049269723e+040
116267912063.0
0.713466913701
0.761158970437
6.2289114203
4.37771636659
2.45081590103
1.7520679898
3.79566898965
1.04577442394
2.7259146648
7.90113394905
209587279.049
2.3565859322e+019
2.95869290641e+020
2.69078309251
158.163454077
1556220407.27
1.9829627604e+015
9.10547374151e+021
3.11929185504
859.326715689
465.795413488
179071.827773
4.666432663e+017
0.390987108177
4.81048523866e+023
2.55198662257e+041
2.88011966217e+042
0.981883715537
0.398022139855
0.547811004853
1.60403351738
