0.987820512821
0.90900596368
0.761282051282
0.698636433991
0.705067990663
0.784430988073
0.730057867468
0.766230109056
0.796672555957
0.711932672454
0.745047054349
0.762915703204
0.762094393989
0.792022241372
0.724279811796
0.723999595142
0.580388101955
0.706249686934
0.71828659226
0.879093935956
0.884555651082
0.944525984921
0.976739014897
0.980331236094
0.971235700641
0.987851388118
0.995390616357
0.977759042443
0.958618606461
0.903873480883
0.956633068036
0.951802415437
0.92055173932
0.95702711816
0.977644231437
0.974907570122
0.976933873144
0.98922633241
0.966675320747
0.982361506263
0.999442097968
0.99519043856
0.99083406715
0.978745705219
0.969586921599
0.972763723237
0.962154975102
0.988497829814
0.991396380765
0.99199710639
0.998678958311
0.992477259963
0.997368421053
0.987697523815
0.981242594072
0.941979554917
0.931083206557
0.919866356916
0.908058686215
0.947046900812
0.957300535321
0.946702974683
0.936946953571
0.916271668099
0.893680385258
0.794260384306
0.791643973987
0.89146810066
0.902951256453
0.875439817857
0.977007858215
0.974978006346
0.98635217201
0.973032078637
0.908681037313
0.911387681425
0.975799080564
0.956664684508
0.960613250903
0.919149809729
0.922455059421
0.900070559304
0.924630348394
0.940362099734
0.98746358099
0.982583688952
0.938978513983
0.926242958623
0.96909128201
0.957787326272
0.966392464086
0.965384615385
0.936595814437
0.918496327444
0.978602606655
0.943851730114
0.969397142125
0.942836032389
0.971670678776
0.989932090873
