0.988146621897
0.880444947281
0.453698128898
0.321716226116
0.135845784941
0.327590730117
0.358552497233
0.579110203375
0.530750606242
0.559736516621
0.563946758789
0.455201465201
0.16865732731
0.451672874494
0.11605802969
0.194892076345
0.0706880715302
0.00736205899364
0.00721978021978
0.0147312774181
0.0304251627219
0.0149580246951
0.00767127733028
0.0081245088622
0.072583589952
0.0605615584819
0.115148255254
0.0919734836051
0.0949245552545
0.123133603239
0.0784493218814
0.0429228694943
0.00221014073646
0.0143690827901
0.00741518730992
0.0
0.00764288307145
0.00852518778903
0.00719047619048
0.00749876249876
0.0208791208791
0.00749819628767
0.021207165523
0.0145592974616
0.0142264184369
0.0284984811301
0.0291570689917
0.0
0.0285250270513
0.0144338132233
0.0
0.0142857142857
0.00736157441421
0.0141025641026
0.0359475410917
0.0212342075871
0.0147032179615
0.0938651588031
0.0758917596436
0.0310469700763
0.0147942864785
0.0566761180582
0.0077599523959
0.0270591824352
0.0326373924118
0.00723333802281
0.0215326361642
0.0506873472663
0.0215113042481
0.0222737004559
0.0208904537852
0.0387746288799
0.021045691151
0.0280923462502
0.0142024291498
0.0791745059113
0.0145880084827
0.0601964032941
0.0410928950929
0.0213835524362
0.0141025641026
0.007374156111
0.0274725274725
0.0144821917679
0.0146886000269
0.107771107036
0.0222987105687
0.0
0.0072897941319
0.0141025641026
0.0141908114013
0.00751237935448
0.0141596298438
0.0071684981685
0.0142951609794
0.0209311740891
0.0393391170233
0.112271062271
0.057017929439
0.0
