0.00128339092323
0.105640008591
0.210284877848
0.355686435849
0.466474417572
0.256106404463
0.204864924715
0.404108530413
0.468859929676
0.61411401992
0.662040243916
0.53520482893
0.544481268234
0.454472331398
0.42634898298
0.377784040778
0.350300052099
0.392120073928
0.587718495733
0.694762192428
0.735688002774
0.642338184369
0.603614589367
0.628439051615
0.638879265185
0.646262864925
0.674176099153
0.778884351007
0.50506754953
0.414254227614
0.30251799545
0.423628810537
0.664860753858
0.797343860463
0.666497939079
0.430010404619
0.257020459587
0.320289714324
0.411755374373
0.613268296529
0.622009661763
0.687664551084
0.789026165045
0.654110990314
0.548358817567
0.506252408895
0.516763558023
0.454579794821
0.520608016867
0.668545883181
0.678788938085
0.520089042267
0.459407340294
0.427232660223
0.48569530765
0.585919081046
0.656026447824
0.68564985457
0.686756996635
0.510603457388
0.503880963551
0.547858735549
0.570346015551
0.48532630738
0.447891253305
0.636844034096
0.601614187431
0.64669724902
0.468965964299
0.527560955051
0.493751038796
0.503760666228
0.50039956357
0.492767135968
0.583875936825
0.582478391007
0.597943034385
0.586525832935
0.495153334795
0.49039407986
0.618681273367
0.504795683137
0.382424190059
0.297573370694
0.339664789969
0.40495961056
0.552162607017
0.508883235174
0.389749656871
0.33481309316
0.394606433191
0.452574419345
0.550221959384
0.49386548564
0.570596019924
0.453847183921
0.433253481627
0.499824924358
0.570914572645
0.607868500812
