0.810837438424
0.667916099773
0.617863877276
0.496703523515
0.430372306277
0.416948944352
0.378850482727
0.335883114118
0.321493972184
0.364619788769
0.297959183673
0.295585737743
0.280510334402
0.31030333887
0.246107331822
0.240560453616
0.240136805067
0.23871035806
0.23740454036
0.218635576742
0.204210526316
0.170784387954
0.206917615339
0.224962076785
0.213572947237
0.173821252639
0.175455108657
0.235839664625
0.251937564133
0.175240355193
0.155270935961
0.1703026038
0.150528694194
0.152871277653
0.221840989151
0.172077656867
0.238196438045
0.251364265364
0.23616137181
0.25107914235
0.313722392823
0.348437967725
0.326053364717
0.3688479813
0.380131981062
0.429301291691
0.384588939577
0.383978418954
0.381488337275
0.420093854906
0.448113407177
0.457060889104
0.415778068825
0.415211308695
0.470786444579
0.49136337066
0.46840763924
0.466118512848
0.453082374022
0.431815680543
0.440715984472
0.455026984327
0.427616896561
0.494435678686
0.511872830691
0.521238465238
0.501572838727
0.46278478328
0.454746548967
0.45271438936
0.48036261071
0.495697053103
0.511749455559
0.558543824424
0.540214762542
0.541258044865
0.549316162165
0.532579172724
0.52581252548
0.525231397147
0.561985688277
0.582159866919
0.561518112662
0.599990792456
0.606206657058
0.650792984826
0.657293335875
0.671679212709
0.646952932744
0.64010116608
0.604298529474
0.570604132092
0.554191677422
0.574883755981
0.528950395698
0.510423897996
0.480065150899
0.451807531418
0.423392433019
0.428814845354
