0.000968407003955
0.0168843009735
0.0675515810041
0.0733505782146
0.0621998338066
0.0914116425988
0.103393457017
0.177673287066
0.151352417816
0.128092445974
0.123629890238
0.135307915179
0.141528795572
0.234163457028
0.232819754208
0.277211631802
0.359070759266
0.397665668737
0.335502835892
0.17471668258
0.0531186162366
0.106182505187
0.241565760807
0.249644167082
0.371135230549
0.379601611655
0.300183579675
0.315932277855
0.25828232118
0.208461885181
0.171260437701
0.171538645488
0.220997783111
0.197728534832
0.275448992634
0.251994530306
0.319995304679
0.407340446427
0.476079352661
0.48471669733
0.451332443288
0.386470715216
0.340394983895
0.320556525636
0.353840859233
0.384235469176
0.515645339244
0.559608542475
0.449279628592
0.377722309328
0.384757319714
0.32855957859
0.304810817075
0.278037328644
0.304113640485
0.334161115636
0.408954814568
0.35655769461
0.336504106175
0.328132359966
0.329748419847
0.439037079096
0.496314316696
0.489068622479
0.380300030009
0.371568168063
0.451847589719
0.377249170445
0.316948824367
0.422318260836
0.479506295264
0.431891872443
0.394952717057
0.458867659615
0.442249555362
0.427391163231
0.469783727488
0.472433450451
0.441649751435
0.482974934046
0.443547080065
0.441927126954
0.425075901848
0.309219549
0.207699102923
0.245983802276
0.288011492866
0.299094442125
0.30803304989
0.297764433152
0.30107753893
0.278747095546
0.326277832704
0.308345170893
0.281345629608
0.323794643941
0.419710390596
0.548227882636
0.470260570416
0.258945453093
