0.00370795713561
0.165404559967
0.821094518655
0.970717488927
0.946128764496
0.978336146674
0.979952566715
0.979999181715
0.979999987313
0.979999417269
0.979999988009
0.97999999993
0.98
0.98
0.98
0.98
0.98
0.98
0.98
0.98
0.98
0.98
0.98
0.979999973377
0.979999990446
0.97999999634
0.979999994131
0.98
0.98
0.98
0.98
0.98
0.98
0.98
0.98
0.98
0.98
0.979998975244
0.98
0.98
0.98
0.979999974286
0.979999996051
0.979999999953
0.98
0.98
0.98
0.98
0.979999992003
0.98
0.979914257423
0.979985176713
0.957999543759
0.977821013503
0.979999999803
0.979999999997
0.98
0.98
0.98
0.98
0.98
0.98
0.98
0.98
0.98
0.97999976644
0.98
0.98
0.979999865313
0.97999999998
0.98
0.975999827841
0.951495968706
0.979999056886
0.979966760932
0.979999938179
0.979999999973
0.979999999922
0.979994019525
0.979999907807
0.979999997265
0.979999999881
0.979999999997
0.977579427236
0.975999190028
0.979999987313
0.975637264351
0.977567389436
0.97999999995
0.979999927654
0.973999309898
0.979999996001
0.98
0.98
0.97999412397
0.979999983871
0.979999996164
0.979999999964
0.979999554551
0.979999999999
