0.000644090278541
0.0178115781112
0.0951563671375
0.121329496468
0.171035850684
0.177790064505
0.180669990845
0.313791450433
0.373146186154
0.32538841817
0.2987347183
0.258838864511
0.198023273751
0.108425193358
0.0270251063932
0.0927496709621
0.282734896602
0.342728645302
0.310813071158
0.366867116421
0.446563352193
0.473207952167
0.361916958091
0.336363493899
0.289784895265
0.293710336687
0.275968922454
0.221501225754
0.295745142563
0.284107009376
0.342790655095
0.338382673365
0.292886687218
0.282423304714
0.342406813924
0.352793121136
0.350390812433
0.377625826444
0.367487482124
0.370070267062
0.31828196322
0.372052255877
0.394147076967
0.414900215272
0.388456565688
0.373891377005
0.370209287759
0.365349719886
0.367817565133
0.381543770842
0.360278034642
0.426813794
0.412909378968
0.360853604103
0.35201033197
0.283327317542
0.321837733792
0.345874764829
0.298424406447
0.334604152531
0.321872131833
0.368509708068
0.280511621223
0.289750446816
0.279466214978
0.176982227851
0.200492425878
0.316036710529
0.218519082684
0.115492741023
0.0925660671189
0.158241017133
0.174073034811
0.284744910019
0.299468718372
0.285696640937
0.141036104538
0.198635300641
0.30873284507
0.187575561284
0.16800129452
0.1916459092
0.194461470655
0.21479355045
0.262091922685
0.401476624475
0.320830208481
0.291713754017
0.205740292964
0.158599996897
0.224443768904
0.235610808843
0.2781902241
0.332191708599
0.372817308609
0.385099599562
0.351481112313
0.283169991675
0.264738146279
0.30947257237
