0.00368674365745
0.165404559967
0.826521214372
0.976620838013
0.979947226535
0.979999181715
0.979599987334
0.979999999803
0.979999999588
0.979999999962
0.979998253108
0.98
0.98
0.98
0.979999998628
0.979996976506
0.98
0.98
0.979999920097
0.98
0.98
0.98
0.98
0.979999999957
0.98
0.98
0.98
0.98
0.979462505394
0.979979957106
0.979999998724
0.979999999455
0.979999999846
0.98
0.979999999948
0.979999999985
0.979999999886
0.98
0.978778032238
0.98
0.979999998154
0.979999953158
0.97999999999
0.979999999997
0.98
0.979999996403
0.98
0.979999999996
0.979999548218
0.979999700842
0.97999994222
0.979999991884
0.979999999015
0.97999999995
0.98
0.98
0.98
0.98
0.98
0.979999999607
0.979999999992
0.98
0.979998137281
0.98
0.979128627329
0.979999952345
0.979999125142
0.979999462688
0.979999678533
0.979999999943
0.979999999998
0.98
0.9792
0.98
0.98
0.98
0.979999999998
0.98
0.979966140427
0.979991771501
0.98
0.978760931097
0.972872221475
0.979037082703
0.96879220859
0.979589453778
0.978670863794
0.977983481815
0.979597781266
0.979999845489
0.979999994772
0.979999638593
0.979986243393
0.979998768776
0.979999993001
0.979599999203
0.979999977669
0.98
0.979999999993
0.979989285629
