0.00112185980983
0.0512328543459
0.253134158779
0.385446974495
0.377104490439
0.32471073232
0.299534576078
0.30594279324
0.315021909929
0.318057030521
0.252514637895
0.234807234438
0.183632967273
0.198315768262
0.175044980295
0.206353879091
0.228903912425
0.225541333056
0.27101880758
0.335078025868
0.221531964766
0.290285375517
0.272736611182
0.332482225237
0.318658121068
0.229390262487
0.259733860355
0.302389103868
0.317076921823
0.328392386733
0.310957468854
0.292641758573
0.247100613339
0.222395147677
0.27702334842
0.331234619797
0.34472236668
0.31000579428
0.287922454072
0.267484877164
0.286524599077
0.202623960349
0.119408243409
0.176340901678
0.333681748422
0.274200071253
0.189452831681
0.235113572137
0.285676127576
0.280576601551
0.198080956144
0.199336982501
0.253236866953
0.275399729025
0.14017507377
0.197466797635
0.302698277005
0.29702458575
0.304971134477
0.300415792524
0.209005681702
0.154061697018
0.193403793843
0.331497472462
0.346080625568
0.349356427105
0.291419598686
0.210653386813
0.283214366617
0.232790282304
0.210244912213
0.257208589244
0.239373425072
0.160219407471
0.127443230954
0.211907630008
0.377460045188
0.357206997258
0.318157624771
0.225079248177
0.0820841602848
0.112740582543
0.218379355066
0.255516222771
0.267266009629
0.235290705478
0.243632529235
0.291738821292
0.295012052789
0.231991575509
0.253793841405
0.299532141374
0.282792053696
0.281758513922
0.326169300465
0.376032864489
0.317081257561
0.255660806337
0.298342808986
0.259949064453
