0.000918032938738
0.0204702212387
0.0633291687762
0.132507706478
0.228811065321
0.280823988564
0.171660924953
0.149912227731
0.238240643599
0.416211844546
0.325747748241
0.199664570187
0.257611144456
0.29985622852
0.281309068581
0.229323277393
0.258957741033
0.344821594698
0.384225378004
0.383081863815
0.336281198655
0.325759676547
0.410991373971
0.429515810702
0.441208002395
0.314759343859
0.356281499289
0.415540267977
0.331804944695
0.3806863912
0.385730227433
0.384969392501
0.373546967542
0.440197278516
0.454030665329
0.467836930791
0.430163381414
0.356471233011
0.39005875023
0.339956728812
0.298916328859
0.312886661093
0.330650796861
0.390444729837
0.424260723284
0.493285541637
0.52591296508
0.48186364543
0.408257918487
0.479059636528
0.528437316398
0.50393885016
0.407610738075
0.367513472783
0.331786404008
0.326198456352
0.386697391678
0.436709108166
0.417116609966
0.414713273359
0.35514397722
0.36270396254
0.392858693005
0.475448758192
0.422773154938
0.404092357992
0.398448991049
0.441771238327
0.277168063248
0.274451676364
0.341027972874
0.447286094524
0.450792236707
0.353536905436
0.312899053933
0.394703456458
0.461044780719
0.529721779075
0.488744101299
0.43582450979
0.442312369803
0.417707270323
0.425037998367
0.407879826375
0.492725639233
0.493889607354
0.392014775331
0.398359399253
0.474192859893
0.481944820917
0.454581759195
0.457160240591
0.439184846322
0.32967111017
0.324102399891
0.421637120336
0.397435680173
0.400136191565
0.323205151468
0.335144147066
