0.00298509266437
0.155931513309
0.804608286617
0.899579140509
0.583860126075
0.323959250209
0.817115188341
0.965503848331
0.90070111059
0.94752349579
0.909152056355
0.926154951433
0.884057863998
0.465470136328
0.809675362375
0.950072538349
0.973428681517
0.975106623667
0.977260758499
0.975769297333
0.977495306371
0.978903882772
0.937907278131
0.978824234747
0.979999464314
0.978109482757
0.979723734627
0.979999999997
0.98
0.98
0.98
0.979999977758
0.979999475755
0.978652134857
0.979566733176
0.978794818556
0.979814445152
0.979996596559
0.979997844138
0.979999888967
0.979999955509
0.979999999998
0.98
0.98
0.98
0.98
0.98
0.98
0.98
0.979999984185
0.97999999897
0.98
0.98
0.979999999884
0.98
0.98
0.98
0.98
0.98
0.98
0.98
0.98
0.979999999197
0.98
0.98
0.98
0.98
0.98
0.98
0.98
0.979999999991
0.98
0.98
0.98
0.98
0.98
0.98
0.98
0.98
0.98
0.98
0.98
0.979999999998
0.98
0.98
0.98
0.98
0.98
0.979999999983
0.98
0.98
0.979999999999
0.98
0.979999970943
0.98
0.98
0.979994409751
0.979999783557
0.979999989906
0.978799999818
