0.852082809897
0.883500108439
0.98
0.938744138252
0.969571805035
0.920430214892
1.0
0.892699157575
0.98
0.98
0.922262250742
0.857922631465
0.98
0.972170876964
0.963324311984
0.971489250396
0.957706797671
0.850998467308
0.871396236245
0.953734158106
0.948714517159
0.972563210171
0.979
0.98
0.973200005857
0.979129168986
0.809646265355
0.977
0.850780966828
0.970748683296
0.98
0.98
0.98
0.98
0.98
0.98
0.956354251549
0.977383631519
0.98
0.963583639955
0.970102424047
0.885833904191
0.8288611291
0.856556980034
0.98
0.98
0.978496876957
0.98
0.98
0.974160913306
0.861114943502
0.971659173696
0.923934913593
0.928079552519
0.98
0.828336458871
0.863609265244
0.973441630645
0.94666291438
0.965694687729
0.889528736451
0.883410381434
0.928008901352
0.900450382924
0.98
0.98
0.98
0.940243513868
0.977612170683
0.872443523553
0.954149290256
0.98
0.80778317214
0.98
0.98
0.964605569946
0.966933012646
0.98
0.98
0.979129168986
0.900133743416
0.920589260696
0.98
0.98
0.98
0.815611102165
0.972864290014
0.98
0.97373010575
0.880471294627
0.975916256755
0.746044941499
0.953605707003
0.799749514443
0.936537458172
0.594841268558
0.242985152758
0.627961269194
0.871345123956
0.663163731769
