0.000944176316589
0.114307327392
0.128649016265
0.25240688897
0.443580904881
0.322020424343
0.210006649359
0.279390015265
0.349415665779
0.382898357801
0.460522328197
0.325407462925
0.203380537765
0.198473361212
0.126415543683
0.17997769408
0.182836383072
0.177212557921
0.382141008846
0.528890417042
0.339310248767
0.215108646126
0.411267775632
0.460971811609
0.464160525978
0.56448380419
0.445267896343
0.530338278014
0.665018330498
0.673661957667
0.711777588923
0.591131074052
0.388611321208
0.305486703402
0.376087307573
0.461232356094
0.658022715968
0.706405800022
0.515399689634
0.336185667663
0.332926475215
0.448584041857
0.440498339842
0.418878729571
0.496992257058
0.567946361001
0.544969857589
0.507955805691
0.516967295263
0.488749736771
0.382359419943
0.36050722749
0.429459863743
0.362710472033
0.251660118845
0.246024537711
0.295073166839
0.274110414001
0.126718760074
0.194415429211
0.327724979575
0.312083688323
0.458907300844
0.617903054626
0.44074070048
0.328951393223
0.413126761325
0.541866364091
0.459320690606
0.372639968458
0.197534215645
0.317817069093
0.425312581021
0.446173572954
0.434568556759
0.453594604724
0.607590192244
0.643647653401
0.436341289312
0.438680253964
0.602515137146
0.665340022882
0.645430803135
0.515346106443
0.267495277695
0.383905218751
0.524132924622
0.429617093712
0.362534029356
0.396488167991
0.373250985563
0.405501156095
0.525221492297
0.592226360996
0.548866724929
0.562823629993
0.583149484954
0.589572126873
0.623439400218
0.844418832251
