0.824771867692
0.784838903796
0.656817571304
0.622458778222
0.523433327921
0.439752387461
0.405119491418
0.374756216088
0.316717632077
0.440510884023
0.636430604615
0.569963081007
0.483659497467
0.475836953752
0.374584885749
0.428708674234
0.498742103841
0.46760953836
0.506581417217
0.507598122842
0.543005245873
0.516291431648
0.524033231412
0.481334852394
0.528863882914
0.526353870287
0.473875827738
0.450972916478
0.434605987067
0.401256671049
0.334554338836
0.359875084737
0.377286186664
0.294774816317
0.224030105798
0.125136999083
0.10749301211
0.0430947939312
0.158815369285
0.143784091327
0.155632560121
0.0853799040549
0.114186767086
0.0486352309122
0.0481770374068
0.0945634156534
0.07638806985
0.0199488859669
0.0716355065548
0.0299394213164
0.0728355983956
0.0574360779889
0.0311304854136
0.0657726441658
0.0854137161032
0.0673662208592
0.0980336723669
0.0718881177165
0.0682864861815
0.0950289306819
0.0313340543516
0.0585158852359
0.0609888172545
0.170285033873
0.188846980793
0.0516828694588
0.0359011839005
0.0721869530077
0.0988046315587
0.0140283524445
0.0880767739475
0.0655642111381
0.131786309284
0.321532408793
0.0388171125822
0.0621364526282
0.0803443601017
0.0709560047259
0.104031397172
0.0530625585888
0.100566787095
0.0809957954712
0.0601703452241
0.0425320734873
0.0650501910219
0.0897613215304
0.0780515357425
0.054222247952
0.0660358433323
0.0732815541532
0.00924395376406
0.0501275843425
0.100490084901
0.149514432456
0.222262594841
0.173609151806
0.32458671464
0.207263652834
0.196931271843
0.129583069093
