1.68325271807e+296
2.3467767861e+294
2.06108573354e+253
2.02743145855e+124
9.65440023143e+125
177104098073.0
1.07128137128e+253
275.070188889
1213.76223564
6.6252961085e+256
1.16891201402e+152
5.11834183932e+025
3141.64503772
3554.04292163
2.89298099209e+241
641.346463103
6.70665873803e+016
1.10748560046e+132
3.38115704764e+018
4.98943915169e+037
1.32131073387e+037
2.08930523216e+038
9993.20639795
2.5546862817e+252
44328523724.0
1.2481730736e+246
5.62294513804e+252
1.47597605582e+109
2.12859968091e+151
1526.29702547
2.22774921272e+061
92.6884275967
1.79192423027e+024
3225.20532838
5.94556069561e+025
99.9997651962
8.17994575254
3.37594041352e+044
8.15059883344e+080
2.31452014142e+301
3.40964312013e+302
1.22781858908e+035
3.94977851415e+044
4.58832444142e+046
3.14634816447e+100
3.72072801795e+301
1.22033772318e+039
2.25715458403e+294
1.86097095885e+297
1.40073747249e+301
27.2051258548
1.94866322207e+290
4.87613582091
0.0
0.0
0.000969073972983
0.00380341468839
0.146060081501
2.84529644395e+273
1.00521399287e+296
7.54060277396e+299
4.86102827973e+297
2.32949807402e+256
2.80289808072e+302
1.8711752158
0.0
0.0
0.0
0.0908747231668
4.47267235292e+216
1.84382736891e+297
3.37101604614e+172
4.13237412356e+059
21.9644450893
7.61605421391e+303
6.83765701697e+298
2.8922323572e+304
1.66171841512e+301
1.42810789252e+283
2.72242982035e+154
8.57821340281e+303
7.48578742492e+157
6.41230507162e+027
2.32049924721e+049
6.64451885477e+060
2.7161681883e+062
1.75093489965e+062
2.70417209266e+062
2.26173682386e+062
2.80506664162e+062
6.78323614518e+061
91.5886123493
0.0146263269231
86.6078544384
2.67260274047
4.45146166408
0.346905315032
1.17311868591
1.33776889821
1.2866374474
