0.808681920635
0.778374251205
0.752935191365
0.762712707775
0.755586371948
0.75364770055
0.724249735485
0.721967024484
0.73665510872
0.718888003949
0.726035265216
0.713882683358
0.666374469219
0.683350625557
0.687828925731
0.683750981771
0.696928384258
0.675212616115
0.681296973193
0.700476260168
0.720004331704
0.727554944001
0.737244124521
0.706106602878
0.676226533425
0.58466380842
0.57217701322
0.637657674679
0.653652234847
0.683407749915
0.724348708091
0.696264219042
0.725116739803
0.63319583187
0.583629419496
0.594135227085
0.501964447436
0.560111717416
0.663418282823
0.564418812641
0.550781754871
0.545562509799
0.458970526066
0.405763705357
0.418014325259
0.397522800499
0.356070605479
0.364531824944
0.409541512345
0.583152975645
0.510398314476
0.537350919953
0.55734720502
0.528360815769
0.45321743128
0.416372937537
0.420685029043
0.40077059957
0.384414321745
0.430304802417
0.357304065217
0.395089084563
0.446974263737
0.472832051561
0.512986892953
0.570951980428
0.535135672749
0.619365745848
0.654044448301
0.6100933858
0.593687173284
0.598767560363
0.564714464408
0.391129728167
0.497962998184
0.581651409681
0.563409075492
0.671258858811
0.686515340172
0.690941511645
0.659061107417
0.665573137884
0.66927736927
0.663538858695
0.65870061916
0.600258035652
0.620954174202
0.638598053724
0.654910985297
0.661635412913
0.613959687389
0.651793566005
0.615777563792
0.664813446413
0.625875421523
0.576485931072
0.544037433636
0.536448344704
0.574987564873
0.583409019158
