0.810143777915
0.784685260704
0.772185076806
0.78102640028
0.770592592942
0.749049963464
0.739573884212
0.729355836093
0.720893686277
0.704746969701
0.67770610454
0.676484561947
0.70599552887
0.702016406496
0.697048100809
0.684349312156
0.686670085885
0.69668595355
0.662130756435
0.643531717613
0.64254447389
0.563017827975
0.551829267799
0.561213701166
0.513551823234
0.660663635933
0.612125572628
0.550788476161
0.550189575082
0.63200235937
0.640846588711
0.595107420875
0.601218283994
0.646447040285
0.608224078488
0.595050995275
0.571717524508
0.539714511687
0.484678570875
0.442502837968
0.388584574115
0.455205447238
0.545814287364
0.579097811285
0.563530773028
0.547714583252
0.530871959769
0.539137563702
0.530785647393
0.580033684255
0.561969972016
0.50190724961
0.538374863456
0.523025070721
0.592684407851
0.595436403286
0.570160852116
0.558749037278
0.594955841945
0.59496766041
0.59093714612
0.503121207797
0.504043934177
0.514932413411
0.532699267685
0.582234422655
0.642383108145
0.629723606888
0.672838470348
0.689006476177
0.676273768896
0.692890415127
0.69367636054
0.702139995129
0.682938465152
0.706365400873
0.698162332239
0.683454601967
0.69452110759
0.691487107649
0.717389650589
0.728598863231
0.67674469017
0.718487659413
0.712320667426
0.665293055585
0.644418852293
0.590696748022
0.434995202828
0.308413761108
0.243721318146
0.031494476456
0.0
0.0
0.0
0.0228448910877
0.0874475379531
0.0
0.0
0.0
