0.812350735142
0.777447702832
0.764228556415
0.752376244103
0.748381281011
0.727101288382
0.734126363087
0.735403089333
0.73838201159
0.730664783964
0.719434787201
0.712532185261
0.693101102061
0.684780268251
0.704203637431
0.642602306851
0.633169402729
0.625159625053
0.652310876378
0.64512849926
0.625472558602
0.671473599925
0.712887269886
0.692576013408
0.64693895213
0.686424331658
0.641203307135
0.692034331446
0.648987024723
0.60281834435
0.549111403321
0.553522099709
0.557434490766
0.556549947833
0.555446756874
0.596152626755
0.61877476346
0.624953482405
0.63755130015
0.585784092509
0.57637660618
0.638181234057
0.63955226956
0.629398085912
0.581710601839
0.530892066497
0.532528906741
0.547907919153
0.589606492846
0.508908146316
0.545521832491
0.501998541965
0.499291530175
0.462672099003
0.378619209342
0.441192463508
0.446848936717
0.490090469544
0.509736236504
0.585380851172
0.570370494459
0.532414863509
0.490440086923
0.467791003443
0.516354833589
0.550595943228
0.489013951187
0.591479998316
0.572247467432
0.6267749973
0.661188093882
0.67942130185
0.613700070628
0.647659058131
0.545788828204
0.481181488855
0.65684793971
0.691432918043
0.722441247776
0.718585405877
0.67556529643
0.635322619603
0.632505610136
0.622165596673
0.670463127524
0.67977022686
0.67332020207
0.702650299338
0.629370715123
0.585195480062
0.586807715851
0.64150848838
0.644262457201
0.577281697757
0.598294964529
0.629972022598
0.613308518391
0.571350304659
0.547219834239
0.577262472086
