0.815352208864
0.800112932837
0.785525515784
0.775233736591
0.771740346494
0.765226280159
0.758291943571
0.762789505804
0.727925167144
0.731842943265
0.711373911936
0.723930905318
0.701857398412
0.683984085585
0.706211535307
0.697589428047
0.695849509461
0.725466822834
0.705587732209
0.693355545513
0.671555419906
0.674839154146
0.662179418594
0.620229055837
0.62024088469
0.648610821539
0.616036503611
0.590784509144
0.585333852945
0.532937191808
0.571105328998
0.558082466471
0.575393977004
0.542005028648
0.479810570902
0.440446700475
0.287372883836
0.271705228816
0.389510164348
0.379919519578
0.252684375991
0.151873991308
0.131691925483
0.191199988328
0.152196424377
0.104536141788
0.10629933627
0.118971853411
0.179352774337
0.204541579375
0.133666866473
0.15856746147
0.0887901910065
0.0570692762216
0.0801158982105
0.0964617534959
0.156524592399
0.169529274615
0.108498288353
0.187461560683
0.183709872361
0.201828399702
0.176630100873
0.199041986395
0.225676066099
0.264694123581
0.224029775048
0.338362266655
0.268904135874
0.188599868481
0.167631300542
0.209560433676
0.239707318859
0.268796903096
0.257832772891
0.209798695037
0.232460020059
0.258039838331
0.180482938903
0.160817235192
0.176935312264
0.108000148049
0.023615621514
0.0432278360047
0.0111245489017
0.0
0.0
0.0
0.0
0.0
0.0
0.0
0.0
0.0
0.0
0.0
0.0
0.0
0.0
0.0
