0.805007619625
0.784883740893
0.746682560684
0.754095160212
0.745709209917
0.75662332284
0.749268055899
0.727690052763
0.729994649681
0.690303130227
0.626995720163
0.630078998518
0.600690450483
0.578958047119
0.527946795462
0.567392088748
0.568259726487
0.553621098658
0.569858549632
0.583564096671
0.58108419673
0.575086360642
0.642207630445
0.640292387419
0.676891668931
0.687097225921
0.680737227544
0.681703357781
0.699416589998
0.664989925204
0.660139539343
0.635500033629
0.628478127137
0.599670300168
0.62507046111
0.561444196228
0.487198326312
0.506001270594
0.548218525571
0.548921944847
0.483804647424
0.469634047159
0.425338398967
0.510108663119
0.533734109385
0.507926057152
0.497649226231
0.498223646605
0.49859413826
0.483030557595
0.413899815242
0.505057483518
0.593832025058
0.560947341958
0.616356331618
0.571771651115
0.583241286237
0.60214171688
0.606137888554
0.551876098034
0.58751937641
0.548466445378
0.54159379658
0.514662864174
0.533660760251
0.551045525801
0.567765968227
0.477128032042
0.482230877731
0.494208624055
0.527516308735
0.509417623819
0.511669604676
0.546866643599
0.571557962117
0.530430417734
0.513445454839
0.552928832153
0.492966590299
0.576971671922
0.537372714946
0.550467827792
0.555959816845
0.556081607907
0.500537950936
0.456659781044
0.46580978033
0.516510794925
0.563129583237
0.604700992692
0.651745195235
0.605793293678
0.590296209136
0.561994417484
0.596740356308
0.533376539727
0.401559499293
0.43566615098
0.442766685039
0.442158967342
