0.279674368396
0.377161920316
0.465795761545
0.368455379699
0.439720649882
0.497489461704
0.469037107243
0.415073495186
0.364869702472
0.384577661654
0.260816652412
0.307767337922
0.283736780864
0.243078150701
0.270265874689
0.288507418476
0.224517613539
0.295566351439
0.357856335594
0.355990880504
0.312692759603
0.288454169469
0.224776801675
0.265168027089
0.338527204865
0.308793527706
0.242452221664
0.223140442469
0.229572473543
0.233675705669
0.22838895245
0.269949201839
0.438124275372
0.624111091229
0.576924122343
0.522307057834
0.465333718711
0.451497320795
0.499649581205
0.418039367696
0.357322376809
0.276117609354
0.367915253431
0.323009108414
0.378388226474
0.323727538172
0.315017549456
0.339940604338
0.237721037167
0.417000725649
0.443224786412
0.552367091174
0.499544716824
0.365420075491
0.423204254197
0.314716693528
0.297463167789
0.411108950323
0.352252387233
0.254209435359
0.23099065547
0.267085165635
0.24660105735
0.304720906989
0.413431293126
0.431469953601
0.43497291706
0.462274895261
0.477523634172
0.407412829093
0.382455279787
0.334716537265
0.343857841101
0.308047549527
0.230700813937
0.225675980535
0.22893459376
0.352821873996
0.524223669227
0.388685914622
0.359097021958
0.39377118263
0.446678881748
0.356340721174
0.319868471453
0.327548108352
0.361567230006
0.253888643981
0.394521905512
0.310338119025
0.341406676477
0.304428048441
0.220182308788
0.270792659357
0.30555392049
0.247232965614
0.26389989962
0.361634789584
0.304967165507
0.239358755061
