0.237282423661
0.355845397519
0.433521129916
0.438404436578
0.350410723422
0.391155659603
0.301994732676
0.310459636799
0.253255886195
0.346120589746
0.242187785039
0.391749541418
0.461653789233
0.478861509695
0.381487876292
0.431641797941
0.447891193355
0.339704163356
0.247773878197
0.228825545085
0.236486313781
0.228365783116
0.313959164823
0.384512901445
0.3454550566
0.305820971703
0.229437889943
0.248048224133
0.269139797012
0.327676453273
0.268021061848
0.322966892087
0.292467997493
0.223454548998
0.231280019362
0.294266913496
0.350658408024
0.339712945923
0.292605828088
0.369548689568
0.36510334754
0.348869578018
0.426943374784
0.531652714262
0.45677420152
0.416155266131
0.317732585511
0.289838237237
0.326745766898
0.358773937434
0.292682472233
0.299706626689
0.305703141137
0.311772428118
0.260535817806
0.439885925726
0.372779537553
0.378465722139
0.41720240327
0.434161080184
0.461572696775
0.358392274219
0.39437554722
0.375955505052
0.411604120403
0.32305774177
0.334325836125
0.340901905815
0.316960164041
0.260387260191
0.364797600968
0.425834807593
0.363236253941
0.397678761872
0.346973430247
0.348950429326
0.375515294659
0.416244792348
0.49621122485
0.518966191954
0.400553948714
0.485056567372
0.488350726466
0.389058491945
0.354394988088
0.337337737332
0.422224077077
0.314993835369
0.355561609814
0.342248560377
0.230781129395
0.258150198691
0.298301639816
0.364410720109
0.423676594565
0.431561711214
0.327165276096
0.302311106676
0.369936719944
0.400860265776
