0.262440206136
0.392665307444
0.453114583443
0.423818274732
0.351855050372
0.402552333164
0.355587419014
0.323608740632
0.366427670601
0.273030810127
0.305869142583
0.437580663483
0.371171425966
0.433150607719
0.481289668291
0.372665781585
0.365592393456
0.414912830645
0.436753351117
0.424783471474
0.451651222022
0.380906341473
0.476892305065
0.417640359262
0.35263743684
0.463555858843
0.506483911331
0.472623407449
0.46759708486
0.420126785468
0.425118802118
0.491217559057
0.381683690251
0.414534938766
0.43168248624
0.428957225544
0.413947006455
0.497302600865
0.466341563416
0.535403442201
0.537060656687
0.462666402907
0.497532354722
0.560375260238
0.606569912163
0.485993191309
0.522276533718
0.523496523015
0.412149130491
0.43133720084
0.41355935933
0.462350104924
0.517919449965
0.413187553142
0.274043501905
0.379378290856
0.395569516212
0.376681606642
0.446771479186
0.397492948157
0.351103793302
0.335896724633
0.337873582624
0.314941732027
0.333721983885
0.388716132111
0.344297920645
0.413873704126
0.494833058035
0.49821643539
0.502534931334
0.361908617465
0.476358917718
0.419358955018
0.381348756433
0.507334000802
0.367335928542
0.453969370737
0.386422550929
0.43105271598
0.48658416691
0.517603277725
0.38649310481
0.413857851305
0.515732587797
0.483026061552
0.424255700122
0.414742954869
0.417055368386
0.473038999985
0.453922447699
0.37795258249
0.505103270216
0.505314442222
0.513687854798
0.384350351594
0.440143186711
0.429473250422
0.39053744681
0.451439760557
