0.284427347645
0.439746414213
0.449258975886
0.356481368586
0.438149648981
0.350220566436
0.41793847205
0.402251529942
0.435415325278
0.432825338161
0.342317031619
0.315634049528
0.325927177322
0.235820432001
0.231077194209
0.322603808538
0.36733377638
0.290411696673
0.326474429608
0.34584232043
0.281528496235
0.318464474767
0.342709343495
0.330303651869
0.293753551329
0.281806689183
0.448778007837
0.301430850144
0.340768492858
0.380098025862
0.331850710005
0.382706114906
0.384820335318
0.351991659141
0.349955293839
0.230044362928
0.344757716407
0.36020164652
0.27272392902
0.24887389222
0.325700270923
0.243719418717
0.273496019106
0.32598548517
0.28211858264
0.378353041964
0.283425985087
0.303207413216
0.409938711935
0.297095717382
0.313487592576
0.273245659735
0.377338412733
0.424502349061
0.339237331163
0.328871206319
0.312866389809
0.231504525602
0.221680685524
0.228734949674
0.240568577422
0.283162350082
0.294212996533
0.486430449197
0.375410359123
0.464120794858
0.518587793699
0.425334186164
0.415893236571
0.368714962827
0.318562786215
0.404403778634
0.384178421523
0.366741376603
0.359807466968
0.448005888097
0.430869945948
0.359651654161
0.385553243485
0.312184570442
0.301521142829
0.282209424622
0.364358787018
0.295306237454
0.332744476796
0.40509119416
0.310134281153
0.283518775971
0.386525098471
0.34174932491
0.391305575146
0.24588058747
0.227791513041
0.237085360628
0.322322022114
0.280324723601
0.347838063011
0.322189548478
0.312938613491
0.363786672636
