0.811951140378
0.785488038781
0.797320970724
0.75260376627
0.755531014916
0.713333244015
0.723470027735
0.700871616609
0.648397038808
0.62588926223
0.556129447468
0.631991544747
0.68394508715
0.658248360763
0.617254288721
0.654644510876
0.630851354292
0.653351317411
0.595830251989
0.694627901094
0.713894256227
0.718835282268
0.661809994875
0.584899849147
0.59152630298
0.597501253101
0.545497865558
0.493907760551
0.503401646454
0.514163948596
0.557511612288
0.297446710572
0.249543464799
0.33649892089
0.232992078751
0.36318293876
0.399772579708
0.334109694561
0.279955585361
0.324214458816
0.324282095828
0.294587083153
0.137928969373
0.0969005173423
0.0632792338628
0.0254032378787
0.0
0.0
0.0
0.0
0.0
0.0
0.0
0.0
0.0
0.0
0.0
0.0
0.0
0.0
0.0
0.0
0.0
0.0
0.0
0.0
0.0
0.0
0.0
0.0
0.0
0.0
0.0
0.0
0.0
0.0
0.0
0.0
0.0
0.0
0.0
0.0
0.0
0.0
0.0
0.0
0.0182733772597
0.244862433425
0.0919697942688
0.0321253158052
0.0
0.0
0.0
0.0
0.0
0.0
0.0
0.0
0.0
0.0
