0.812331813261
0.775590647534
0.743228081689
0.682300997718
0.684309421972
0.658815419313
0.680652076716
0.635762916104
0.605218873849
0.606570441155
0.567315565467
0.602908058058
0.575614601332
0.56141733401
0.571996501863
0.594070569879
0.578281527998
0.563413724837
0.573234776399
0.579165529207
0.57015824777
0.576246677852
0.537065751542
0.514715394696
0.531130741707
0.476442139449
0.507626123925
0.484353539721
0.524887097794
0.556809283782
0.530768053221
0.521057563812
0.472399170521
0.487894943904
0.503900360015
0.482669590767
0.547224439137
0.558721397452
0.57136305727
0.608833160021
0.579387912372
0.553870065501
0.500051008694
0.601416852554
0.582330751335
0.575589137362
0.612864248442
0.616238603427
0.588388333453
0.599066418716
0.554878586889
0.564847040616
0.546909074954
0.564371280837
0.562573003718
0.438882616566
0.398260202629
0.429433449738
0.457580567873
0.482731652938
0.425095367493
0.339676040064
0.379686648137
0.47319906974
0.452013287236
0.467388309877
0.501058609641
0.437023401548
0.481902535275
0.442652055
0.513325003704
0.508607972475
0.497574558787
0.517191742871
0.560157558515
0.558182999421
0.559148540595
0.570990225968
0.585704621382
0.550895034223
0.560609708563
0.541588493373
0.553389613451
0.53776541422
0.613201942783
0.560522690005
0.595847378125
0.527948406883
0.478508803444
0.370230474819
0.401061962404
0.314925105139
0.344399325726
0.383301137545
0.464477880467
0.515493999208
0.465414002284
0.410843190448
0.348497565863
0.4652397343
