0.83478106136
0.98
0.98
0.98
0.968001490242
0.98
0.98
0.98
0.98
0.98
0.98
0.98
0.98
0.977400033201
0.98
0.98
0.98
0.98
0.98
0.98
0.98
0.98
0.98
0.98
0.98
0.98
0.98
0.98
0.98
0.98
0.98
0.98
0.978320849159
0.98
0.98
0.98
0.98
0.98
0.98
0.98
0.98
0.978626161821
0.908411570102
0.98
0.98
0.98
0.98
0.98
0.98
0.971699856831
0.98
0.98
0.98
0.98
0.98
0.98
0.973268629455
0.98
0.98
0.98
0.98
0.98
0.98
0.98
0.98
0.98
0.98
0.98
0.98
0.98
0.98
0.98
0.98
0.98
0.98
0.98
0.978282726821
0.98
0.98
0.98
0.98
0.98
0.98
0.98
0.98
0.98
0.98
0.98
0.98
0.98
0.98
0.98
0.98
0.9796
0.98
0.98
0.98
0.98
0.98
0.98
