6.75370346454e+021
3.99742680368e+093
8.39728453256e+055
419925.900528
91697.27733
1.01701094441e+013
3.19597407041e+056
3.9344792792
1.31665687087
1.25708501795
1.13254383938
7.83234717806e+012
24.0085047254
19.7263661683
16.382909636
15.5270109823
11.8380655923
7.59905239498e+267
5.38490272247
2.57557636402
1.86494449841
1.94268583633
3.15371861035
0.848061334752
1.33062397777
1.2326090435
2.74116431362
0.675300362535
0.76421753454
0.753123272883
1.78808082726
0.979425197633
35022.178759
1.56672882008e+053
1.6386868811
0.746158459047
0.804349247386
0.745552120782
0.761647220836
2.16775589381
0.975247230476
0.938507908641
0.961694701434
0.997106191623
7.47624763988e+022
5.52083170198e+271
0.794253517886
5.05507452498e+014
1.77893092034e+015
0.955172879292
1.1527648961
0.579539040806
1.12531479938
1.38447258441
3.30192168633
0.755346704273
0.715608109589
0.662349471992
17998.8094071
0.901866152053
1.09213561492
1.0712857086
1.03465772867e+139
0.686856530735
0.398933517121
0.413677000615
0.683939181918
1.48967589288
2.02747522221
0.42938169082
1.09993489304
1.22190988029
0.893642540667
1.40423156104
3.23971387362
1.03764720531
2.25641230995
3.83079850823
1.02771176419
0.794520930281
0.774731694976
0.888123917483
5.61797109192
3.90530440987
0.727453756965
0.879596211855
143892291716.0
8.10227833624e+022
2.09601297844e+039
4.21031399112e+040
2.4417822954e+026
1.16922863363
3.74831615122
4.77695312287e+032
8.32154022923e+029
0.888238282005
2.32442990262e+047
1.46284442175
1.1059743467
6.15668925937
