3.74100866237e+282
1.28895392115e+039
5.52095709494e+240
1.31219134985e+283
2.13396838296e+301
5.91084391227e+298
3.08700368803e+295
1.38225157905e+254
5.17345048958e+296
1.33448292796e+277
1.81898657125e+280
5.27614664481e+253
3.99088206937e+253
2.62758986475e+253
7.18516684014e+293
8.50705917302e+290
1.99223298095e+304
3.07820621875e+297
4.98429579593e+285
2.65917536363e+253
7.42985069304e+252
1.18977855022e+271
2.66496053749e+252
6.99561110317e+252
2.54294344493e+015
5.69627762566e+294
7781.40161561
4755.39229856
113.408859354
64.5554979431
36.0317467102
19.8971954095
60.9592372589
67.0504529303
105.559548048
73.7928277034
84714109607.5
48.0042500784
22.6458818731
36.7394256773
38399.506898
5.92866080691e+175
2.62663371326e+101
4.42056251791e+051
8.54072952513e+144
1.21613133547e+285
1.43303978415e+303
10.898109356
1.75702036191e+269
2.08626975547e+279
2.52897573441e+280
8.58349202471e+300
2.92649989729e+085
6.6686454859e+040
1.52693772392e+029
1.08629722146e+228
3.63021790193e+222
8.64902826613e+277
1.40642922052e+288
1.22278517296e+304
6.68062060924e+274
2.33422352356e+295
1.87328779411e+138
9.32736188121e+252
1.16913789901e+115
2.55536433982e+048
85.8910313479
328.959184125
74.5850156542
2.19270531955e+039
52.6412569441
122.417474142
38.0344416137
5.50159456048e+031
1.04334017113e+061
2.04945047276e+278
1.34501946336e+107
7.77484272894e+056
4.9438168246e+079
1.4555117147e+099
8.92736770367
2.51921809203
2.60142685639
2.28236830929
11.4376186564
14.0457028947
4.13031295887e+096
2.64187266018
1.72473794769
1.41275108874
3.83355603228
0.809169893574
0.840754213902
1.313321705
2.35302884431
3.79025192596
0.869596208855
0.554158596653
0.677781896174
0.480667623945
