1.15384238676e+301
7.56826359232e+254
4.57190215775e+029
2.04051327879e+148
1321.46944094
1.5701117869e+304
4.03235222425e+254
1.37870321987e+252
7.36828077207e+238
4.34384583607e+048
9.88812113093e+041
1.92437891613e+042
3548602.42815
2.42585369712e+014
1.59244314337e+036
1.38777386195e+035
0.324744137658
0.0817346298366
8.00040718599e+012
3.2058889221e+231
1.83301642625e+026
774562.932356
0.36507855341
3.78553219964
2.29683156257e+012
1.02073555152e+021
20542811.8205
0.00829542403055
0.0245355113853
0.113118202495
0.166965004015
2.65150369073
0.0
0.317316433649
0.587916946127
1.00825942531e+015
0.323363092426
0.113492983974
3.80115516225e+260
534388841.783
0.158313996422
0.0720754879642
280653086091.0
0.356084388479
0.800070855957
5.45067586811
2.94324608641
1.96155160952e+036
5.53360282398e+223
0.0479714571469
1.15520145571e+012
0.0312738874938
0.567407937454
0.0250730850534
0.0153245184551
0.0139382903584
0.0142486108407
0.00720939757073
59.9942818151
0.0152341769467
0.00656150111641
0.0105005671227
0.0801665644211
0.016957074001
0.00346741698794
0.0150348473348
0.018890109001
0.0151790939491
0.0305255286837
2.72945431962e+012
258.411229389
3.98354402819
1804.43210888
3289.05461772
0.118464621076
0.0251361658519
0.0295354577545
0.011691985819
0.72064978287
0.0251422626804
0.0296793948122
0.751092214143
0.0348628586929
0.214968493002
0.0342993065291
1352568.76018
557717285.774
0.0244132368162
0.00569558388288
0.0
0.0
0.0
0.0987532728475
0.0
0.0184186467692
0.7754050068
2809.46913498
337214.405728
0.00298625359325
0.00392129707954
