0.288771612532
0.560338387751
0.675121059157
0.57266642339
0.354076061657
0.35516990461
0.451558655019
0.40045030733
0.498058865753
0.388914353625
0.54090043261
0.34233406044
0.429231092203
0.416207160265
0.339064070248
0.462432524463
0.415804045701
0.377543949425
0.365328226769
0.291213827286
0.370428116209
0.352210827279
0.372295439356
0.348806587661
0.319636890883
0.339273460873
0.330412685541
0.274797256487
0.351653559833
0.509176253951
0.487415419735
0.436180728247
0.360838829728
0.322712777056
0.360229813423
0.532073445641
0.571016317472
0.467400747546
0.340100420945
0.235634531122
0.427324076827
0.317500809061
0.36907316239
0.389250323779
0.410954629766
0.429017889438
0.442647454185
0.574728452905
0.602685617636
0.589684322385
0.530140136525
0.55943510851
0.4206675593
0.427578575877
0.405282405518
0.438127025438
0.430141377807
0.391495660285
0.460795851482
0.348521082068
0.260339194216
0.391370363529
0.330605230422
0.3672881676
0.341367358829
0.362641905399
0.367659553767
0.304549130899
0.287250479222
0.310035977928
0.456954860742
0.636549691381
0.435021353812
0.595594791399
0.51979248586
0.501581183857
0.553046852286
0.486252812742
0.507288348406
0.553794301363
0.447273147372
0.387599779526
0.45691250849
0.414367571821
0.506839541076
0.516807510676
0.440047823893
0.549190993088
0.426162143838
0.472910840314
0.42590945954
0.501590411585
0.451156021024
0.508014166808
0.486547689578
0.435907322595
0.428888793169
0.566625598027
0.418839647447
0.42507670139
