0.275963246914
0.272117665554
0.320195694603
0.403524947722
0.413609051627
0.362217595361
0.398363995416
0.420701843141
0.342368730038
0.445817742455
0.543233417462
0.542458148477
0.471343537403
0.501601322001
0.48901812412
0.448813099679
0.559748655837
0.515591312711
0.446596318373
0.437946620057
0.396195472018
0.52177443566
0.4895208394
0.47935896577
0.527807167891
0.488148725875
0.396704797183
0.408968537121
0.503289017163
0.475027812812
0.576037204842
0.490250068819
0.409344862045
0.417961233861
0.334859355049
0.285473240652
0.434191844196
0.409462874039
0.377624781794
0.422756134323
0.432465907599
0.363927847062
0.35244345492
0.400317977858
0.338123239713
0.416420633551
0.404722299663
0.443680208846
0.404576504039
0.464053558667
0.53724253834
0.496898037602
0.549338765616
0.525094888199
0.579161207407
0.542155087887
0.583986838537
0.548398482069
0.473515903018
0.43736167743
0.488566743019
0.438313736904
0.509968099721
0.555757485596
0.486458518093
0.505488311713
0.4481666656
0.433780652714
0.541789600581
0.383909790702
0.345067148133
0.495857763359
0.528434257395
0.542502906455
0.549449232351
0.446712150814
0.486404434322
0.540032356167
0.50551360239
0.510141989873
0.527146153097
0.56428792964
0.52215603306
0.464673841697
0.534016272369
0.524881414618
0.517944107031
0.554121176161
0.468316851168
0.526203447432
0.483899345455
0.524711193988
0.511227891094
0.502202801367
0.541652655871
0.480941250494
0.568764904169
0.500695337429
0.520446459417
0.54539905424
