0.260909047318
0.334419123823
0.415110822924
0.42922303126
0.450878595131
0.377318461692
0.479787258823
0.386374263235
0.320295901099
0.354518081722
0.433416500523
0.402841512981
0.263523042763
0.385790805816
0.314533611991
0.291156830391
0.393539828742
0.632454129061
0.594845203267
0.498070554228
0.484587979785
0.417625185264
0.479533402204
0.371731737809
0.268038656013
0.334527787189
0.276705713104
0.343993014604
0.418525822617
0.540487342397
0.410920084486
0.36884009116
0.344488626474
0.395985468801
0.364567873458
0.421894590766
0.349067943731
0.421008480018
0.369450077042
0.425361254728
0.368005384731
0.401234080414
0.413275647251
0.434706243401
0.367835169167
0.387571092544
0.31098697764
0.339347257125
0.316484801346
0.317875487777
0.385358404011
0.316125235159
0.535293140048
0.455672033511
0.372425140586
0.289267474003
0.40320493197
0.412426741569
0.307608597331
0.355363393954
0.324275929957
0.379630245928
0.528602141243
0.581018916304
0.546077853424
0.509822072375
0.547438336766
0.491919315743
0.556335508228
0.480077507501
0.43614293303
0.384138516329
0.416173477563
0.38848425946
0.322759600232
0.287393317455
0.483960783282
0.43600816312
0.375093954116
0.524277920593
0.503219359337
0.535232688702
0.547668165071
0.630978462959
0.545438543201
0.427231048629
0.393810215331
0.40062872905
0.442644893932
0.442576747808
0.430158794835
0.381221887311
0.383792786688
0.402873457345
0.547688684852
0.597528465286
0.614384909401
0.691023580212
0.585758434922
0.447326786583
