0.276691053548
0.310832158362
0.359030505957
0.331033531878
0.399865102447
0.31074614059
0.312712867697
0.384409469732
0.374590658242
0.306516933868
0.372701643572
0.283096780227
0.250758519035
0.297347094253
0.323076772053
0.443452721555
0.446440489715
0.511655514497
0.474571038167
0.507224376729
0.459712639405
0.422062636464
0.429349836917
0.390746417056
0.418080714589
0.390564970991
0.3471905746
0.365731732795
0.321972358966
0.344632269005
0.432937971973
0.432958887121
0.470618132913
0.42077020444
0.470661367145
0.501447582915
0.39597151368
0.429761775054
0.470428674828
0.403406509243
0.515696010309
0.543900154307
0.624504021653
0.46160501869
0.545174276555
0.453086448678
0.485118639706
0.422752007443
0.407215805736
0.474529724313
0.581213112059
0.527782132166
0.522430642186
0.362633934637
0.509779879037
0.442746115909
0.449392245828
0.454512091348
0.464982104351
0.430279297305
0.509708377743
0.421707194301
0.370891025735
0.342182913454
0.317421817559
0.394956981844
0.360675220031
0.306522294403
0.43489942411
0.526470771439
0.547027026503
0.412287417931
0.439100566588
0.485710907142
0.542517311966
0.489692796956
0.57922019384
0.590617312682
0.383284352739
0.318535160185
0.463937989047
0.542727088902
0.471336368136
0.407110170237
0.468925477028
0.512246097542
0.493447105484
0.298057889931
0.332698114902
0.379401189495
0.359454935591
0.281937763901
0.216359671498
0.440332203907
0.53754053448
0.537082387143
0.472394443396
0.483728445542
0.39312850348
0.460877562825
