0.900760837246
0.989163360735
0.989865183267
0.989901868829
0.989804680769
0.989889845969
0.989919825652
0.989947316422
0.989834889993
0.989913766574
0.989947316422
0.989898464034
0.989773839888
0.989589907096
0.989880515054
0.988621498225
0.989691350488
0.989916861041
0.989715322346
0.989834889993
0.989932567918
0.98995532722
0.989962129836
0.989872892205
0.989834889993
0.989951485174
0.989890315503
0.989947316422
0.989942793844
0.989722954248
0.98842151744
0.989259199384
0.989870427908
0.989906421354
0.989642951602
0.989274493341
0.989829852494
0.989932567918
0.989942793844
0.989898464034
0.989859487907
0.989951485174
0.989951485174
0.989458200189
0.98995532722
0.989031447796
0.98945632591
0.989965135204
0.988969253451
0.986984826587
0.989771892434
0.989652813928
0.988991104908
0.989918841743
0.989540886675
0.989349957988
0.987663102189
0.989932567918
0.989889845969
0.989906421354
0.989851438199
0.989859487907
0.989772677153
0.989521830176
0.988334106971
0.989697777391
0.989821946594
0.989380845279
0.988911804767
0.989947316422
0.989958867685
0.989903969672
0.98994876818
0.989213819487
0.989697838402
0.989652813928
0.989453461627
0.989436623769
0.989880515054
0.98842151744
0.989531329597
0.98965673556
0.989880515054
0.989870415549
0.98904918892
0.989947316422
0.989886942857
0.989343127386
0.98842151744
0.989752453182
0.989834889993
0.989160785031
0.989942793844
0.989947316422
0.989876040047
0.986639872305
0.989603908062
0.989468508379
0.98995532722
0.989834889993
