0.931155843563
0.989199033214
0.988494929872
0.989688549396
0.987666409451
0.989157279708
0.989872892205
0.989911868333
0.988551303006
0.987491947701
0.989881368459
0.989942793844
0.98992002058
0.989898464034
0.989398643648
0.987632233779
0.986373861365
0.988196650628
0.989673874747
0.988196295571
0.98995532722
0.987330292691
0.98540420937
0.987935011435
0.989919825652
0.989695237693
0.988782566775
0.989932567918
0.989711971215
0.989919825652
0.989582734564
0.987569769708
0.989952701602
0.989843341742
0.987123123494
0.989932567918
0.989827851063
0.989475650204
0.988493895735
0.989858380651
0.989926799063
0.989312432729
0.989926799063
0.989083734374
0.989388997222
0.987169229761
0.989958867685
0.989662872386
0.985655327224
0.989636839811
0.989641600318
0.989640039159
0.987891974107
0.989906421354
0.989913766574
0.989747119826
0.989913766574
0.98986773644
0.989790345639
0.989942793844
0.988620354026
0.988354909406
0.989758277027
0.98842151744
0.986807772181
0.989743782179
0.989880879831
0.985409856319
0.989942410765
0.989879746464
0.989958867685
0.989937473574
0.989937888188
0.989753690417
0.988794690736
0.989858596248
0.989151849361
0.989557835981
0.989618031765
0.988904165307
0.987451402508
0.988780557792
0.989937888188
0.989947316422
0.989806162704
0.989366605295
0.989906421354
0.989832899437
0.989834889993
0.988710691819
0.986771624245
0.989942793844
0.989904523113
0.989818706216
0.987979815737
0.989919825652
0.989880515054
0.989123494919
0.989937888188
0.989297366031
