0.958359887127
0.98935927968
0.98994633431
0.989920545057
0.989870528727
0.98995532722
0.989279917455
0.989913766574
0.989894112039
0.989951485174
0.989906373705
0.9899020045
0.989757596276
0.989889845969
0.989951485174
0.989442287136
0.989889845969
0.988679115883
0.98808112223
0.989360844431
0.989932567918
0.989119408102
0.988744631536
0.989954607815
0.989937888188
0.989130928843
0.989229122112
0.989898464034
0.989859487907
0.989937888188
0.989926799063
0.989870415549
0.989898464034
0.989076114437
0.989396502596
0.989947316422
0.989937888188
0.989932567918
0.989430143714
0.989621789803
0.989923764485
0.989834889993
0.989094204731
0.989898464034
0.989870415549
0.989834889993
0.987608709418
0.989663357723
0.98959682698
0.989913766574
0.989880515054
0.98970768254
0.989423993365
0.989918444215
0.98995532722
0.989947316422
0.989919825652
0.98954158483
0.989889845969
0.989926799063
0.989555264284
0.988904234469
0.989946164904
0.989376531799
0.989806162704
0.989880515054
0.989906421354
0.989863243666
0.989870415549
0.989942793844
0.989698073578
0.989926799063
0.989893406423
0.98994663589
0.989921237299
0.989702439614
0.989525460341
0.989306609142
0.989027309722
0.989906421354
0.989576726799
0.989919825652
0.989909028672
0.989947316422
0.989947316422
0.989942793844
0.989815192616
0.989919825652
0.989610222912
0.988500990529
0.987315536267
0.989008963967
0.989894112039
0.989859487907
0.98995532722
0.989790056852
0.989926799063
0.989870415549
0.989804447144
0.989855267701
