0.902755386382
0.988447423741
0.989303529194
0.988665424097
0.989761071248
0.98842151744
0.989540440337
0.989463821136
0.989880114967
0.989932096321
0.989725222735
0.988510612598
0.988721068401
0.98841327539
0.989932567918
0.989793218597
0.989946709154
0.989558011178
0.989926799063
0.989870415549
0.988277420528
0.989926799063
0.98945848683
0.989942793844
0.989932567918
0.989693122214
0.989786227321
0.989958867685
0.988961414388
0.989833700108
0.989865617587
0.989057374218
0.989962129836
0.989958867685
0.989926799063
0.989935830069
0.989919825652
0.989898464034
0.989870415549
0.989663357723
0.989573331106
0.987813810736
0.985534799923
0.989531063463
0.989747209688
0.989962129836
0.989926799063
0.989467902681
0.989914825547
0.988755009043
0.98966830617
0.989834889993
0.989932567918
0.989753933546
0.989304152649
0.988825035129
0.98995532722
0.989937888188
0.989866093125
0.989878185571
0.989942793844
0.989913766574
0.989847668606
0.989704165733
0.988628440317
0.989123679793
0.989488125133
0.989847668606
0.989638491428
0.989368699147
0.989818784141
0.989947316422
0.989363044254
0.988911305793
0.989736414444
0.989665510521
0.989859487907
0.989845294686
0.98995532722
0.988511634174
0.988209670361
0.989809474785
0.989950140619
0.989814795055
0.989932567918
0.988608208475
0.989868993876
0.989906421354
0.989893518382
0.989942793844
0.989947316422
0.989880515054
0.989884421751
0.987360041475
0.989665594768
0.989772677153
0.989804564094
0.989874396645
0.989880515054
0.989759976633
