4.30661738678
4.92828399089
4.83515527981
5.03731553531
5.06808959173
4.62419526772
4.77449114421
4.62918109107
4.77925437849
4.72592871219
4.83209234188
5.06710703612
4.79568777189
5.01784767442
4.8755993739
4.68328089998
4.55990102203
4.90928079531
5.25380968173
4.88898911282
4.7471669808
4.92076469837
5.17494896585
4.9278962991
4.74567178062
5.08989359577
4.94154285481
4.70192911001
4.99545834711
4.93737959418
5.27462368118
4.68498602827
4.9077583457
5.01873079788
4.77584424826
4.59102987437
4.86469983721
5.36335165835
5.03833485868
4.73614333542
4.92294788738
5.2321683984
4.92147956542
4.71569115456
4.69018164301
5.01062141057
4.9116169859
4.80630060536
4.70775528797
4.74257714655
4.78417006293
5.01125595465
4.84953923919
4.79501702442
4.92893913571
5.06128884008
4.55842006679
4.3851913912
4.9689296693
4.74546690432
5.34347285567
5.13018692099
4.65394521931
5.13043835923
4.64991173014
4.63334005579
5.06513797157
4.67119156076
5.10629358469
4.70275528664
4.7088066232
4.77122306697
5.19881450872
4.55240252765
5.19806931238
5.08345127409
4.9975675763
5.21239949645
4.72454233576
4.99735886903
4.59141256836
5.31011922939
5.13051382056
5.17408159643
4.99389759695
4.98309393336
4.67263249629
4.95647355862
4.63745056563
4.93129914398
5.08975188143
4.84502949334
4.85927594811
4.81972378437
4.82905498993
4.72303755833
4.74366325949
4.87892111265
5.11249110091
4.875744635
