5.51870155485
5.3809899725
4.9200143636
5.05877798694
5.08781069436
4.99987948593
5.02910230943
5.53343738471
5.06974350692
4.845644616
5.05335170289
5.55069821256
4.84454725037
5.22306300085
5.14294907235
5.53951957116
5.07918200765
5.41485080394
5.11188011224
5.09953319872
4.97060200553
5.00330905836
5.20745759002
5.3981111698
5.01013703003
5.20782373722
4.77994089638
5.06476221187
4.91705856422
5.24211545019
5.31553885087
4.84050632746
5.19775540464
5.17465489787
5.04079909723
5.31884064082
5.18453343427
5.21423759899
5.1421455511
5.54149550753
5.21876277069
5.1115416737
5.11371299838
5.63469515673
5.05757075919
5.1439292015
5.50294848
5.33210211076
5.27848705541
5.26900758295
5.1682580102
5.25662928898
5.62346756142
5.4641131126
5.26387829116
5.03682198183
5.28055306843
5.33378277942
5.3571385296
5.03868313904
5.40463074032
5.27051546442
5.10959830256
5.2071278902
4.82750908337
5.29132570467
4.95935041112
5.46474774299
5.01003301401
5.58428961362
4.82504362342
5.39892738048
5.08939633316
5.1074650151
5.33096195539
5.08129493877
5.07887811111
5.29224597685
4.9367597073
4.80763539203
5.0646410644
4.99550387034
5.55815382937
5.27598860126
5.17367899587
5.16283563833
5.47393966917
4.90317525969
5.49015487663
5.25107530395
5.2206255306
5.19443067472
5.29971747644
4.63705658622
5.21371194036
4.98605526202
4.97786897403
5.26596253889
5.21488020046
5.19476234005
