5.11215801711
5.11393098861
5.40490291589
4.95364303649
4.89660737112
5.15845168441
5.19881347677
4.82570142373
5.38295170259
5.13603965698
5.23219625366
5.05091358549
5.11155636595
5.61177052262
5.22321120957
5.23783844438
5.29539596989
4.96345360108
5.6401029518
5.26239426916
5.18444522008
5.07035970008
5.08538702167
5.05917672385
5.42626084785
5.05808791572
5.26680421265
5.03219065943
5.12504665445
5.22254224474
5.13330676303
4.93584202722
4.66838732866
4.87338580038
5.02858228937
4.77645853473
4.71565211951
5.24775006159
5.16881831638
5.27737951497
5.16759345113
5.24858522651
4.88373287006
4.89650163674
4.91346265912
4.8781020439
4.87872141217
4.70214468057
4.58574158846
4.56119467436
4.63288349945
4.82643372209
4.8490546239
4.90199031998
5.13743603888
5.062773302
4.65228110432
4.93519021551
5.43475093224
4.82961020353
4.64691122527
5.00730033174
4.80580410787
5.1423395832
4.50130836691
4.76625118392
4.81234793995
4.97355819297
4.6486050287
4.83663738933
4.72555963625
4.89059595196
4.91383313047
4.49571490465
4.97235709652
4.97011289803
5.06980751513
4.69001861358
4.90125266927
5.09467607034
4.91088633072
5.0471389523
4.7929234566
4.81341025788
5.14873700731
5.21061509589
4.89199792595
5.09421850782
4.84736796069
5.17194783655
5.35383731626
5.05002367114
4.61016782881
5.15266597603
5.06502504665
4.70747235603
4.86822340176
4.89749073349
4.75930185811
5.21863194497
