4.27017594503
4.43733363743
4.617317039
4.23921334814
4.60980124386
4.7670167746
4.57969990559
4.65395237358
4.58799845167
4.69791154581
5.11462424911
4.54519139128
4.41895619591
4.61553651763
4.44901683393
4.86239342682
4.72534089562
4.41963527924
4.40220094339
4.79458055588
4.57754633964
4.95452172515
4.78753969837
5.02714789975
4.9988206165
4.79029954975
4.82439466715
5.2854039629
5.01179080345
5.18937781826
4.80795423418
4.69574231889
4.57483547323
4.15612237136
4.84277308417
4.47488882774
4.70629968844
4.63026716185
4.63348730694
4.32015385422
4.28635825518
4.37896136642
4.96857136632
4.99221732609
4.84712697226
4.64402023923
4.66388303093
4.65183007444
4.89791534518
4.86368662203
4.84204142687
4.62149295096
4.27196867989
4.71992551907
4.75266676544
4.87834103271
4.8566840143
4.63409751062
4.99505305812
5.01189226707
5.00767061788
4.2845659615
4.72626814931
5.0419555165
5.19122334279
5.09909523505
4.9882463873
5.04710474734
5.09122231856
4.8620494321
4.95364391993
5.05179762363
4.92467343166
4.58501452442
4.79120595561
4.91192912993
4.7840529399
5.00416006847
4.9449563704
4.81281344358
4.47418049306
4.93234447997
4.3878505856
4.88854762118
4.95795827021
4.70275742892
4.95975870515
4.62096486765
4.73360950029
4.57943693534
4.80011581281
5.32238324124
5.07281901576
4.92662127936
5.04274899799
4.87348793877
4.341142281
4.93817548423
5.15487789505
4.75805141087
