5.56035719615
5.38938357381
5.63645506684
5.09956669669
5.27112936289
5.31586113544
5.50088805048
5.36199061564
5.03846276138
5.24435376396
5.26198812739
5.01902348339
5.23537725832
5.40255207799
4.96858910859
5.3051450674
5.51201320861
5.31047225923
5.37571670941
5.38094013966
5.36582940314
5.24037707917
5.33999922115
5.09067605421
5.258396583
5.43942565497
5.36112100397
5.23331443307
5.20339803788
5.25060847776
5.41537537674
5.01795995028
5.42430923361
5.1672013279
5.22952517388
5.37581808269
5.72077919145
5.15274522176
5.31965202478
4.70805991968
4.93904067159
5.25897745491
4.74451827261
5.46728016064
5.47830398587
5.12507331225
5.40481296781
5.16984078022
5.13352260558
5.13504958907
5.30737293231
4.98855374951
4.86613784697
5.15999344806
5.38854188488
4.75902849911
5.34980157473
5.11246219331
5.13779439951
4.96113983196
4.86934336117
4.86609857131
5.1398680137
5.17625135671
5.237156549
5.10768860428
4.94625258416
4.93261361461
4.77526997256
5.0021924207
4.99228117188
4.96734814574
4.91203663989
5.03885139716
4.78577438045
5.00452440535
4.87909723679
5.14564966761
4.80414165248
5.11031367731
5.0535211976
5.03409740362
4.71487615179
4.88834092859
4.7035780942
4.77825495699
4.97934729954
4.61545261505
4.82715359358
4.72578565309
4.41669817982
4.73773576242
4.59375866559
4.33931166739
4.66360381661
4.80500686658
4.74382105266
4.65474197393
4.74000203068
4.69490918795
