4.62637292182
4.84759243981
4.61352353516
4.61674182334
5.01504677159
4.86538651893
4.54277715218
5.0089629703
4.67374669288
5.09511830129
4.30169283338
4.93159169978
4.6801987467
4.98667663875
5.1578675636
4.95292800206
4.65647037517
4.78871074131
4.82104174886
4.57790515528
4.85968662896
5.15403981713
5.00867336254
4.71133900972
4.8514623975
4.98481161598
5.36289578512
5.15370657282
5.16432938696
5.25380561163
5.00295890963
5.19589446153
5.09129241478
4.86972214364
5.3435257498
5.24869990628
4.82272038504
5.13555399338
5.4439263139
5.1195534139
5.08366402775
4.92281096849
4.98326597779
4.98307587268
5.43784970995
5.36276715035
5.22940951296
5.13943180276
5.21697734515
5.40249064899
5.56974061478
5.52414589476
5.16151877383
5.23234291648
5.40419125017
5.23962508776
5.40028277805
5.24403923368
5.04275789391
5.54659970057
5.14323623235
5.13537491845
5.37017774978
5.3538735234
5.43276025384
5.13168005933
5.05888504438
5.42028430049
5.31040237337
5.19838945425
5.30734662638
5.16789001737
5.02744772077
5.13130376259
5.46085911265
5.32881315046
5.25282869872
5.03014296224
5.18937451361
5.08459408569
4.99037690701
5.12441979688
5.34709782258
5.23727459858
5.41836390034
5.3856667149
5.45682897628
5.29769603588
5.25309788519
5.38288837351
5.30792672251
5.08727390111
5.06639855278
5.23270236121
5.46133960305
5.37972645724
5.46718441212
5.45793521004
5.58418863457
5.66327439277
