0.978354990963
0.914305828756
0.883478136388
0.860593463754
0.841799737451
0.810872354432
0.751297522802
0.735138043612
0.742672743673
0.728921012437
0.637736155406
0.652332960217
0.683334757939
0.689918733676
0.695715150944
0.668929835432
0.741803638707
0.743920795333
0.71615699288
0.705814737842
0.732552769404
0.740882032654
0.757250932158
0.773987866189
0.713863705172
0.73456165107
0.718373640646
0.739784740181
0.7287127873
0.74887465296
0.742076946003
0.734891279906
0.699435236497
0.680793675057
0.665683078728
0.626558224956
0.641145950958
0.682305270502
0.657795887181
0.64980061939
0.659806923141
0.59513457287
0.640193258912
0.627276699384
0.594056909583
0.658321243829
0.621895059343
0.59945552344
0.583814252109
0.599325764349
0.621300854083
0.673075355363
0.645656897626
0.619252097776
0.624037482166
0.635068613853
0.651047189134
0.61057405035
0.594441027817
0.644550129846
0.631747306477
0.656620800911
0.589110959519
0.53005476773
0.614439949404
0.602965981713
0.671063415622
0.689680914532
0.723703154186
0.698594508625
0.68386368501
0.644653705319
0.657208053928
0.665856898801
0.701306214267
0.648485864229
0.654480187361
0.583686527449
0.591091663177
0.627769853278
0.642703483135
0.614327897042
0.650104019075
0.650476590783
0.644136845386
0.678910048639
0.691270326221
0.694542249311
0.659124056368
0.590351520362
0.635056524992
0.577846726385
0.586101406025
0.544847748747
0.550087643333
0.563574627896
0.589507965165
0.623551766185
0.636506591448
0.634882887696
