1.03621169288e+046
1.03610084872e+019
1.01575298158e+020
3.10833759076e+019
3.17060627225
6067.52534731
6.03840548554
13.0933485256
2.1986006763
3.48767868598
3.40877518556
4.26548026175e+026
3.05070085976
3.64544880802
569.009931081
1.58362846228
2.62481285212
2.00853244837e+016
7.27026382557
2.04308868581
2.03843122212
9.85267562558
6.50593463042
2.51646888864
3.09701342981
1.16571049617
1.18296253044
0.982601229586
0.959280326215
2.38075626655
0.900161555908
1.87424317128
1.45675277568
432.680347826
3.23275920186
2.3411381567
1.18244805028
6.04810436365
0.996048069071
113.791338985
3.72051975638
4.58514906854
2.66060975536
0.873119511418
5.09656921152
1.17695019717
1.55983773018
3.32708366241
2.21257085356
5.17026518077e+144
4.71674923754e+061
1.66994750765e+062
9.49534796744
27.6668153582
1.02697061316
1.65575324406
1.98059143101
9.5678846806
10.5752616295
20.9191142843
0.978017493608
0.987109671058
0.950093412887
1.11170500745
0.986430112705
11.5749410138
0.941052768777
1.38647481558
2.09084307066
2.07131916401
3.95945073653
0.992474710607
1.01601984249
4.72165182831e+015
2.31275071912
1.03000087497
1.68975906725
2.95993182185
0.94517033467
1.45099469841
0.777121487493
0.898655328467
0.958296350287
174.971501134
3.62410764226
29.9512300371
1.76933616769
123.646782218
1.0424226548
4.56258991138
1.04601297001
1.07923699994
1.15537817341
3.29139619739
1.08852224079
1.06205322796
1.99044649506
3.07506262675
0.924080266669
1.21259732726
