3.81572699017e+231
4.91492104216e+039
6.91658425154e+286
7.14534725513e+261
36290.9276125
15.7821257242
1.61879752961
0.887113830022
8.72403858402e+261
4.57316072421e+199
2.81268102489e+016
3.04218789471e+032
1.92449202682
19.8033076964
0.0377158693932
0.139000854208
0.554793679141
116583.192535
0.00248711282764
0.3640329387
0.00704053949057
0.00106503997739
0.00970967040818
9.84148675625e+055
2.34205943122
0.0342974298725
0.226090717914
0.517537646783
1.3771695697
4.28865851398
0.0589756565148
0.000722425214221
0.0144155036445
0.184981540264
0.120569974516
0.172032436204
19.4881789146
0.688546197916
0.870293746093
0.769102351245
1.06814896012e+013
2.72955178572
0.0203863377048
0.281752656189
1.93060497582e+043
0.076546712875
64.2460790089
1.61891694053e+037
5.64954118848e+031
1.03447061587e+046
4.34545298652e+076
0.832323169331
1.04984062864e+252
1.15031508321e+207
108.570268902
3.10165736565e+303
1.2999928851e+047
7.64604754242e+098
1.09079721848e+135
0.822708433701
0.131377305531
0.294460880003
0.458890876399
3.43308006769e+035
2.16478671354e+037
6.9838836112e+072
1.02145548117e+033
2.10891375606e+143
2.54034519383e+019
0.0946945746989
2.46238674325
1.11768075126
1.22954753183
1.45274656085
1.66286878247
0.451530525333
6.66573499514e+016
61486.6980849
24956.5730726
23295.1560194
8.83060612167e+259
0.371044699619
0.869660301104
0.0470152124071
56.5100711271
0.281264744394
7.50710956973e+156
2.6023608035e+179
12290.3002668
1.00257182417e+250
1.45774723324e+037
0.410919152196
1.75263084258
126.490102688
3.618256356e+030
0.113541976024
4.40239060084e+031
2.718731956e+032
2.70298355312e+026
8.65490336328e+026
