0.238965940344
0.349498821735
0.53375137094
0.411057632021
0.483373707797
0.437707515334
0.342040849375
0.375354267926
0.303540930519
0.338344708993
0.289290939546
0.269619086424
0.287271384121
0.220772895712
0.302153386747
0.301317945009
0.264080440897
0.305097435411
0.248396421569
0.218765102873
0.284977603627
0.303662194057
0.285524786474
0.230303104488
0.391657674747
0.502192099317
0.388034526368
0.353378103448
0.463481839921
0.377481314424
0.39884522454
0.398009473016
0.444584804359
0.413207472773
0.421189354071
0.336533835021
0.241344097458
0.315234268746
0.221525863421
0.238966910919
0.372492815531
0.497613362994
0.366661429431
0.305862113874
0.221278666471
0.225440415075
0.327972958987
0.500989903391
0.423985574411
0.44053847319
0.344608812026
0.552133476833
0.429801556727
0.43985687589
0.407661139998
0.499136173987
0.476063613689
0.488635527292
0.506353098022
0.377020418703
0.338041602527
0.245070188694
0.34388176311
0.471298666326
0.385311676871
0.343286782508
0.257070758694
0.266193342654
0.420556352079
0.449153723766
0.343681940949
0.38129161795
0.397697947517
0.342065084584
0.251825152759
0.382692984595
0.278362572538
0.239954345775
0.350875251257
0.376678205325
0.487198757267
0.464684151217
0.450771782344
0.515811011487
0.530937626083
0.44912710262
0.353888339023
0.43308829378
0.409805164944
0.393998079898
0.437069448746
0.453451619364
0.526143343689
0.363128230067
0.326704094835
0.434238446877
0.378591484214
0.304700180378
0.314377183741
0.320638471578
