0.28127392838
0.30024655188
0.370347681556
0.398055662391
0.292297065565
0.447353927293
0.51840771041
0.467086338669
0.525736641481
0.386192165622
0.450404936644
0.484930330425
0.364715966561
0.384955132963
0.293829274267
0.217496827105
0.214485073051
0.235788455808
0.258626147008
0.354561559513
0.37180302584
0.408739195119
0.371555649923
0.247692239373
0.270443201787
0.423569303399
0.335008850976
0.278661077169
0.285543486609
0.290604795845
0.247172156347
0.225691874363
0.2316463593
0.300735841185
0.241319876263
0.284482773532
0.369186495472
0.434520378888
0.413068711698
0.378244672514
0.445399389822
0.333973115641
0.217531838794
0.227609370275
0.235055436937
0.222753483538
0.270602030684
0.314026771836
0.224927596259
0.302108364754
0.396646431195
0.462225411287
0.341091079085
0.257259119874
0.281805172359
0.341825119827
0.236636703989
0.237655534336
0.265584573826
0.412074810657
0.429064812869
0.378437305183
0.434707575935
0.356434425897
0.294459569775
0.368854930022
0.292118010219
0.236062572598
0.23685339208
0.306575121768
0.393582786689
0.310937643959
0.339203540198
0.294209063671
0.299767591065
0.259084873212
0.299639374433
0.445440439828
0.408898802184
0.436193036213
0.382275104011
0.32362312257
0.301318767302
0.253886141012
0.332919815013
0.41259818015
0.423006155254
0.491257073292
0.468603008285
0.4193555446
0.345561302613
0.347323904006
0.357227957539
0.496282333456
0.449740460684
0.416812646312
0.395240822832
0.357015585135
0.430683870526
0.383562615131
