0.261310482027
0.318436630282
0.370702128357
0.43984776885
0.310476164901
0.287606560792
0.287940204296
0.355281556411
0.489936163477
0.455877578345
0.433751796953
0.425853451853
0.399484213784
0.348956155644
0.367750980152
0.444725206872
0.439398616964
0.521090221001
0.420489480419
0.369323649421
0.242482344913
0.389060101664
0.461872860632
0.406852909514
0.419743429235
0.301433104966
0.352765971212
0.285064234844
0.36067866139
0.306017826821
0.268887010241
0.237550771824
0.354497677315
0.408989253821
0.442657827959
0.390709052283
0.373229206308
0.42275021593
0.3966003656
0.331379036015
0.292273795884
0.366437069423
0.530276294872
0.346864930276
0.388727173067
0.34759987694
0.246244030958
0.408408586129
0.490426052911
0.370148895481
0.304756279888
0.253191352965
0.227872537114
0.305039086694
0.362627250021
0.258908229497
0.219102381173
0.26074383618
0.384397430416
0.334248317605
0.356166885261
0.333282894359
0.308976943285
0.300183860597
0.252593048108
0.288250134183
0.337102698271
0.335304780078
0.299596528649
0.297927014137
0.381284139053
0.427779630032
0.402207469011
0.416642389207
0.395713396248
0.32870072637
0.266402171124
0.213938750134
0.269957579789
0.295751828549
0.434404644619
0.43365524696
0.392428587277
0.232667744146
0.430623787294
0.440835211657
0.438049475056
0.429289820523
0.435607500016
0.436542352911
0.349921829025
0.318976939126
0.357993337105
0.418474349199
0.368711678066
0.324946175392
0.341645308816
0.254203592329
0.224729273624
0.225968674836
