0.311908936979
0.393214798348
0.471970148609
0.433246946496
0.436726220416
0.350672633722
0.367414801478
0.30959825044
0.219244974564
0.226158833091
0.231560490638
0.286510945216
0.384973982467
0.444680509113
0.402027180498
0.245000423975
0.241165181523
0.266402554512
0.251325614487
0.331463597391
0.463822787028
0.396378110222
0.30739277016
0.276353747868
0.306835902192
0.246963841072
0.225805077206
0.230785383726
0.237959627615
0.266108316583
0.280898820888
0.330168695591
0.384062913993
0.424699344837
0.508824748521
0.608991353519
0.421323764034
0.429140332203
0.353384978386
0.406176972268
0.359918996886
0.382610564038
0.312245896941
0.341755587089
0.378813565685
0.387605510273
0.319995936411
0.364840563233
0.316308335707
0.251926309956
0.234746477666
0.311836166269
0.222674340471
0.270859884504
0.39743309902
0.35197607566
0.27446818444
0.361246487395
0.370777489133
0.377713929989
0.49586301066
0.3840613612
0.376552262091
0.338924417213
0.386321510674
0.309456396314
0.285663729213
0.360630508147
0.448372983557
0.361926294563
0.35640978723
0.266866989512
0.389073302471
0.491095908314
0.560116730159
0.541260970905
0.42965347349
0.443013859283
0.418735061599
0.463401355837
0.323830575943
0.368400407219
0.243019993432
0.321282962352
0.394015517896
0.341772958368
0.330753140983
0.343266545829
0.305340424603
0.267254982296
0.226852053266
0.241412610953
0.263846305533
0.258315936349
0.273506337158
0.406858166041
0.348164755558
0.416391959337
0.288456463106
0.282703450738
