0.268300344813
0.405662570998
0.449067480903
0.464406928329
0.366786579561
0.407523640573
0.34843050713
0.317689158699
0.270425158705
0.255434108944
0.286172743045
0.418533393435
0.452810548978
0.523499810289
0.517440986725
0.550845967141
0.450041388818
0.530587387261
0.442745363237
0.394914649006
0.485617273651
0.407224012958
0.401011897583
0.47988586708
0.553701873486
0.432000474887
0.36750827024
0.397428161464
0.471517294734
0.467888400621
0.523132325749
0.480591186328
0.28949479018
0.403498473823
0.495068939209
0.531378426324
0.38628409217
0.380307467294
0.314578543476
0.295372218261
0.282513090375
0.404431885643
0.390770518218
0.385980670455
0.462073038062
0.41396162437
0.358827320361
0.259989151732
0.266918329739
0.279300175854
0.286681407942
0.357410139869
0.347727094605
0.375445207983
0.403022415937
0.427717916064
0.393618248212
0.371617349483
0.33458514785
0.278572019422
0.332950319031
0.299235792386
0.387333868159
0.28847924994
0.281358462888
0.366248197188
0.304056405968
0.363354685383
0.340170198862
0.280689924674
0.281149871865
0.375965941338
0.309175679939
0.267826981728
0.299248245552
0.254029850928
0.237220399483
0.22137779543
0.240213869711
0.26422378695
0.28902408929
0.29060944895
0.39404965488
0.39908627317
0.407952346576
0.496858125722
0.444524877085
0.425938975407
0.547000139079
0.457735190798
0.426438738605
0.311381742901
0.283671082824
0.290032711084
0.367243346889
0.346146741363
0.420659041562
0.289506551254
0.31978889183
0.265851896192
