0.273799330464
0.372920432696
0.413412721689
0.445655424506
0.386798202362
0.408786098247
0.389728483374
0.391041792444
0.324220602992
0.233776317553
0.276397531029
0.368409745049
0.293190129736
0.310823119394
0.314875367755
0.222947255272
0.221667370516
0.262656415256
0.245303610814
0.254778950198
0.353855124043
0.394503230334
0.374217615302
0.408001240156
0.338568995786
0.287798130224
0.270800240059
0.288288786649
0.289719547666
0.321833871036
0.243098758192
0.275496301993
0.336072500289
0.477860465334
0.50753344205
0.410886343211
0.295742808016
0.326926347953
0.241507184665
0.334192321771
0.245482943234
0.250227729801
0.33581804481
0.286096209257
0.31169429306
0.24633673664
0.223586374572
0.230855383643
0.275955196531
0.432139978859
0.327489434522
0.341803452441
0.255114553701
0.381031856009
0.30207067816
0.263583779818
0.223230503026
0.344172072228
0.581091600567
0.361913943499
0.35269473197
0.258404356839
0.261842015223
0.312889558392
0.279394560948
0.235666041378
0.330810929603
0.38089287705
0.508888806298
0.494595925686
0.45863005875
0.374338697564
0.425551180482
0.392406842995
0.264608614367
0.280302130306
0.238658558446
0.246017851684
0.231576546006
0.247969046165
0.350731393672
0.28571849889
0.272220792582
0.272612241355
0.307584205948
0.294138092612
0.285218435432
0.236231328924
0.231708418871
0.229431534904
0.282445914858
0.388572922245
0.248242647854
0.241336596609
0.263906320019
0.360095844688
0.280981347831
0.252130071988
0.309499064698
0.252254896759
