0.810052498808
0.722514312219
0.710390692699
0.684535711864
0.686795890577
0.629925424216
0.587762785215
0.641403414284
0.625409115869
0.61638731794
0.573085278356
0.549642231618
0.549299042663
0.588762808881
0.648144048338
0.674873889506
0.682223869356
0.664667342984
0.64708890151
0.635224817776
0.555718864086
0.661326330444
0.678604237498
0.703491168933
0.661672773536
0.645794264879
0.505438897573
0.434160177033
0.339751968417
0.259691610763
0.244666145517
0.23724447314
0.181197400594
0.302135753178
0.258590443422
0.244276851076
0.249041164366
0.23173365743
0.22774908999
0.281047768348
0.315651762509
0.310796626904
0.330643630833
0.321246360724
0.29301338793
0.305921269482
0.314212849438
0.245403200516
0.271540830099
0.154837610975
0.219283720579
0.193089399735
0.1645008485
0.0369243439348
0.0217252851257
0.0952092081952
0.0874639696315
0.0825483750681
0.0622440948886
0.0492068947545
0.0528986094117
0.0793871379966
0.0565895413796
0.0444981311835
0.0407435632419
0.0343768952032
0.0
0.0684689152171
0.0770346992839
0.0344609092676
0.0605752650496
0.0686150516168
0.053906479387
0.0250653049104
0.046827425289
0.0317626757589
0.0340809963292
0.0249636265898
0.0325794398692
0.0952180452441
0.0295214366559
0.0917592969254
0.172855034383
0.102857142668
0.0365966703631
0.0468396853604
0.039237302519
0.00767416724138
0.118374597233
0.0704503502461
0.060312295966
0.0270608973202
0.0828487215239
0.0975288587168
0.0619633170003
0.0720667183213
0.0341503926278
0.091501787033
0.104077815286
0.0373023464999
