0.808047597905
0.759111094404
0.718078209844
0.565730609408
0.376905466925
0.374893150644
0.330289122017
0.31875555897
0.284282081993
0.435465319448
0.431978733504
0.442136900818
0.371299120583
0.291916490909
0.178473879834
0.290337641142
0.288161934431
0.213878497611
0.263827668488
0.23526489605
0.0637869660692
0.0249197001867
0.0466810800376
0.0854421525942
0.033274047347
0.0197058822711
0.106670050519
0.0513476963276
0.0285523590308
0.0
0.0
0.0
0.0
0.0
0.0
0.0
0.0
0.0
0.0
0.0
0.0
0.0
0.0
0.0
0.0
0.0
0.0
0.0
0.0
0.0
0.0
0.0
0.0
0.0
0.0
0.0
0.0
0.0
0.0
0.0
0.0
0.0
0.0
0.0
0.0
0.0
0.0
0.0
0.0
0.0
0.0
0.0
0.0
0.0
0.0
0.0
0.0
0.0
0.0
0.0
0.0
0.0
0.0
0.0
0.0
0.0
0.0
0.0
0.0
0.0
0.0
0.0
0.0
0.0
0.0
0.0
0.0
0.0
0.0
0.0
