0.810611338335
0.746998311855
0.723505049023
0.704897206876
0.700476065421
0.677187199534
0.671182810376
0.706389884281
0.702885535442
0.714036309238
0.663651353738
0.521868514344
0.328913660522
0.264907480753
0.121308874131
0.160233085786
0.102101187236
0.0506743900633
0.0729589651781
0.0880703878112
0.0685193107121
0.0389639987306
0.0453503317976
0.133613280697
0.0956661980473
0.0303855061548
0.182714296424
0.065040649501
0.0845166636796
0.0748660968695
0.0406438307122
0.0373211723157
0.0640282453131
0.0448821029332
0.101811012503
0.474518157958
0.388776576819
0.284943534916
0.359339499202
0.466451266412
0.162987356855
0.0874092876319
0.159428613755
0.0855459841931
0.0556589911052
0.0819546221189
0.0503015115551
0.0227101060916
0.0667929320609
0.0684806080517
0.0527921171883
0.102645662872
0.148044121676
0.0633764925236
0.102392133724
0.0479413851027
0.054581086785
0.0679281464565
0.0815095803438
0.0961593692895
0.112338919499
0.106785756471
0.370646792757
0.389717505778
0.211123049979
0.123667581323
0.145615504604
0.11383889772
0.0714362232516
0.0653357756201
0.0540984151464
0.0817689825953
0.279379487302
0.200800364357
0.0639775729099
0.0724083861519
0.0740694428628
0.108876148159
0.0246775024231
0.0801168475553
0.0870021099046
0.0833693208155
0.048889678596
0.0555395499722
0.0806628590111
0.113521988067
0.0638854470445
0.0905591204434
0.119641034536
0.0805977042799
0.0289900283649
0.136325584381
0.0887343093099
0.0624186974733
0.15968862031
0.132202253824
0.149731032689
0.057323000354
0.0555444667558
0.0561251782909
