3.46273773249e+289
1.6635100888e+094
1.92688458966e+292
3.31281163001e+301
2.33827210122e+301
1.83167881709e+172
6.7164693293e+237
2.25456828265e+239
2.29035847483e+075
3.71584858582e+125
1.4484020039e+109
3468.19501036
7394.8842277
2.38649768902e+195
4.63901767124
5.20638398119e+020
236.247965146
4.29635658781e+045
8.40298023016e+034
1.04842796143e+062
58.154793786
9.78362020094e+063
1.63267405777e+064
1.51837499819e+097
8.63194323212e+111
2.24161815957
4.60256285106
7.84631623429
1004.61511051
2.02332554167
98951091311.5
1.41995466596e+065
271693331.11
505.808534351
102.253318096
2872410.59082
15.4005935198
1.84427494416e+014
35813290159.9
8.66475233772e+015
2.36080651489e+028
2.89363087417e+233
1.61510326756e+074
107.609117027
1243108.82974
14472163.5532
6.87146772056e+021
0.516763992318
0.23899499217
0.257162647088
0.221431350306
113.237159238
1.68945907378
0.121385509979
1.78432828951
47.8382022577
6.31402233132
178.135847938
69.6773738972
3.69944803842
8.88350675671
0.12775773217
5.13303635863
25.0414011625
397.489201181
6044.8373328
2.46508793472e+257
15.6201586902
15.154013544
28.8043785274
36.5134323758
399.497388175
394.960821693
283.575759796
0.423998145642
1.55968141721
0.0345923608988
119.288365247
49.335874776
5.46783506038
5.17143541755
0.137003064713
9238.8616176
1263.57740008
4.58862939141
0.0342358396258
21.093792123
0.125445691593
146.416146495
2.1823624678
14.929820839
65.4025170714
0.252857489153
845.223207672
0.257263782204
0.153607101339
0.143727449934
1.37964927287
1.25319455396
2.33514259749
