0.278367469849
0.490350739064
0.60426718617
0.545514132975
0.341383055702
0.286595377674
0.324368480387
0.32369122274
0.238302940517
0.20676905861
0.227170506995
0.258149835638
0.262031636095
0.401932778861
0.380376087943
0.344246597717
0.358463913279
0.362666924566
0.30622719935
0.451713069062
0.533825767113
0.472327010253
0.402370348993
0.495895635268
0.437861248731
0.541787045099
0.46803647075
0.537670903669
0.499522656887
0.459260811602
0.489731047637
0.388218674468
0.397104069886
0.215993594761
0.240896430198
0.298605433714
0.31728685052
0.293034473119
0.396473624748
0.545685412985
0.470245674749
0.457599559248
0.427495611572
0.44353382931
0.423986115728
0.432553144646
0.412947310569
0.526173666089
0.485274277899
0.444013477678
0.398452428738
0.300539374139
0.266078498202
0.321266981501
0.319483692943
0.355075287819
0.433307883183
0.514430066977
0.54621676659
0.514118077919
0.541032817938
0.485758061757
0.452960067848
0.485471054123
0.405421762983
0.432413381847
0.479691007622
0.462485820572
0.398706270285
0.445295156827
0.396174046434
0.370008602251
0.336790281769
0.401951046678
0.411701762766
0.403453140945
0.413455808653
0.380279353207
0.371981507399
0.403083147613
0.335669825612
0.296937707083
0.351634780916
0.351090051099
0.356296811037
0.336697455299
0.340803086433
0.241087797584
0.329696678111
0.502476839944
0.497202257775
0.392715611827
0.347523167957
0.355311699207
0.410594922574
0.315023591816
0.491374363616
0.4173130689
0.280834962601
0.297912150908
