0.254282097702
0.316045530302
0.434988684406
0.3433412552
0.501183825491
0.360131077181
0.297129331351
0.45211819552
0.515386958838
0.323173857434
0.307319588917
0.428716890321
0.385959134658
0.297909438552
0.476121593455
0.44647520708
0.384398669877
0.327175022901
0.307869156189
0.401452698558
0.285434446817
0.396653295091
0.423512725019
0.275237307566
0.389172311259
0.321354882507
0.465356644877
0.355159727612
0.383807554694
0.379830556632
0.519479785467
0.603716792334
0.541083235679
0.461119482454
0.508682260667
0.409778256727
0.375295299887
0.499569658619
0.361966676005
0.367483559918
0.371286472694
0.325886272577
0.343056272768
0.296513547284
0.34782899322
0.45491680458
0.520251500489
0.390151530813
0.353343938245
0.425457668722
0.527090916558
0.472919456397
0.41085371243
0.367407716443
0.380863447441
0.313408395645
0.382061753153
0.281364057677
0.224166473504
0.385545180382
0.523059650684
0.512649149352
0.378281143937
0.583679764014
0.353941572595
0.493852961992
0.41145231809
0.374425363978
0.387900646989
0.353025284055
0.297412784918
0.234299203264
0.237731387502
0.309257003727
0.325161998085
0.232108131198
0.415608342746
0.469274607247
0.394245483177
0.281768042488
0.215721883148
0.288507441811
0.323412901229
0.38963684444
0.347437493188
0.491672896776
0.469623531459
0.474226900218
0.411249411476
0.581970000706
0.580133395586
0.518255375454
0.491160849516
0.463371358834
0.353406366182
0.367499218502
0.452401057064
0.494513296901
0.467829876304
0.376443022251
