5.69784007833e+248
2.96906464698e+276
7.62734511927e+025
7.79404998993e+295
4.28831719309e+029
0.703178599328
1.36542356723e+037
6.78413838216e+301
1.86715892807e+141
1.63283299312e+106
2.14719621014e+059
7.13404749148e+247
328.473279798
17103.9473396
46734.9755321
1.95631122675e+051
72.6653627017
37.9438509403
30.0583273869
2.76628959215e+017
3.21680636304e+296
31613995.5042
1.21897733204e+159
5.1790168939e+276
2511542.30546
8.10290018331
1.98743670406e+044
0.442331595327
0.212284744656
0.397927980394
15492.0292465
1.45659404697e+020
148.788425262
38802919.0156
5.56397327812
3.37471228685e+036
1.67369792269e+282
3.9986334933e+080
0.420616211011
0.38324429942
1.03087752849
3.94667164791e+286
18.514677619
0.0224052543466
0.00218594331431
3.55224183528
0.0451106230886
17.8282247791
103.662854894
620.450243487
0.654651308948
1112.83613831
0.000237973145623
100.712569312
176.562927647
1.70059744117e+032
2.43681515859e+013
4.67337813579
847.797333649
34829840.939
100.714676831
3.16889551695
0.0475311168847
7.17587170305
0.753616884856
10.6194607607
34254.8538756
0.509420091334
3.78656396106e+260
4.34348700496e+028
1.05736718328
8.5293315802e+216
7.85533359373
0.0621431715763
8.83726349554e+023
1.64330655199
0.0141579897765
13776.2498251
1.01511723264e+217
2.81479688342e+119
0.215968434301
0.00841552301927
0.0988046948688
0.883789309789
1.7032080679
0.161915056423
0.241507557277
0.21665338143
19.542551755
0.0521805600902
1.30549009542e+016
1.67850562561e+037
9.77049538327e+267
0.302971134845
12.0333248067
12.0246334833
48.9473567792
99.0131806221
779.481030012
8196.53076706
