0.00373017657052
0.165404559967
0.826521214372
0.929279941741
0.977584364773
0.978855249075
0.979998267694
0.968545952653
0.978705401632
0.979997293026
0.979999936397
0.98
0.98
0.98
0.979999999933
0.979999999997
0.979999999761
0.98
0.98
0.98
0.979998286187
0.98
0.98
0.98
0.98
0.98
0.98
0.98
0.98
0.98
0.98
0.98
0.98
0.98
0.98
0.98
0.98
0.98
0.98
0.98
0.98
0.98
0.98
0.98
0.98
0.98
0.98
0.98
0.98
0.98
0.98
0.98
0.98
0.98
0.98
0.98
0.98
0.98
0.979999999943
0.97999999988
0.979999999835
0.979999999995
0.98
0.98
0.98
0.98
0.98
0.98
0.98
0.98
0.98
0.98
0.98
0.98
0.98
0.98
0.98
0.98
0.98
0.979999985077
0.979999949941
0.98
0.98
0.979999999996
0.979996900054
0.98
0.98
0.98
0.979999999997
0.98
0.979999999997
0.98
0.98
0.98
0.98
0.98
0.98
0.98
0.98
0.98
