0.00367403505377
0.165404559967
0.826521214372
0.976620838013
0.957507503114
0.979421454004
0.979345755335
0.977761069821
0.978345006012
0.979999181715
0.979999876331
0.962109676568
0.979999583645
0.979998503115
0.979999947296
0.979999999838
0.975249592718
0.978799985171
0.98
0.97999957507
0.979959082788
0.979985221625
0.979999987313
0.979995926023
0.979999716642
0.92283097765
0.954788900567
0.9799999983
0.979816217279
0.98
0.932669646056
0.976336470867
0.978081072233
0.774381712617
0.833455711971
0.976620838013
0.979947226535
0.979999181715
0.979999987313
0.977199999805
0.979538502716
0.978904027571
0.97919905103
0.979947226535
0.940799227076
0.979599987316
0.979667524834
0.979946334364
0.979999181715
0.979698952353
0.97677052641
0.979999720774
0.97959990817
0.909813937124
0.663962525515
0.569392879146
0.662687880254
0.736083176088
0.64740848115
0.398462546166
0.8258635543
0.976620838013
0.979947226535
0.971030894946
0.914293093562
0.976620838013
0.979021278111
0.979719579046
0.979991430698
0.97999962566
0.979964073974
0.979999181715
0.979999987313
0.979999999803
0.979999999997
0.979999999111
0.979999999999
0.98
0.98
0.98
0.979921106158
0.98
0.891352558675
0.902933046241
0.975428227688
0.974851774599
0.975793427573
0.967552818397
0.979999427599
0.975992320702
0.979999181715
0.979999654835
0.979999031147
0.979998571629
0.979999757726
0.979999450038
0.979993065026
0.979999450151
0.98
0.979999999999
