0.003719260172
0.165404559967
0.826521214372
0.976620838013
0.977547308006
0.979999181715
0.979999435792
0.979999932616
0.979999987313
0.979972296521
0.979971165519
0.886750936199
0.976620838013
0.979947226535
0.89699549812
0.977290686135
0.979999999803
0.979999377781
0.98
0.979999999863
0.979999999982
0.979999999998
0.98
0.979999786591
0.98
0.98
0.98
0.98
0.98
0.98
0.98
0.98
0.98
0.98
0.98
0.98
0.98
0.98
0.98
0.98
0.98
0.98
0.98
0.98
0.98
0.98
0.98
0.98
0.98
0.98
0.98
0.98
0.979999999942
0.979999999997
0.98
0.98
0.979999989375
0.979999999021
0.979999999885
0.979999999997
0.979980136161
0.979999233383
0.979999601741
0.979999998283
0.979999994908
0.979999999997
0.979999821704
0.979999988261
0.979999999803
0.978335708259
0.97999857182
0.953608244335
0.955292569929
0.978869334093
0.979810104244
0.979998291916
0.927953019345
0.976620838013
0.979947226535
0.979348114055
0.975613494166
0.967039791519
0.979998805218
0.979947884664
0.979675379291
0.97994982607
0.979999181715
0.979999981373
0.979998587865
0.979999999997
0.97999999998
0.97999999981
0.979999999977
0.98
0.98
0.976802235666
0.928886556103
0.978784937108
0.979932239752
0.979578516292
