0.00371944830848
0.165404559967
0.826521214372
0.976620838013
0.979947226535
0.766481830826
0.471370422012
0.825290429981
0.96623920245
0.940455493477
0.979966518876
0.97999985179
0.979745287079
0.979506922041
0.944156357838
0.97999971725
0.979815439818
0.979947226535
0.979999181715
0.979999987313
0.976002033511
0.979484159152
0.98
0.98
0.979999998531
0.98
0.98
0.98
0.98
0.98
0.979999999998
0.979999999998
0.98
0.98
0.98
0.98
0.979998375474
0.979999999912
0.98
0.979999999997
0.98
0.98
0.98
0.98
0.98
0.979998665268
0.98
0.979999999761
0.979999963254
0.979999991853
0.98
0.98
0.98
0.98
0.98
0.98
0.98
0.98
0.98
0.98
0.98
0.98
0.94090277741
0.979798038368
0.979983798112
0.979999489768
0.979999236197
0.979999999803
0.979999999766
0.979999999999
0.98
0.98
0.98
0.979977695546
0.969396743109
0.973010732587
0.979999948848
0.979999987965
0.979999999803
0.979999999971
0.979991515205
0.979999427658
0.98
0.98
0.98
0.98
0.98
0.98
0.98
0.98
0.98
0.98
0.98
0.98
0.98
0.979999851269
0.979204247463
0.979988065238
0.979259236175
0.979988500675
