0.988521388989
0.947020520491
0.889339752751
0.82030961839
0.817648407529
0.80582541395
0.702135985192
0.575293116985
0.640241354769
0.760898733917
0.686863004878
0.650384939164
0.685102716806
0.699214915124
0.72309710833
0.682080495818
0.349433297209
0.0618291878583
0.310206976908
0.297371325958
0.186279008995
0.243295016572
0.166836947252
0.161123211381
0.02852100405
0.00306530548164
0.0
0.0
0.00154107664164
0.00604166552284
0.0
0.00195651150861
0.0463997088598
0.00571401492507
0.0152555372106
0.00578762005629
0.00308390381385
0.00258303245834
0.00207680197041
0.0116198282875
0.0
0.0444504094739
0.0
0.0287222270638
0.0
0.0
0.0
0.0031010228864
0.0
0.010998255099
0.00278914746598
0.0
0.0137351397123
0.0
0.0
0.00307590459682
0.0
0.00296903753466
0.0
0.0715054146248
0.036868887316
0.00321390468617
0.0
0.0
0.00952712139681
0.040776854587
0.0229778912392
0.0426174850608
0.0
0.0112870786695
0.0029190803629
0.00336854995071
0.0258499499923
0.0
0.0236907282633
0.00932325093453
0.00196912517489
0.0355146701321
0.00950458615742
0.0240751001923
0.0
0.00790446346896
0.00285150202807
0.0027187732884
0.0
0.0
0.0
0.0
0.0344774518462
0.0
0.0418255501735
0.0
0.00325012603189
0.0
0.0
0.0117659465876
0.0243827780406
0.00869128737702
0.0293336810311
0.0212719566849
