0.990800382588
0.950601876133
0.711600384001
0.611297705564
0.516736255853
0.454725745043
0.536997658069
0.416878714315
0.432256725184
0.58827812627
0.497038655276
0.435454986105
0.184250762195
0.215556168119
0.152241731633
0.235758066528
0.26321528858
0.536661810016
0.602894912293
0.606321994068
0.396082518326
0.325544734279
0.178527153553
0.296323156912
0.344398296361
0.307650344669
0.369058412269
0.099158359427
0.0485974312553
0.0
0.0
0.0349649023031
0.0682372098864
0.155012245488
0.234019519762
0.138755686579
0.0527202859725
0.0343130658346
0.0502979340123
0.0
0.016276886148
0.00563409912729
0.012315165571
0.0405027512826
0.0
0.0177378901973
0.0266252855739
0.0492044047971
0.029089100732
0.00520283418759
0.0225005715413
0.0614817517016
0.0
0.0296310741524
0.00994452346689
0.0
0.0747427573081
0.00182578557141
0.0574752691421
0.0293985618259
0.0151698950219
0.0155149094628
0.0389581059724
0.0571351756543
0.022935589713
0.0487016325322
0.123802555524
0.0901257429741
0.141220785741
0.0642908774568
0.0578186529194
0.0711185594115
0.0568017329102
0.0327883630199
0.142338314166
0.0150610984941
0.0274420210428
0.0233480300046
0.00971537274448
0.0
0.0100287416443
0.0774641857004
0.0143885053919
0.0349404624091
0.0305850029443
0.0108562204651
0.00502523889545
0.026574482342
0.00989469522692
0.0132830836923
0.00641514476714
0.0120877464997
0.0
0.0429493844255
0.00483925144309
0.0250850011885
0.0155637769301
0.00789122436002
0.0776078226057
0.205919142228
