0.99128281213
0.940151377395
0.835722699674
0.825701545603
0.767498678671
0.80818794765
0.691948400887
0.740717130158
0.715679691442
0.729243549157
0.708729817222
0.681653406056
0.4689174054
0.43510328051
0.427859571653
0.360363283357
0.293882126786
0.352709997525
0.200438164075
0.0647483358743
0.0921907183313
0.0502797035027
0.0826751417744
0.311166738241
0.13018847396
0.0964183242126
0.0188239703698
0.0384810497009
0.0385471218093
0.0355062583413
0.0173359689605
0.0308323783765
0.107878840389
0.141356673426
0.0663461435791
0.0477724525516
0.0517759618057
0.0709184178995
0.0967964550673
0.125692123454
0.14106031615
0.082031906851
0.0401594350814
0.0474178758425
0.0271647860313
0.0459971014099
0.0723979137246
0.0120151680796
0.0718720865635
0.0473176368561
0.0286654859873
0.0305457943364
0.0147868691865
0.0383986824088
0.0144073021446
0.0355198964375
0.0385110846932
0.0158506927223
0.025580324358
0.0225418046759
0.0330822927278
0.0328131932179
0.120496413496
0.0408213626504
0.0177237230232
0.0596883313714
0.0346550438481
0.0355353670029
0.0139676362989
0.0
0.0310409535842
0.0641905749711
0.0341251651594
0.00611280757313
0.0434204078806
0.0978634405818
0.146880734102
0.170577965448
0.0663040167448
0.107113307103
0.198037228106
0.0988586648751
0.0839692665307
0.234122163067
0.237975231313
0.156326309986
0.248264535183
0.330179938896
0.173177889908
0.102995058292
0.0241482348843
0.0394403811537
0.0666108653922
0.0809498814309
0.10904596907
0.167979707012
0.144018986416
0.0139925612677
0.0269496490936
0.054303997123
