0.989213717122
0.946403673813
0.832060263228
0.821786459892
0.772625213187
0.733506881502
0.603256514969
0.716796823799
0.705317786126
0.614505430897
0.632916200985
0.64937551628
0.657638674166
0.479523200766
0.454475282963
0.607048475052
0.708529829324
0.671384058044
0.648053192152
0.371407892751
0.218044989206
0.192631729513
0.0410674799715
0.0415581115744
0.0873751512132
0.0251741658009
0.0399524406547
0.00727064452278
0.0199105224206
0.0046686220879
0.0038033527763
0.00619708733488
0.0118420038184
0.065017463099
0.103029462567
0.0241247281112
0.0191883082667
0.0196866022642
0.0521438687357
0.0375513396538
0.0240875003576
0.00726428731742
0.0104509805342
0.0036478981935
0.0275196918767
0.00678508042044
0.0205875245761
0.0
0.0371953857696
0.00449246449581
0.0191208798704
0.0319644365998
0.0363729293847
0.0807025009701
0.00649285151891
0.0254337437216
0.0846008172064
0.142589842394
0.0582095827648
0.0567693950131
0.12860606368
0.158729030619
0.172627220948
0.0670550355752
0.0111447335046
0.017113286131
0.0990984510072
0.0802089386716
0.087720535836
0.0862545271626
0.0194426330632
0.0
0.00371293999935
0.00859446387823
0.0124146346829
0.019398354688
0.00901973825469
0.0105575034999
0.0413039390332
0.0170260754674
0.0298513105269
0.0137279818923
0.0150878936842
0.0634753899097
0.00238690881063
0.00945118742652
0.0261327312242
0.05883432541
0.0878816018826
0.138801802954
0.0810280116139
0.000922807790463
0.0289344088839
0.0536711662269
0.0158667492885
0.00443930072931
0.0507682839069
0.0337410872453
0.0291960834759
0.0266409597281
