0.75196909355
0.98
0.98
0.98
0.98
0.98
0.977361430359
0.98
0.98
0.977164875091
0.927495145668
0.962004049711
0.929798188668
0.979755459972
0.74982390765
0.312624901234
0.695168050871
0.50788314529
0.858787389033
0.942229702083
0.98
0.926222137305
0.98
0.98
0.873793671211
0.940594450297
0.90171652149
0.98
0.98
0.98
0.89493338708
0.940021754053
0.98
0.920788283124
0.870387800334
0.98
0.939034697469
0.944238857793
0.98
0.98
0.98
0.979708314097
0.955808391021
0.958005251288
0.839101371043
0.872103393708
0.576722903857
0.484624901234
0.461624901234
0.244624901234
0.73596909355
0.762963162749
0.679356247589
0.979209642204
0.928133466707
0.97977039056
0.98
0.970327299251
0.98
0.894705113716
0.881384312382
0.962188547401
0.946200870132
0.848036666905
0.719392798015
0.956951892535
0.796137103424
0.943634127368
0.932258810599
0.883789527102
0.884564292187
0.902968153609
0.972282594193
0.947821379063
0.98
0.961491788489
0.978778958595
0.965252711682
0.98
0.805898317612
0.98
0.763963162749
0.557406823899
0.737989464649
0.766624901234
0.52753809072
0.682522813905
0.893035600719
0.98
0.98
0.978774725928
0.943614333714
0.96800565079
0.98
0.98
0.925618645166
0.98
0.98
0.98
0.959059214084
