1.21289964851e+278
3.37621199532e+211
3.93923829589e+177
4.68894169246e+215
4.93626170178e+097
1.24777143281e+168
2.26496837898e+235
2.78097153385e+304
6.45392655335e+272
9.02663430818e+270
4.35687456642e+239
1.67050844255e+292
8.72090710741e+289
3.21127063528e+023
2.71256873005e+187
1.88623188498e+253
1.4855052847e+017
5.62930972354e+067
4.52075455469e+290
6.7025744079e+290
905.437215677
2.61891327606e+040
2.20885967664e+050
8.65961184263e+070
181.869996205
10342064.3036
9.35113753755e+043
314.836531626
100800953679.0
6.92995451255e+033
1.34876375569e+024
65.6713509358
20.2009464402
27.0805159661
220.914842188
2826.25906668
17.0531442549
15.904086668
1.57814606946e+047
79893.7306112
142.005891748
1.08640103313e+018
2.81834016385e+019
8.63442180203e+020
4.17372165795e+128
1.20713957466e+051
1.95400162799
13.7954971271
1.21183575243
1.04570489911
328.43566155
40.487820137
2.69690912598e+231
0.751288076042
1.36084487304e+242
0.516867842259
0.966875235778
0.750812861531
32.2723514748
0.0488474545881
0.205149080283
0.0363360269336
0.0795603062342
0.339224200477
0.176311369517
0.132544849969
0.277511542998
0.0772175818072
0.0447670418964
0.0298375235802
0.0221091551477
0.0187551096424
0.0154211558209
0.0145532549081
0.0122525039873
0.012922107551
0.0129290040695
0.0149351511747
0.0169377623209
0.0160324964609
0.0120106026502
0.0161794719404
0.014596651672
0.0196989685687
0.0198919162719
0.0182243577036
0.0135052541351
0.0165057312905
0.0174957633205
0.0147833908166
0.0151195145469
0.0172805893435
0.0113079302475
0.0122000879102
0.0146712510782
0.0117994569117
0.0162734396915
0.0171265239641
0.0191893467238
0.0139706123565
