0.309584831978
0.456232310622
0.497548789181
0.554843788467
0.52056032547
0.493121339251
0.456360385298
0.512772092963
0.523376701142
0.512824635037
0.492097301316
0.560868743603
0.533620959701
0.507535747556
0.491666889096
0.478318209958
0.547724661148
0.502381851811
0.467110353829
0.512684272559
0.384150380944
0.434877860987
0.49475349819
0.507019084105
0.373158261817
0.432998370417
0.513187159643
0.535184897646
0.422718854584
0.503920265816
0.554324027491
0.523900675395
0.451414979989
0.498324323781
0.362690770769
0.43082963372
0.482149387985
0.567281072726
0.525161768816
0.50755993267
0.544279512905
0.436255950072
0.651534747311
0.532854351943
0.434105197223
0.48647133485
0.502228726735
0.5162817174
0.496290286489
0.458926336815
0.431621493579
0.494598830401
0.463888630994
0.427324815159
0.426406351794
0.524645469896
0.466816195464
0.454380199686
0.515309970865
0.415036350798
0.491513399475
0.408705653837
0.446219988444
0.503409984513
0.402115008345
0.454653347575
0.510778423066
0.554333171465
0.568161112479
0.644436175454
0.50922726385
0.36092081818
0.358181747886
0.437874772347
0.518926633567
0.476780886817
0.509513786569
0.457465958284
0.489639857593
0.547884981907
0.497933564048
0.534632739736
0.537303560462
0.479044174026
0.437137823694
0.374942264358
0.302601511823
0.484593387577
0.435090206785
0.480436489968
0.455743986054
0.39656493403
0.410589953306
0.410550186226
0.397731266279
0.474037617291
0.501376371221
0.503647734408
0.554282728559
0.545772117371
