0.307788285567
0.385753754644
0.43758189199
0.526748113207
0.450780425839
0.51123252412
0.485509425628
0.375368681196
0.48348513229
0.495075448376
0.423069535271
0.500568787748
0.323245506972
0.294578618446
0.37193999719
0.387289365171
0.401671470114
0.4720519577
0.473235646637
0.438624845989
0.380881710948
0.387270607131
0.378928410808
0.34457347272
0.3664563055
0.360106564208
0.374888883712
0.364002158796
0.351478015556
0.388730244198
0.485708924123
0.382159978884
0.546706770769
0.522284110768
0.501705867346
0.561977955845
0.578990006579
0.535608025255
0.490332278826
0.522680479393
0.544599056375
0.511467184334
0.486224880944
0.488510341996
0.539775044308
0.597476296994
0.525992390084
0.540509732231
0.571818642138
0.597245051225
0.57929638091
0.511683539713
0.481303636947
0.496678507599
0.51335602727
0.556954290003
0.569776588257
0.491402054059
0.560651033482
0.57734300659
0.55388187672
0.543498226033
0.546335852782
0.432938447284
0.539878971733
0.607832961916
0.614060669757
0.623883847025
0.545484308457
0.450805384745
0.585853341763
0.545471536416
0.571810125372
0.556024892786
0.528490466073
0.613147534124
0.506724840857
0.531699791128
0.488023565813
0.554448588863
0.556667480095
0.585949339657
0.543671970648
0.530941787905
0.493536012838
0.556126725763
0.611101043184
0.576738190292
0.485040242539
0.479969727579
0.584124050562
0.56376847392
0.569591363933
0.44243146502
0.538802735993
0.54777901695
0.518487767357
0.605839740574
0.500274490984
0.482640858687
