0.00371399110993
0.165404559967
0.658413480488
0.675310730607
0.82812970572
0.978645671374
0.9791488218
0.979999655908
0.979566912536
0.979970701308
0.97999603894
0.979982936451
0.979999962669
0.979999999488
0.979999999976
0.979999996685
0.979999299027
0.979999984283
0.979999996494
0.979685578786
0.979969693341
0.979999997663
0.979999992853
0.979999675977
0.979999999996
0.98
0.98
0.979999999993
0.98
0.98
0.98
0.98
0.98
0.98
0.98
0.98
0.98
0.98
0.98
0.98
0.98
0.98
0.98
0.98
0.98
0.979999927768
0.98
0.98
0.98
0.98
0.98
0.98
0.97999999888
0.976936896743
0.979999942148
0.979998143983
0.97999991588
0.979997366256
0.979996402867
0.97993676795
0.97999998487
0.979999613756
0.979999977838
0.975999999731
0.979995714347
0.979999981176
0.97999999932
0.98
0.979999971529
0.98
0.98
0.98
0.98
0.98
0.979999999928
0.98
0.98
0.98
0.979999999992
0.979999999989
0.98
0.98
0.98
0.98
0.979999997822
0.979999999611
0.979999999995
0.979999999852
0.979999860271
0.979999097318
0.979999929002
0.979999999979
0.979999999986
0.98
0.98
0.98
0.98
0.98
0.98
0.98
