0.345096124259
0.524021214022
0.547969871147
0.59482228367
0.521171258057
0.469683384876
0.560358328975
0.608991364841
0.576120366384
0.529922051011
0.613898857784
0.66326593272
0.647165451714
0.679258716169
0.660644327498
0.702358347802
0.725765304328
0.733711916292
0.691603194657
0.694699235647
0.758323974796
0.691306308278
0.783134776439
0.730732090368
0.702211442112
0.662056427977
0.710427048266
0.688542701932
0.670070527945
0.684332710695
0.674057934001
0.620950648065
0.634498829696
0.734337607694
0.72372867064
0.718271210299
0.685895251933
0.56953002083
0.526677568177
0.660746805222
0.771482230402
0.59331099593
0.614062648244
0.661722369449
0.690009922173
0.71061649207
0.676314188029
0.570938429667
0.590938901064
0.748655962343
0.826887497399
0.734864890824
0.739005707336
0.634999052637
0.614172240058
0.711481827548
0.734488779491
0.702479227281
0.687544971314
0.757072665651
0.75777034614
0.725116551488
0.655259854111
0.701946489704
0.748022397904
0.621446900052
0.684760524477
0.739407493503
0.756500827496
0.655623746145
0.68377169083
0.76473827523
0.792707409778
0.758817105488
0.728581984667
0.743599573223
0.766512862274
0.638500589184
0.632583050771
0.766144228757
0.728633462586
0.776802738066
0.750828050469
0.736372109541
0.681691171907
0.702259936715
0.643029467922
0.750924619619
0.720111197233
0.69791782378
0.752655932013
0.760070849745
0.674871114319
0.700423960999
0.701352326212
0.757832816976
0.774190347953
0.723829653217
0.700827478748
0.759734949624
