0.331995441831
0.484056791392
0.577705912111
0.576069354167
0.530054284867
0.618576980749
0.6172355301
0.637978459148
0.716433830583
0.798296047114
0.733802429698
0.665591123568
0.665967013352
0.697172337573
0.683839156523
0.673685917948
0.695769582058
0.6463472517
0.613501873329
0.639526905744
0.67038353198
0.678644065064
0.722293189149
0.602460710077
0.626993621045
0.701999286359
0.69824535163
0.682760493129
0.698978167229
0.623649284181
0.691220153377
0.661427744454
0.621918586415
0.706914061759
0.672146749571
0.669801516466
0.755620132506
0.773273849118
0.758682087397
0.789584450983
0.767363541724
0.710250232956
0.728858612925
0.62471722942
0.775126296409
0.702216607237
0.761511131076
0.665668165797
0.672978275781
0.807884598097
0.812279718597
0.751616415812
0.666917578705
0.703781299327
0.749914073381
0.705455983627
0.743209506443
0.731977932296
0.722573000138
0.668497121251
0.703234540086
0.693002363572
0.742207430774
0.754128555872
0.698313614892
0.651536359207
0.663316652234
0.764054284162
0.711844248417
0.691292476953
0.726434939386
0.70137017548
0.657949812182
0.70509284293
0.718336556756
0.698981735785
0.667449710882
0.661392009818
0.721604870591
0.642582364146
0.628549137298
0.782757071738
0.720863787629
0.691365307372
0.694869555018
0.768340422052
0.708351685845
0.742801684911
0.629939455524
0.711190568098
0.654875238558
0.677746176986
0.658179980543
0.632928708194
0.708801859965
0.769210709155
0.674823129541
0.547733538411
0.650543390029
0.697455944328
