0.331647859656
0.554714621532
0.562828202195
0.692124162307
0.713825899296
0.61568332701
0.643565980184
0.67613689155
0.671158514007
0.728627370439
0.753923530431
0.74890456105
0.793034739698
0.749162185736
0.730168106342
0.789533106852
0.735009993095
0.719287715893
0.733022550606
0.701261819189
0.741178446464
0.653578362884
0.64557240186
0.681408104303
0.710572157596
0.707071289905
0.666140958737
0.639321902227
0.695380088649
0.736964493618
0.675458113352
0.657692486701
0.680436788968
0.763602016588
0.726086896513
0.769380211926
0.75710250608
0.705609085266
0.671258534883
0.717234391605
0.7138608195
0.759869275519
0.611509680152
0.687188817461
0.735343916072
0.753057937089
0.698828298611
0.688928765297
0.698305923791
0.652656842725
0.684490115126
0.674085589673
0.721228382412
0.685564208003
0.645923325013
0.679221671028
0.721839349927
0.696141692031
0.644755099686
0.764672411377
0.75375030667
0.736997309562
0.584058161577
0.688334109641
0.656991426463
0.688921718571
0.696996807495
0.682365662034
0.700085011014
0.666470464563
0.770031092772
0.812770782697
0.776581173885
0.658936630643
0.72537394211
0.779755728349
0.730650545859
0.658614789325
0.637943612788
0.642682572094
0.681700795011
0.658230545098
0.67810550813
0.725080582551
0.696203497005
0.665679294505
0.76560328834
0.78407184506
0.777977532245
0.760323240255
0.762506706095
0.797736443891
0.689201667562
0.708145018717
0.726151772862
0.677410647922
0.700224914308
0.711232076699
0.679449505365
0.77174059851
