0.00370436819584
0.165289148282
0.822936429913
0.942924674162
0.705240501464
0.826521214372
0.768067773014
0.97493714969
0.835069546142
0.863588439779
0.972239673529
0.848928412874
0.826521214372
0.976620838013
0.950869202732
0.840259955408
0.575901672775
0.812184491901
0.958465119052
0.889646950813
0.973011523163
0.925408403776
0.953830089329
0.969544201066
0.901573500841
0.979937656823
0.898616343666
0.895468072137
0.96932553848
0.94182261452
0.9340121576
0.979999987313
0.979927877301
0.979975531276
0.979993299224
0.979999181715
0.979999460553
0.979989565292
0.978934797787
0.979957501824
0.979886528584
0.97999935595
0.978672705177
0.979995685574
0.97999849136
0.979988512087
0.979996363949
0.966191308908
0.976620838013
0.979947226535
0.979999181715
0.979999987313
0.979999999803
0.979848274278
0.979981735088
0.979999989487
0.979869225426
0.979991771492
0.978460588964
0.97953472096
0.979210043187
0.979998375248
0.979999971283
0.979999998547
0.979999601031
0.979999999846
0.979999999971
0.979999999978
0.979999998969
0.979999711112
0.979999943744
0.979999991705
0.979999999803
0.979999999997
0.98
0.98
0.98
0.98
0.97999987056
0.979999938852
0.979999999926
0.979999999952
0.979999999997
0.98
0.98
0.98
0.98
0.98
0.98
0.98
0.98
0.98
0.98
0.979999999928
0.98
0.98
0.98
0.98
0.979999999998
0.98
