0.00370021219732
0.165404559967
0.672697511433
0.824180520066
0.672801624287
0.951133829901
0.976777406186
0.949738681324
0.975277600643
0.977734631983
0.979998787702
0.979996665413
0.979967886995
0.979991822689
0.979999786175
0.979999992538
0.979999999803
0.979999999899
0.979999999997
0.979983158006
0.979997105417
0.979670471901
0.979955327434
0.979999181715
0.979999987313
0.979999999803
0.979999999944
0.979962420531
0.979999181715
0.979953642042
0.979988789756
0.979991428778
0.979999999803
0.97994920501
0.979957400798
0.979999999997
0.979985050122
0.979973278614
0.979413347742
0.979962577327
0.979599691741
0.923221814128
0.969555042161
0.97715590217
0.979878587774
0.97995152633
0.979999955719
0.979993862847
0.979999999997
0.98
0.97999854907
0.979999681592
0.979999990402
0.979999999984
0.98
0.979999990926
0.979995611567
0.979999999997
0.979998493413
0.979999447025
0.979999733163
0.979999793133
0.964387128251
0.978880951092
0.970473124799
0.977955629295
0.979851373305
0.979658057195
0.97845720607
0.979999915099
0.977595852353
0.979032463176
0.979950075526
0.979990266897
0.974016898147
0.933111915086
0.979949039609
0.979730705506
0.979216475926
0.979947226535
0.979984194436
0.979999181715
0.979365020809
0.979617732598
0.974738362863
0.977597661511
0.978924813346
0.978869799935
0.97999710122
0.979992640864
0.979999706367
0.976230906906
0.946518682616
0.976620838013
0.979947226535
0.976790348288
0.900566990615
0.949790056188
0.976159699557
0.58496816478
