0.00372663855796
0.165404559967
0.826521214372
0.967218452148
0.976620838013
0.975613953156
0.979947226535
0.979435481173
0.979570910721
0.979999181715
0.979453466506
0.979999999803
0.979977533192
0.979999181715
0.979946472873
0.978050791019
0.979999636703
0.979999999613
0.979999999963
0.97999998839
0.979999999948
0.979999999803
0.979999999997
0.98
0.956083271122
0.879525861665
0.965752449818
0.972288688955
0.979643987797
0.979999855736
0.979998161397
0.979999773399
0.979999995662
0.979999999958
0.979999999998
0.98
0.98
0.98
0.98
0.979999999998
0.98
0.98
0.979999999844
0.979999999951
0.979999999999
0.98
0.98
0.98
0.98
0.979999999001
0.979999999186
0.98
0.979999999984
0.97999998979
0.98
0.98
0.98
0.98
0.98
0.979998347419
0.979999996387
0.98
0.979999962915
0.979999999996
0.979999999999
0.979999999752
0.979999999901
0.979999989633
0.98
0.979999999973
0.98
0.979999990997
0.979867753757
0.97997203541
0.979525974105
0.979999733694
0.979999201778
0.979999960928
0.979996072507
0.979990343732
0.979999967769
0.97999268822
0.98
0.98
0.979999968608
0.98
0.98
0.98
0.98
0.98
0.97999999997
0.98
0.98
0.98
0.979999999656
0.98
0.98
0.98
0.98
0.979999680542
