0.00373899001385
0.165404559967
0.826521214372
0.976620838013
0.978757642484
0.977560928273
0.967787600951
0.979914215124
0.979193097034
0.979997342685
0.97986994527
0.97999537737
0.979999864269
0.979999998283
0.979999996584
0.98
0.979999999989
0.98
0.98
0.97999998291
0.97999999897
0.97999999997
0.98
0.979999647755
0.97998894128
0.979999933371
0.979999999997
0.979999999999
0.979999999997
0.979999999998
0.98
0.979999781488
0.979999370238
0.98
0.979999999997
0.98
0.979999999999
0.98
0.98
0.98
0.98
0.98
0.98
0.979999997239
0.979999994144
0.97999999903
0.979999997255
0.979999996896
0.98
0.98
0.979998680792
0.979999993412
0.979998136195
0.979999942855
0.979999994133
0.979999994828
0.979999994025
0.979999999954
0.98
0.98
0.979999426203
0.979933164937
0.98
0.9788
0.979999877794
0.979266366437
0.970293738051
0.975516531275
0.976367793603
0.962802892607
0.977946722139
0.979966896596
0.9799925923
0.979999720752
0.979999562226
0.979852458765
0.97999999764
0.97978798267
0.979814261802
0.979999593027
0.979998365538
0.979999787937
0.979994276101
0.979999999808
0.979999999152
0.979999998727
0.979999974022
0.979996804791
0.979999996752
0.976364008363
0.966701140348
0.979758648783
0.972496948824
0.979999977751
0.979999995146
0.979999590877
0.979999971164
0.979999977682
0.979999994408
0.979999999223
