0.812959445636
0.782960120522
0.762249709773
0.748632122004
0.752640875464
0.735740315682
0.698852773454
0.712062299136
0.76498763162
0.741393084126
0.770896142588
0.746562335531
0.734287051817
0.729365640531
0.698531477245
0.678150767206
0.705394726155
0.715085300721
0.684076526042
0.639587330552
0.65341262467
0.641188143438
0.607918624482
0.580217245839
0.572176354615
0.526171344211
0.560658384993
0.503487712255
0.577309839969
0.510148202059
0.543422664493
0.595408134338
0.611211404989
0.661414862467
0.674619740208
0.681291773086
0.689708980572
0.71075175518
0.723891147883
0.687582783446
0.710115114773
0.664396102921
0.644141131939
0.630097373195
0.641438886379
0.638755316159
0.632625492618
0.630431993327
0.62052382982
0.58729646449
0.604056268922
0.592269375849
0.560657360721
0.560386941816
0.567519071087
0.505829530714
0.482918074579
0.473555510175
0.47649735057
0.468201830989
0.592489500542
0.582688914649
0.606766509593
0.621273434226
0.597708182221
0.622012380791
0.59665968414
0.634661380986
0.616215663759
0.606226715124
0.58100918964
0.636434183382
0.6222032662
0.666109373981
0.676549444361
0.643822071203
0.641374695454
0.595284433855
0.569065243559
0.5468392704
0.457384530852
0.521997464337
0.43214332736
0.45066266467
0.416948284214
0.399521027095
0.410897763401
0.3727942226
0.393433520885
0.348022542564
0.452900194513
0.332417734585
0.359327966793
0.364602364692
0.36774093571
0.38141566047
0.400893817315
0.436523511848
0.385537435723
0.390123325403
