0.811009219098
0.757698081477
0.724359574822
0.760936882073
0.752525762347
0.721582299971
0.677446919122
0.651697658819
0.671215799564
0.614519505898
0.584539485572
0.58017737716
0.590009416128
0.627473561648
0.582783864908
0.57315086631
0.57487275333
0.578159501996
0.657904249003
0.620311845464
0.642575175812
0.643836310334
0.625923115324
0.61706146516
0.63069144839
0.662682110808
0.657207182648
0.65390404563
0.597092585418
0.591944746069
0.588702177368
0.611844602218
0.611649932749
0.583441576887
0.603158126027
0.656737630794
0.658359952597
0.641579158687
0.574547009354
0.563966768323
0.572693322
0.568185503491
0.592908975326
0.59710090071
0.497859874021
0.456571712716
0.49553224536
0.534883568107
0.526501709966
0.512666060936
0.470929384789
0.456632909374
0.442755227927
0.496899631372
0.453975236109
0.491472157359
0.47984384664
0.454242157303
0.524178227005
0.535677542345
0.473423952346
0.412477519497
0.290641320164
0.362964325762
0.357903949797
0.415930350626
0.433422363331
0.471010440595
0.454022466994
0.406025810669
0.342001893133
0.354286581861
0.333216384918
0.371440205633
0.337830947361
0.312240132642
0.326396981703
0.281581883591
0.340483077433
0.376427014118
0.357927387091
0.36521423047
0.495192040105
0.466924011695
0.45923959383
0.491507322401
0.502800395952
0.512998875107
0.506426046682
0.523918537387
0.503485209116
0.572982705322
0.581661003205
0.59247710963
0.578666889193
0.569040703412
0.548168484804
0.530848935844
0.536309560746
0.527817140561
