0.814308603932
0.790280499904
0.738263016866
0.753585037103
0.724206445109
0.72213331193
0.692099062155
0.670344488206
0.698217620644
0.693955928865
0.709147909586
0.718758252511
0.703587133651
0.671957541732
0.665043591959
0.588022656172
0.639926988475
0.603907886887
0.601225738823
0.594274042823
0.530249418829
0.554253628067
0.613120474014
0.597495009066
0.610776643466
0.62342417474
0.613270907532
0.600470522179
0.644718781747
0.651630277227
0.648930293287
0.671432426193
0.658475199261
0.61504167385
0.534533018302
0.511323012545
0.561476624672
0.560425891316
0.528105100064
0.52818880821
0.555326711011
0.614392444287
0.602635396648
0.596407907483
0.639985559166
0.633787136741
0.60516011458
0.592988697581
0.600873352912
0.574404553148
0.615014396721
0.5965259288
0.575675759414
0.472320532824
0.506750374498
0.463899847068
0.55454899347
0.619443779801
0.596529531056
0.613230409906
0.570937458924
0.604543145582
0.636250861709
0.623872046199
0.594920106489
0.52496086602
0.478291319483
0.539038725606
0.562610402663
0.484461162649
0.523010286251
0.499808606268
0.480131930245
0.488430389428
0.532312511511
0.579484326079
0.502340297614
0.552288053555
0.524071899307
0.554755010547
0.621777111451
0.61528692215
0.626508122814
0.641936002032
0.69795585372
0.696648042567
0.727795594442
0.68760131758
0.672696073472
0.665672493244
0.674570140137
0.644202868897
0.560330769658
0.580155678059
0.6497436256
0.643371974118
0.660171732855
0.667385822293
0.650761430055
0.622525540605
