0.812065330536
0.783002668257
0.75806681698
0.76257122723
0.750376668486
0.732620411568
0.725857185855
0.714709108111
0.724670474902
0.726155978503
0.697961463964
0.713102552343
0.668952827287
0.6922891993
0.657554583042
0.685385246386
0.647287940304
0.693915263369
0.664989777403
0.666374251415
0.64010891166
0.604385187421
0.563004004282
0.567117348383
0.559528739739
0.5802057264
0.565876816751
0.539126611367
0.554282180047
0.561796112586
0.587355215564
0.575013571686
0.526970579711
0.553081129535
0.608937043858
0.576363104466
0.544157881393
0.573653359528
0.588418113329
0.566412671337
0.561689873782
0.556663052756
0.544912964862
0.546293670934
0.557741800149
0.600543007785
0.592665423551
0.518733705549
0.535728224177
0.550096928149
0.551881315302
0.574657502478
0.597515259126
0.617867062769
0.61463105234
0.582943491351
0.576915015338
0.616114839177
0.575588167557
0.562355412918
0.587827849965
0.574966322597
0.527356530294
0.551644943184
0.439755312521
0.444740489958
0.561285451442
0.548372397296
0.531454498434
0.58720145146
0.579105579473
0.551375996647
0.650758087887
0.648667471965
0.59460591082
0.651735471771
0.65765133859
0.639961772993
0.614304875925
0.560462247377
0.526535838678
0.532477471872
0.556879731119
0.499744304357
0.459201708778
0.503763339233
0.536288689841
0.548021258122
0.647622706405
0.648618444223
0.598982765033
0.495954120782
0.384499058871
0.352353940169
0.280214451427
0.107888223061
0.111298599429
0.282494979021
0.227725362154
0.399185620385
