0.808579643754
0.759072584732
0.747210729782
0.602647579901
0.612608697186
0.605818073281
0.57641333818
0.565022858184
0.59244738544
0.594292451048
0.564368818866
0.552949244446
0.542819603302
0.557743313188
0.537815205885
0.513547030974
0.495701851319
0.439557554525
0.433449060532
0.428229796521
0.144423985958
0.099924014487
0.137268918044
0.205601048381
0.191329171668
0.183596096824
0.119980290007
0.175482802174
0.0692211692934
0.0984574488587
0.001545205849
0.0
0.0
0.0405933220639
0.211895571254
0.146838084165
0.166102779469
0.106532814522
0.221943959506
0.297602431548
0.193726990911
0.149203144149
0.0585619038171
0.0461440977812
0.0358848492229
0.0
0.0
0.0544433561433
0.107518568721
0.0
0.0
0.0
0.0
0.0
0.00924161388693
0.129304258834
0.182263864207
0.122166237686
0.197182751226
0.300177212356
0.378616697989
0.299025916132
0.197533568853
0.126826790016
0.187235102383
0.197527992625
0.217160930054
0.270363398469
0.0
0.0
0.0
0.0
0.0
0.0
0.0
0.0
0.0
0.0940684614454
0.310943793143
0.354379076034
0.288973576902
0.157780055391
0.176456101003
0.203895088703
0.0732971417829
0.276777053401
0.212021501936
0.0294068348442
0.0
0.0
0.00447311827957
0.255847813996
0.133415186995
0.0946126841588
0.0368699511426
0.0223911208513
0.0
0.0
0.0
0.0
