0.808202194229
0.780443303224
0.762852347882
0.733417356591
0.696213239509
0.722918623089
0.707077696879
0.691246681901
0.658559191439
0.664886332271
0.676996645715
0.656474722812
0.622528007326
0.612585503701
0.557699877541
0.594286985116
0.573818680032
0.534790727528
0.548209283161
0.533608849303
0.568780511543
0.579298465047
0.585979684076
0.600170952769
0.585129612708
0.579816370523
0.61840763202
0.584476418551
0.585523034664
0.597908681795
0.606635088582
0.607261322322
0.621018903444
0.590273791686
0.58779110585
0.56416048056
0.57973066914
0.534054342541
0.527460301801
0.470063605433
0.466262877067
0.430434966401
0.474906812773
0.502101954577
0.492847501965
0.441417425644
0.459431154995
0.505110697273
0.515353898755
0.555957977448
0.608012729448
0.68620858066
0.622994422011
0.620400655419
0.68923388141
0.684758123627
0.722641427234
0.712983391888
0.718238509209
0.658162090587
0.697890255886
0.70108147023
0.712536473195
0.716973149775
0.729111528106
0.727682657852
0.711315059285
0.724327906443
0.735427355205
0.71960918442
0.713964570274
0.721048554997
0.7282498316
0.717865259346
0.744242080759
0.732775485114
0.722886336225
0.720494975008
0.687736703821
0.675849800202
0.687636808001
0.656401085845
0.703597389348
0.674998641843
0.67452390454
0.60987845495
0.637206982395
0.625598851375
0.656757619641
0.635402375833
0.640338152158
0.584109528847
0.613865880371
0.679554651505
0.740882027846
0.730893077075
0.71500682905
0.718131540667
0.7098803676
0.710222153893
