1.60894770939e+297
1.19276053374e+223
2.15033258428e+275
5.77485668974e+271
1.3941487542e+268
2.84388359937e+026
1.90819416318e+026
1.20918800782e+040
6.76563482033
1.35477729151e+026
8.37033838956
6.81672376968
8.81451320609e+037
4.05261305059e+039
1.61432792533e+039
2.82188382287
1.77731840271
0.662611686034
6.24764880514
2.40545257597
5.42106230489
2.76557359909e+269
2.02530441265
50574370.0153
2.37645989698
2.49837596516
4.86219941626
6.45128741403e+254
1.14776495667e+018
5.19353644667
6.55584379459
2.07792436378
3.70465271521
7.82397732895
3.04174405046
8.03714548994e+223
92967.9584121
5.93553551977
12.2643884757
1.67737010299
2799351.33749
1.77838798553
2.48232228611e+290
5.21037976219
1.15212725532
2.52023763062
8.09585241589e+016
86815.8115512
2.10882141327
1.41011556857
1.91166580202e+062
5.48032136466e+126
3250243332.86
4.16767501739
2.40798109608
2.46581978973
2.12936742276
3.27903751473
2.66450810965
4.96001140073
2.19227986344
58.2929806752
2.04045194091
3.60579398557
11.3169594718
121.974840791
2.64350116087
5.352330077
2.57045974002e+252
13.3696383749
5821542889.34
5.18015149979e+018
1.99155511481
1.67709924238e+292
8.98465773558e+186
5.62878272154e+252
1.66422164881e+253
3.16062459627e+253
257123.921489
2.99892151309e+239
3.89209718464
4.81174814368e+252
2.19963318583
5.01493637207
1.72396159374e+241
9.97238588642e+259
3.83451878123
34.3726063154
2.68599669172
3.5896013685
6300498209.77
182366.236931
1.41909712186e+033
2.30518354922
25.0544148917
63.49446423
26.8302645116
1300.49133825
1.41732566454
5.23060098567e+035
