1.9611266539e+302
4.59099227812e+217
1.97567348649e+042
1.24430608725e+014
1.51202266177
2.64268214834
0.782910406834
7.59062944268e+018
1.03898858481
0.497170095209
2.43668654719e+026
5.09808286193
31300.4920656
2270183837.3
11.0106977427
19.532068428
3.5811786529e+131
2.94739183411e+227
2.92903055709e+304
702.857939295
66993.9654478
65955.609044
0.0
0.0
0.0
0.0291488891111
0.0858833842264
1.24362651509e+150
4.95304327657e+248
0.00899016930115
0.00189086247125
0.327574101176
0.349820945401
4.94361691256e+294
0.0
0.0373302347736
0.0866060640292
0.0
0.0
1.15620667347
0.0
0.0
0.0
0.0
0.0
0.0
0.0
0.0
0.0
12.756119658
0.0
0.0
0.0
0.0
0.0
0.0
0.0
0.0
0.0
0.0
0.0
0.0
0.0
0.0
0.0
0.0
0.0
0.0
0.0
0.0
0.0
0.0
0.0
0.0
0.0
0.0
0.0
0.0
0.0
0.0
0.0
0.0
0.0
0.0
0.0
0.0
0.0
0.0
0.0
0.0
0.0
0.0
0.0
0.0
0.0
0.0
0.0
0.0
0.0
0.0
