0.806758422921
0.77791059191
0.758061272107
0.729022652595
0.743563783508
0.736073837822
0.684372818932
0.683187549405
0.674519313188
0.688358465847
0.672411484571
0.689257983904
0.675678336583
0.658997295269
0.659894511037
0.63434809876
0.628217561489
0.643233037429
0.66946036891
0.666961790634
0.687697384902
0.635138070306
0.560365866406
0.568876950961
0.566078866469
0.511161685153
0.429947013352
0.476443743432
0.414089262047
0.415523988072
0.383391252033
0.421766462634
0.465491263443
0.415745743799
0.386915607664
0.465161641936
0.41626086328
0.449284995701
0.493119028364
0.502624467656
0.603813255113
0.598049681374
0.497934295807
0.519745942095
0.535557725783
0.558637253238
0.580974434699
0.594676000603
0.609075865752
0.595019285557
0.579826200399
0.573831030121
0.577662810735
0.575789433381
0.529039911968
0.517496862451
0.577098680287
0.521937617646
0.564107811945
0.543547053535
0.557347956775
0.549845271116
0.496187550145
0.517496237904
0.457915498765
0.419888417782
0.439854916141
0.494845282695
0.467269020848
0.464326065935
0.467536712673
0.543770212138
0.489724658901
0.420760812973
0.47787439331
0.500783406152
0.532924548787
0.507373696336
0.485674007732
0.466686454679
0.508825347855
0.503535397851
0.531340127502
0.594109047176
0.613847415788
0.591147450349
0.572611012056
0.592087087924
0.555391608293
0.512409072063
0.55345772629
0.541659066938
0.516641134556
0.514697494069
0.535857069435
0.540123700714
0.426090167038
0.359819164052
0.331002903021
0.179036574232
