0.979876425773
0.914698710368
0.835486649277
0.718594239709
0.762326489628
0.750535920172
0.738254069984
0.701751507236
0.736219846954
0.686896887242
0.651654487149
0.659154263142
0.672100137308
0.600908329921
0.670293300999
0.694034777151
0.728551117737
0.762021031288
0.735755401889
0.749782161422
0.706860589419
0.726080349261
0.681909507484
0.68269777133
0.654922237221
0.707481322299
0.663631275114
0.705883942428
0.743492872738
0.650327816496
0.688307531261
0.62268658561
0.598509383525
0.582492146898
0.543367972215
0.530300060183
0.584855661029
0.598657139758
0.618170649555
0.578721869911
0.583585356598
0.641000085074
0.644603736732
0.635888213064
0.644454391492
0.590043192411
0.602976976964
0.606846838219
0.639522208296
0.699071437472
0.692760778624
0.642811017818
0.697995693993
0.701122074096
0.684229454753
0.657710561387
0.627871431689
0.608169765739
0.586907203933
0.617643980578
0.613541755839
0.621653005103
0.629697297739
0.585848637691
0.599335527192
0.668309770228
0.65044969963
0.620217497609
0.578706056648
0.629057867624
0.611500020726
0.586099723855
0.567789745074
0.557763311092
0.590970365332
0.581016095619
0.567913941982
0.549271696256
0.54406700305
0.58471619551
0.657046469573
0.605586400146
0.626445658851
0.632173456272
0.638646657639
0.631188608618
0.685387220034
0.71166121493
0.704689569504
0.607694507454
0.693415187099
0.682663589659
0.712985992457
0.706998492061
0.681550767765
0.696901997068
0.692840403812
0.677427047106
0.637927531327
0.658137350904
