0.812126299071
0.768814524871
0.757329815852
0.593963273021
0.297529265702
0.403755544294
0.391964733665
0.497486758008
0.551831126107
0.529358759411
0.544473367287
0.589655098127
0.6211361128
0.652571699084
0.586161612997
0.539734331046
0.531632236118
0.567398437188
0.431196421301
0.259782288619
0.149467434033
0.184329955331
0.0884261795496
0.0537743169857
0.0989213550137
0.0
0.00979302525608
0.272665681408
0.110616643784
0.0
0.0
0.0
0.0
0.0
0.0
0.0
0.0
0.0
0.0
0.0
0.0
0.0
0.0
0.0
0.0
0.0
0.0
0.0
0.0
0.0
0.0
0.0
0.0
0.0
0.0
0.0
0.0
0.0
0.0
0.0
0.0
0.0
0.0301530879055
0.244351407638
0.0
0.0
0.0
0.0
0.0
0.0
0.0
0.0
0.0
0.0
0.0
0.0
0.0
0.0
0.0
0.0
0.0
0.0
0.0
0.0
0.0
0.0
0.0
0.0
0.0
0.0
0.0
0.0
0.0242784810872
0.31649522281
0.032161877775
0.0
0.0
0.0
0.0
0.0
