0.853374288536
0.948673075154
0.831663244987
0.972221637811
0.936254558954
0.967731747273
0.98
0.98
0.656755621749
0.842784618629
0.98
0.973066983088
0.98
0.98
0.98
0.98
0.98
1.0
0.98
0.98
0.98
0.98
0.98
0.98
0.98
0.98
0.98
0.98
0.98
0.86906213733
0.977511559091
0.98
0.98
0.805161921346
0.865846198044
0.98
0.98
0.98
0.880950618775
0.718696030653
0.97278080843
0.98
0.98
0.966469190782
0.98
0.98
0.98
0.831267315894
0.971542504235
0.98
0.98
0.98
0.98
0.98
0.98
0.965878847055
0.98
0.98
0.98
0.98
0.973812522473
0.786213290943
0.75621619101
0.98
0.98
0.98
1.0
0.961767550712
0.98
0.98
0.98
0.98
0.98
0.98
0.98
0.906594781127
0.98
0.98
0.98
0.953949952691
0.970894218833
0.978073418896
0.966993037388
0.98
0.98
0.962419790669
0.949394160642
0.915917746312
0.98
0.961661281556
0.925885048892
0.826046549319
0.977735235631
0.98
0.98
0.98
0.98
0.98
0.98
0.979361039055
