0.890924870328
0.98
0.98
0.98
0.98
0.98
0.98
0.976199114834
0.98
0.98
0.98
0.98
0.971710329467
0.976487032807
0.977156943596
0.979049261525
0.972022259579
1.0
0.98
0.98
0.98
0.98
0.98
0.98
0.98
0.98
0.98
0.98
0.847052219098
0.977710042896
0.98
0.98
0.98
0.98
0.98
0.812032484056
0.952365800878
0.977731809306
0.98
0.98
0.98
0.98
0.98
0.98
0.937191043578
0.976114552617
0.957528583524
0.956268361758
0.98
0.98
0.98
0.98
0.98
0.98
0.98
0.974367500464
0.98
0.98
0.952122114757
0.896681151964
0.976273776981
0.787479552286
0.98
0.98
0.98
0.98
0.98
0.98
0.98
0.98
0.893698253739
0.98
0.98
0.98
0.98
0.98
0.98
0.98
0.98
0.978962777907
0.971433055301
0.781837283877
0.821330359188
0.979784585176
0.98
0.98
0.98
0.98
0.953217214524
0.98
0.98
0.98
0.98
0.98
0.98
0.969406757323
0.98
0.879484485854
0.98
0.98
