0.7185246531
0.942585709203
0.98
0.98
0.98
0.98
0.98
0.98
0.98
0.98
0.98
0.98
0.98
0.97335490996
0.834926872527
0.979467606281
0.98
0.98
0.978704603341
0.98
0.98
0.98
0.98
0.98
0.98
0.98
0.975264231603
0.961802943772
0.953092169973
0.98
0.98
0.98
0.98
0.98
0.98
0.98
0.98
0.98
0.98
0.979840001404
0.98
0.98
0.948096210102
0.98
0.98
0.98
1.0
0.98
0.98
0.98
0.98
0.98
0.98
0.98
0.979598730924
0.98
0.98
0.98
0.98
0.98
0.98
0.98
0.972862362329
0.929995380292
0.98
0.98
0.98
0.98
0.98
0.98
0.98
0.939448184542
0.972919628304
0.98
0.98
0.98
0.98
0.98
0.98
0.98
0.98
0.98
0.98
0.98
0.902680369466
0.98
0.98
0.98
0.98
0.98
0.98
0.899697526743
0.98
0.98
0.98
0.98
0.98
0.98
0.98
0.98
