0.666490219297
0.824736650368
0.979395835743
0.965784076066
0.97555631392
0.98
0.98
0.98
0.947236057003
0.98
0.98
0.98
0.98
0.98
0.98
0.98
0.942824549515
0.907436537609
0.918119673138
0.98
0.98
0.98
0.98
0.98
0.98
0.972596729133
0.98
0.98
0.98
0.964964471987
0.98
0.974378203925
0.98
0.98
0.98
0.955725066959
0.952810108061
0.98
0.98
0.98
0.98
0.98
0.959650153119
0.93654101412
0.98
0.974002091587
0.98
0.98
0.853319807432
0.98
0.901372565193
0.966565239671
0.98
0.98
0.974701870364
0.979
0.956238204826
0.972908464808
0.962166525252
0.98
0.98
0.98
0.98
0.98
0.98
0.98
0.98
0.979579255233
0.98
0.98
0.98
0.972192278895
0.98
0.98
0.961556497214
0.973582969423
0.98
0.98
0.98
0.98
0.841146009571
0.98
0.945639232014
0.98
0.98
0.98
0.98
0.979887133137
0.98
0.98
0.98
0.98
0.98
0.98
0.970326996436
0.846683891825
0.98
0.98
0.98
0.98
