0.586470352107
0.98
0.98
0.98
0.98
0.98
0.98
0.98
0.98
0.98
0.98
0.98
1.0
0.970925229385
0.98
0.98
0.98
0.98
0.977274056744
0.879814526823
0.977225141235
0.98
0.901345001451
0.98
0.979589335441
0.98
0.967758460591
0.98
0.934370766069
0.98
0.98
0.98
0.98
0.98
0.977054965705
0.98
0.98
0.98
0.98
0.98
0.98
0.955909016492
0.924019184063
0.98
0.98
0.979779082636
0.977511112342
0.98
0.970761446872
0.98
0.98
0.960440237324
0.98
0.98
0.98
0.966991783843
0.98
0.98
0.978797353286
0.98
0.98
0.98
0.98
0.98
0.98
0.98
0.98
0.963113994304
0.935148570775
0.926776086412
0.98
0.98
0.98
0.98
0.98
0.98
0.968512630855
0.98
0.98
0.98
0.978341017823
0.961352096635
0.969546664684
1.0
0.802135313452
0.98
0.98
0.98
0.98
0.948554666264
0.98
0.98
0.98
0.975741730574
0.98
0.960912896671
0.98
0.98
0.870815979184
0.98
