0.614697262004
0.915133227133
0.98
0.98
0.98
0.977353486993
0.614624649003
0.943027399007
0.834257769012
0.940128788382
0.979895443781
0.98
0.98
0.979
0.98
0.98
0.98
0.98
0.98
0.974743090103
0.964258187898
0.929380561477
0.98
0.98
0.98
0.98
0.967294782594
0.98
0.977317580025
0.98
0.875783615544
0.98
0.953656462054
0.867055577029
0.902764613366
0.950884818924
0.970714321711
0.98
0.98
0.98
0.98
0.98
0.98
0.98
0.98
0.98
0.98
0.977701710594
0.98
0.970420311096
0.98
0.884975447621
0.97711457065
0.98
0.98
0.98
0.98
0.98
0.98
0.98
0.98
0.98
0.98
0.919366439961
0.745935746324
0.882966070132
0.98
0.973202618532
0.941595321589
0.97965077215
0.98
0.98
0.98
0.98
0.98
0.98
0.98
0.98
0.98
0.906579818199
0.91369048946
0.98
0.98
0.98
0.98
0.98
0.98
0.964731271841
0.810478738031
0.894860058316
0.98
0.98
0.98
0.98
0.940719633838
0.98
0.946941013864
0.98
0.98
0.98
