0.823087215501
0.98
0.98
0.974623799329
0.98
0.937631935116
0.960380534921
0.972983048289
0.98
0.98
0.98
0.98
0.98
0.98
1.0
0.84604731583
0.98
0.98
0.98
0.98
0.98
0.798310313639
0.788823629095
0.969401658525
0.98
0.98
0.98
0.98
0.98
0.98
0.98
0.98
0.951767869316
0.979925899698
0.970366563164
0.98
0.98
0.98
0.98
0.98
0.98
0.98
0.98
0.81831996525
0.873760415459
0.98
0.98
0.98
0.98
0.946466528383
0.98
0.98
0.977948908685
0.98
0.98
0.98
0.902816643238
0.98
0.883289229599
0.945640617535
0.82201794561
0.98
0.98
0.98
0.98
0.97769774366
0.846552339196
0.9162200295
0.700546985289
0.98
0.98
0.98
0.98
0.98
0.926262916725
0.98
0.949646441168
0.974197342406
0.970889177225
0.974416910086
0.978762862756
0.979768616226
0.947088687664
0.98
0.98
0.98
0.972442303449
0.907030266172
0.98
0.802442241518
0.895069511729
0.98
0.98
0.98
0.910961361051
0.98
0.926504647557
0.802208393454
0.98
0.98
