0.297111129133
0.39033225211
0.449445423822
0.474350542732
0.412585063769
0.490306201299
0.458948791674
0.53135850605
0.463217406051
0.472235422028
0.414942304606
0.419056538438
0.408254222875
0.470245363652
0.36646954109
0.321604805585
0.40625687411
0.505872660203
0.527047632072
0.388028059926
0.401339525018
0.337972701109
0.374087511138
0.434762187531
0.468588531786
0.560631313507
0.444740408175
0.567010180846
0.485032440238
0.488848129783
0.528739635498
0.398498813273
0.397070780505
0.513581589893
0.566678006576
0.482050953223
0.549727890747
0.548920156028
0.492753643066
0.44817172695
0.549352930241
0.564560960358
0.442270877746
0.413473231397
0.475485864907
0.603106557293
0.495112345042
0.413492364249
0.379796946378
0.497212220933
0.551249627525
0.499365585944
0.476596955182
0.431398143869
0.456287872552
0.58197351775
0.483806101268
0.448763401975
0.497195889935
0.552414412615
0.595543425925
0.509521141588
0.512713785669
0.396963752119
0.364888384191
0.389959779407
0.406799443861
0.380427604782
0.310830735144
0.342518779428
0.374740682877
0.467362765668
0.594567800384
0.548911656524
0.495204769062
0.548708022531
0.636858566785
0.543364348099
0.638802062023
0.58277119552
0.647768631711
0.478767299787
0.534102674837
0.558507842499
0.426547110399
0.444837154339
0.564623838404
0.578281082444
0.623707396112
0.539722835707
0.481398513283
0.510279792387
0.461646913099
0.480231080455
0.500403483124
0.462222948229
0.515781082572
0.478972717329
0.401383501454
0.4238859476
