0.320941912296
0.457177279029
0.505757826876
0.556871908094
0.478618515637
0.42732824245
0.415897410388
0.432916266194
0.423403422827
0.361787157624
0.452666174051
0.548308466331
0.525282196806
0.539296680834
0.413779376404
0.525375623933
0.50628510065
0.584161414868
0.38837634869
0.432550925381
0.488065522604
0.484581786102
0.563252044019
0.587160368258
0.476175275143
0.476536351821
0.491524874569
0.373977250031
0.422800402607
0.425122864018
0.445626699697
0.449988508587
0.430488848048
0.3165342642
0.342940326574
0.34965112815
0.372518828222
0.420063279742
0.518470121849
0.497907200766
0.545712235541
0.516095359257
0.538648264559
0.437604222053
0.49904751144
0.457142171558
0.489598540254
0.378437308438
0.505130885957
0.494050518796
0.469585112818
0.472730219894
0.389073924771
0.473985858133
0.552573946979
0.45132850884
0.514561543497
0.548343564241
0.542148173093
0.515079773609
0.503551867775
0.522581184773
0.538896344948
0.5182866372
0.533075593514
0.489160256868
0.400908624446
0.537679530858
0.515167470302
0.485784241557
0.519467710776
0.505238221216
0.498203861007
0.425082939393
0.385092664179
0.412774564659
0.433991457135
0.551491398784
0.594222169874
0.51753356685
0.42723120089
0.472690402412
0.539922763213
0.402342499931
0.426359173255
0.468897531661
0.497115846949
0.540398537703
0.457573533689
0.464635047625
0.422969477688
0.414977312918
0.449221662545
0.440746025235
0.528137910844
0.444700093379
0.441622245962
0.387842850866
0.463379190773
0.493774761954
