0.809849022758
0.741672861302
0.676742079521
0.718437137406
0.713734256755
0.679049112976
0.748876529766
0.734507103999
0.742953495227
0.751644286117
0.755130943612
0.727737933241
0.724076510791
0.643814610126
0.705533020861
0.702762224638
0.684406105358
0.724667572962
0.640650962927
0.615974278152
0.73601236911
0.733806958967
0.742868666923
0.678964536713
0.705107855609
0.62651967681
0.628378352792
0.676712475527
0.658785426125
0.687374774722
0.591202999406
0.552268842167
0.520371911033
0.513965405172
0.518633316214
0.566100010347
0.604949935361
0.651081034577
0.648686936555
0.634831236307
0.60446931791
0.589026347626
0.526710633374
0.475140832163
0.226516077638
0.0717910231671
0.298447501219
0.280252845605
0.0844607703264
0.114048669616
0.29497743588
0.186294676392
0.199017624172
0.159678143198
0.294707552165
0.407625371116
0.525940189088
0.512580396454
0.542288179106
0.427867522147
0.425262140967
0.457614482273
0.440270826772
0.408119332532
0.40810677751
0.438372926075
0.406360178163
0.420565790367
0.380856201186
0.411772158458
0.406882628417
0.452435330274
0.429707178501
0.376464455333
0.415455624786
0.403233798053
0.425237597078
0.446083520126
0.446449214559
0.464373469016
0.492940110329
0.480920048906
0.469260058026
0.464589459237
0.453797991989
0.406909833227
0.416111318213
0.427948395408
0.433521404427
0.4386532056
0.453110539716
0.435149472927
0.445397158994
0.481888956968
0.455536914757
0.44580077773
0.497932981745
0.479192150531
0.505694126787
0.539651864856
