0.814017743729
0.766427359242
0.748470691943
0.737256933539
0.7029433517
0.679567888306
0.697328820328
0.684643762211
0.667222184277
0.671156419853
0.636989280737
0.636543091036
0.620613974726
0.629398748583
0.626756704073
0.60313037787
0.539518780527
0.553532712734
0.54425340178
0.571661897805
0.561558698796
0.540565470608
0.573763703145
0.592130285169
0.614504663452
0.645329540254
0.645198334058
0.663107823474
0.658368163897
0.595548165124
0.601108920873
0.55816697102
0.538375094373
0.507229147021
0.550627484686
0.575909649781
0.482144102288
0.500152339374
0.469413896699
0.537019873039
0.522790472788
0.551418248036
0.560200454695
0.514370910504
0.549450907223
0.504703324755
0.47118306008
0.556263080353
0.496494051284
0.549476037804
0.531047567102
0.522165823159
0.530819662633
0.539659207596
0.529019441076
0.519841727619
0.506233052468
0.542077125946
0.492211762778
0.516230134422
0.463980934795
0.48247722761
0.573660763623
0.529598887923
0.570507903868
0.564618844563
0.578543641637
0.556306491207
0.56515821693
0.572445235287
0.579654052529
0.58795009847
0.624716026358
0.587766297996
0.530116502615
0.560285536426
0.561598411561
0.506574046719
0.555784801934
0.574264774978
0.532376574895
0.543573380829
0.525535822247
0.489971450191
0.503135613133
0.50760923643
0.492374665099
0.464985941266
0.353392169098
0.396792023404
0.372971947187
0.439508874349
0.434913686308
0.416741767836
0.42100394928
0.448767228934
0.445720914511
0.377886932834
0.370032326449
0.161142225098
