0.314634940798
0.449233413523
0.452378353899
0.614027074841
0.52211300251
0.555675763341
0.584929209237
0.45108823143
0.465430363707
0.521342205529
0.384695493209
0.560238769115
0.474455068547
0.521050025528
0.511663418292
0.543687284317
0.61570681844
0.549013748908
0.566509765232
0.595076093457
0.449679441417
0.45455253504
0.352030421335
0.453956638288
0.45983982807
0.336409658176
0.385236117676
0.350906654627
0.367483846487
0.456860343594
0.41202171775
0.444461484318
0.339646365422
0.346048130693
0.528032528101
0.463749197105
0.477896466526
0.537759679364
0.490294152636
0.492884698206
0.454087299606
0.437052656891
0.357711874584
0.423474457596
0.53113403616
0.479958289473
0.533971536234
0.538796120259
0.442867951388
0.344028171444
0.294480409228
0.417521209582
0.483711882648
0.361867989053
0.365699343169
0.491643593941
0.445914816496
0.560968033918
0.51067655302
0.55395306183
0.472852965342
0.457404781105
0.476547933054
0.557602345294
0.504890319825
0.540826152046
0.530416367763
0.532866075111
0.570359320911
0.421536831906
0.448137881747
0.512854313402
0.52258319739
0.435497318792
0.485340782652
0.45801695772
0.405253800626
0.477033347346
0.513941085783
0.58635950125
0.449466952306
0.466823656263
0.573475250184
0.521108833812
0.574502290124
0.432625511011
0.423169820389
0.558263584987
0.596488454244
0.634439421897
0.510531827674
0.593878594679
0.502467224164
0.497288439956
0.462269801839
0.449710390802
0.434288978275
0.474655300976
0.460570742953
0.57268770688
