0.280567056655
0.441641060365
0.444255066408
0.415308122203
0.446824881692
0.47320568004
0.443303070529
0.419086835421
0.388471763033
0.348419266419
0.410108179963
0.455995250282
0.333749489137
0.383403994344
0.443521694999
0.449796405306
0.390681895758
0.475616974583
0.416932982105
0.429229875502
0.343380704654
0.381447134739
0.442828440971
0.425277090819
0.359230310607
0.346815043532
0.371493084358
0.463812234233
0.39410800566
0.442171224731
0.457912891449
0.328286903229
0.450997140581
0.348495342572
0.32673664693
0.455685131417
0.464047126186
0.336285293559
0.378851439057
0.311159533932
0.318806194299
0.366407357877
0.438063871904
0.37355999435
0.411611875591
0.472482868548
0.474188625794
0.455981776846
0.368597327847
0.381002379914
0.441741563129
0.429865848667
0.411938939769
0.343547182328
0.391658206843
0.284583473954
0.336778249824
0.392486256225
0.385918630248
0.340628929435
0.258602515585
0.326960230832
0.306071605557
0.268597789534
0.287783500238
0.372078089675
0.304775111048
0.269954290238
0.241707499729
0.304869620353
0.352304255083
0.469389719017
0.481685165266
0.540269373786
0.512181078088
0.365611406879
0.279720319294
0.333291637789
0.375588840486
0.382424076011
0.369490376348
0.413015531205
0.386137926657
0.378338945454
0.423143211878
0.477524273487
0.338273915533
0.305006172597
0.381753072681
0.343730789493
0.418124582013
0.421476021699
0.354755609766
0.420635372708
0.392196689707
0.333273374374
0.373465012816
0.529350630637
0.434939774594
0.352376658462
