0.343041624189
0.418081826096
0.463568581116
0.506183215351
0.46428245715
0.354350541332
0.293300984236
0.35712077757
0.375633881952
0.38787053828
0.333041583267
0.383215961161
0.455603185266
0.407184474086
0.41680380639
0.361162152546
0.312271983985
0.339635257925
0.334883724278
0.296528498148
0.376436550147
0.420279545008
0.444657545458
0.349060986691
0.452799636141
0.390670419747
0.410648829404
0.421253412324
0.429283100361
0.441906926143
0.398540958421
0.366428506067
0.414282862985
0.32805492379
0.383812884963
0.4052261141
0.483495085357
0.392470069037
0.421999362507
0.39802805997
0.447759186772
0.407652561035
0.361855024084
0.361549494677
0.368832989977
0.394378724983
0.384648043756
0.340399182341
0.35251658698
0.382979451691
0.406373728524
0.360424846119
0.35939858802
0.346064020677
0.322488078238
0.401496580172
0.395210335646
0.441785320026
0.428425775637
0.394384333028
0.44468611528
0.503884222878
0.446487035039
0.507307343037
0.381947278674
0.419925764398
0.473235168015
0.44988964636
0.427222650259
0.369692171725
0.295386215116
0.396348473459
0.297358029969
0.356307954677
0.387568137551
0.330652473538
0.398650225076
0.360362771694
0.36961677871
0.348747946295
0.265600425108
0.264829622347
0.31610134333
0.349523365002
0.4181727628
0.389931398957
0.422469633432
0.483152818063
0.429863726035
0.375689743532
0.364191143047
0.35095690801
0.349675305578
0.36579200073
0.362173558527
0.37861102983
0.386336360235
0.339702315078
0.335853299453
0.365442040861
