0.321856733057
0.586355745687
0.565876633296
0.482945861641
0.379664130912
0.427423095921
0.529957219251
0.48983922249
0.503467716105
0.458642024583
0.393853357492
0.464487632055
0.345414182825
0.257516816422
0.34693808005
0.316097947273
0.309928265685
0.401464757374
0.490797641983
0.534632109604
0.611031966579
0.461705748545
0.522180364044
0.467588751078
0.539241540086
0.451299494031
0.499342483541
0.440136024317
0.541323483613
0.503059681985
0.529341415823
0.430486878327
0.502946495681
0.599920780745
0.641606430518
0.459431447686
0.553363822246
0.454519142143
0.524340126204
0.515435415085
0.519839240849
0.501098665633
0.450843970668
0.371423704532
0.333309961564
0.253176130023
0.380126106097
0.368406841523
0.316493728533
0.232720752271
0.346704291993
0.358552541116
0.528729123844
0.40792602933
0.379232073515
0.301401955603
0.439616391633
0.340270272532
0.534900070327
0.625910672935
0.574447581813
0.462376023277
0.474036858409
0.512092784633
0.492413900104
0.431984191989
0.503353704773
0.517713465763
0.474655200353
0.504056971685
0.481389818017
0.505032727102
0.50826131238
0.562828371632
0.522889854187
0.532019714189
0.565677500188
0.56568597214
0.597104765074
0.582272476273
0.527685558257
0.549680296848
0.541925739659
0.525490950061
0.519147257846
0.510885197948
0.562823899458
0.517672190191
0.444474186282
0.403671458808
0.351313341616
0.35171885657
0.373532796523
0.46644429673
0.45089116415
0.391743740475
0.329279533321
0.479194012766
0.56768223873
0.488072453078
