0.296509178291
0.467292162462
0.538904342585
0.535591974562
0.447728180818
0.422007847982
0.489962558009
0.376718321399
0.399535150324
0.480312807025
0.506715586464
0.453396777403
0.457636092568
0.443297671771
0.510101009378
0.457384069092
0.421046591702
0.322315923274
0.363672334956
0.319841412897
0.407664797648
0.474969316323
0.478981489047
0.454047591008
0.430612873707
0.354412340331
0.343310176523
0.448464808548
0.529790923509
0.442111171026
0.415813419876
0.469217375718
0.503629216362
0.544420350077
0.473455228971
0.51458769628
0.455516950576
0.444563632434
0.323559000471
0.45838961391
0.50868669538
0.561767160102
0.500651069246
0.42818575224
0.394009308336
0.313464205036
0.345601147232
0.376549380911
0.455765041566
0.342624316991
0.356767335028
0.38785681878
0.416931738904
0.355466522793
0.355806264732
0.383986314693
0.360349886392
0.432149823997
0.411668135347
0.431002747814
0.368299482873
0.401818219537
0.444010284664
0.470599327085
0.406661428386
0.41774746314
0.383508128644
0.457738453668
0.417938303081
0.391800859178
0.377819914203
0.345991637651
0.282460017317
0.337562459254
0.365674701013
0.484859294537
0.468253633365
0.495863434026
0.5022710693
0.493901696296
0.502218526841
0.459327332972
0.506897967912
0.540144541571
0.482308774069
0.4183416553
0.475919440517
0.442235350708
0.453688720204
0.518432868132
0.527185934225
0.523601902754
0.427304963461
0.379358408963
0.446596852309
0.457087942189
0.530069059312
0.44228817318
0.407870334487
0.356567688496
