0.990246530692
0.912833120124
0.735907922864
0.643930638627
0.765285933313
0.754363563271
0.674573947209
0.450994852376
0.643750973705
0.607163363433
0.592207164686
0.636755354959
0.595618125758
0.651032389259
0.68861424844
0.56314194108
0.710198333705
0.73734464373
0.835793636859
0.841045704379
0.86823931793
0.874875833146
0.878983919121
0.887986358091
0.891277010526
0.890014850738
0.891662304594
0.890332366174
0.904451293701
0.889587535503
0.872851289258
0.886387833713
0.823078838596
0.838917796229
0.828403569072
0.760531815092
0.80400986403
0.768755193372
0.631284940876
0.605256416052
0.630195900998
0.621792371875
0.620811843254
0.64298947751
0.688992340695
0.704077638042
0.655805011469
0.657767936556
0.638810960643
0.651115931011
0.753530583063
0.733822652769
0.727917281389
0.421058712799
0.535934842643
0.601937261355
0.414275992168
0.474405333459
0.46018894809
0.347966967492
0.526134374648
0.553656022033
0.337251795504
0.369349467526
0.488276686189
0.537755291589
0.713246851681
0.542208835184
0.523741785805
0.414923444404
0.602120695074
0.445053146949
0.486366288951
0.367664625873
0.265367514483
0.268530116459
0.539531496298
0.439671509984
0.579802217668
0.533706206272
0.599623532149
0.67651917076
0.599753096508
0.266816563275
0.2826491834
0.428327767233
0.421565273201
0.371412537404
0.505958766446
0.280818273409
0.280111886943
0.330567643604
0.313213288645
0.286970920413
0.0733025557351
0.118670973255
0.0270268115514
0.0786523286319
0.0280121239212
0.00349512841738
