0.977780052315
0.926824945414
0.912070661693
0.884963434884
0.864276219035
0.840324347849
0.841796423984
0.836848066698
0.841998116772
0.787438553328
0.732387471367
0.732100648602
0.723752996854
0.743644563971
0.739773260132
0.746945465107
0.765636305301
0.759914764658
0.749745346241
0.746439490797
0.756215309408
0.751697343678
0.746189678567
0.72289561705
0.735707192375
0.734417256442
0.71771803446
0.703417191881
0.694820427358
0.700366912101
0.719494089019
0.699193112851
0.716450258014
0.743084431875
0.731228572651
0.727884205146
0.714106153209
0.733285342668
0.743512306335
0.755799656797
0.74428367424
0.757135218925
0.749485241411
0.742980501288
0.758400923095
0.738554392589
0.751239956186
0.761065481766
0.756852766836
0.760503638761
0.729961532652
0.746569178043
0.732689934926
0.725810722462
0.728612987613
0.74068941884
0.71264646761
0.670050067673
0.664200292238
0.680732020336
0.703054672952
0.697592736823
0.703864298611
0.701482920613
0.718962708072
0.723993665395
0.727022247702
0.745379547731
0.753247613275
0.733685190428
0.732767574706
0.700326917397
0.694979828652
0.702513764547
0.681342495789
0.68227361918
0.662603547718
0.684064609084
0.676373949841
0.67057664651
0.640042415406
0.657435170365
0.668958133034
0.682835162533
0.675387664644
0.700776778713
0.697501095385
0.707166386456
0.735123853156
0.723931632009
0.744439831259
0.764588544246
0.772960932522
0.771360397377
0.75603130078
0.74904551067
0.748729596407
0.749264904949
0.722383003989
0.712594880776
