0.881080407447
0.974269498007
0.978773014682
0.978212384373
0.98
0.970701650932
0.971588201654
0.970262421977
0.942584837417
0.93919613638
0.695031575448
0.959156717236
0.98
0.960936517997
0.92008680749
0.98
0.98
0.98
0.98
0.919788353747
0.972490835666
0.891998093453
0.94016427417
0.91686472631
0.941929016301
0.814037091922
0.875625107199
0.908534249547
0.88439990201
0.98
0.742394159281
0.91075791432
0.963670856962
0.936134600985
0.91153655997
0.98
0.98
0.970313622112
0.98
0.954902299902
0.98
0.98
0.98
0.968673235094
0.98
0.952411202345
0.98
0.885421070546
0.847288983697
0.98
0.98
0.976243364665
0.884221224408
0.976106920294
0.923946541636
0.98
0.856556980034
0.98
0.979706975526
0.948119363523
0.970619715046
0.979198026967
0.98
0.976175674401
0.978198425066
0.922624646003
0.911171014934
0.511616143706
1.0
0.834550120649
0.977700618074
0.959349730322
0.891830398697
0.945849715955
0.966215819553
0.951756737743
0.878112540558
0.922435343269
0.963685146174
0.979145323705
0.713431721601
0.647929945461
0.98
0.98
0.956441366855
0.843387603598
0.567332645652
0.962515501347
0.975766138895
0.653515780937
0.609861571995
0.821912275605
0.975600502779
0.960926612652
0.956092718973
0.830038740096
0.92354003717
0.636154460554
0.828747396899
0.953156255285
