0.515181367061
0.937918120487
0.98
0.940403054709
1.0
0.978915602837
0.978444371873
0.98
0.915806419981
0.849984747563
0.958528160111
0.957877704048
0.242985152758
0.769232323925
0.98
0.939391207763
0.826927644847
0.977092733796
0.940474496509
0.833690253755
0.681956606666
0.922290343448
0.98
0.974129425303
0.633709473903
0.904859181001
0.788363526996
0.918447209351
0.940180947171
0.866374801433
0.928954493909
0.63590109078
0.947768857174
0.974486987795
0.98
0.959712595942
0.847931890719
0.821598852797
0.839563790897
0.903411831009
0.71749065845
0.744958355987
0.918654464313
0.971483976495
0.964032421629
0.952422676735
0.959834124249
0.949607797122
0.868242826611
0.776993074
0.942989153932
0.784373206172
0.795037706999
0.564255967902
0.648022990317
0.623772635435
0.557985152758
0.451985223795
0.609889525379
0.829114169589
0.965341688831
0.974557325478
0.969626245919
0.92879584776
0.782101458819
0.969051971242
0.758929693192
0.367317716489
0.319145709256
0.7848633907
0.973686494464
0.818293501473
0.922365062644
0.897210065735
0.68649065845
0.846059278755
0.850637151209
0.925517172485
0.886000996864
0.974034606674
0.927085209624
0.888473433231
0.91403918638
0.974449404994
0.956089859796
0.878619352386
0.933769065258
0.96791969901
0.967710083804
0.927211052548
0.973620969564
0.967656054453
0.777341232557
0.766864316764
0.964316689187
0.787023406294
0.751376409151
0.633709473903
1.0
0.826234721942
