0.987110805861
0.896865253036
0.736047008547
0.744629104205
0.750315237059
0.31489207426
0.329997549885
0.539726433721
0.583387612928
0.510537688951
0.64692283477
0.603887315887
0.353158279737
0.479594017094
0.342506072874
0.364781826361
0.446523729195
0.453306473622
0.511438529623
0.482259284529
0.516228596569
0.501043072425
0.470429897075
0.501127341917
0.512463994359
0.422904243201
0.469445520419
0.452534472301
0.132821326429
0.00825978407557
0.00437304004409
0.00416666666667
0.0166785510207
0.0893121907332
0.0233274098274
0.0
0.00471037622277
0.0
0.0128825569352
0.0166224544382
0.159215774479
0.10315008503
0.0
0.00446359141096
0.0045110951032
0.0
0.00454818352187
0.14699291498
0.0
0.0517465076412
0.00441565987619
0.0164624867783
0.00416666666667
0.00436376480417
0.0932692307692
0.00420085470085
0.0320587409272
0.0555786621684
0.0882891363023
0.0904428517586
0.0548502024291
0.0906851918384
0.0580537645748
0.136645793784
0.0942792397661
0.0840245760509
0.126318601356
0.274711095778
0.270326758945
0.170608412056
0.257083573452
0.173242042939
0.00852775650144
0.0121964927623
0.00440459487828
0.0
0.0517297297297
0.0
0.0
0.0
0.0
0.0
0.00419310403521
0.0317307692308
0.0364877630667
0.0358556187767
0.0357145748988
0.050210635737
0.00418670289723
0.0
0.0
0.0
0.00447373991724
0.0504358974359
0.0082264957265
0.00416666666667
0.00427192982456
0.00416666666667
0.0507692307692
0.00422953216374
