0.987974664225
0.899635757383
0.825043897165
0.651695796404
0.615220651421
0.639396491228
0.605433334549
0.595897435897
0.623183535762
0.605085020243
0.631794871795
0.645084991064
0.552859379217
0.612338254854
0.597692307692
0.66818002227
0.640466396761
0.387179487179
0.554628157712
0.533516869096
0.502056096582
0.316158704453
0.5001364798
0.484469635628
0.541746048072
0.35358974359
0.394970625107
0.28661895904
0.212051282051
0.0292599190283
0.0791740890688
0.0100307692308
0.0300912280702
0.0198834008097
0.0700377867746
0.0692307692308
0.09956259811
0.0198933873144
0.0101128205128
0.0
0.0211837945076
0.0107398280872
0.0100871794872
0.0
0.0518578983842
0.0527281347219
0.0100256410256
0.059928183244
0.0
0.0199270136533
0.01
0.0
0.0101438596491
0.0198134952767
0.0487677718204
0.01
0.0102094466937
0.0298696283328
0.0982935769778
0.0508282723441
0.0538637617657
0.0301597382229
0.122415623695
0.0204219012535
0.0299724258672
0.0104684101105
0.0197435897436
0.01
0.0200772878141
0.0500512820513
0.0206005762848
0.0208170523328
0.010669185785
0.0624426769504
0.030888981289
0.0
0.0597435897436
0.0515064740854
0.0103542619543
0.01
0.0298302242092
0.12164975624
0.050840263187
0.0292905569537
0.0292890688259
0.0107318750792
0.0104346062662
0.0708917414812
0.0320831761847
0.0198566315303
0.0405668529891
0.020824313607
0.01
0.01
0.0
0.0202541829279
0.030681795966
0.0292307692308
0.0101381016644
0.0
