0.987221713472
0.890337689453
0.651255908135
0.576806305091
0.580218568863
0.714481977524
0.682048268106
0.704807990176
0.681422177238
0.644614664867
0.563261842409
0.58837219973
0.610514080072
0.565399969813
0.659267790057
0.640096762349
0.677157595247
0.619419163293
0.609095816464
0.481179933375
0.577313540261
0.415503778677
0.565630495678
0.557643489065
0.553888342999
0.510256410256
0.58777282951
0.554871794872
0.5030371035
0.616993835941
0.550427350427
0.60037512857
0.163128983234
0.0613583105373
0.212992879809
0.169658119658
0.355319703104
0.257312261654
0.178075393612
0.492820512821
0.404273954116
0.359743589744
0.291763562753
0.411276653171
0.461794871795
0.41916437247
0.319167618631
0.327548338622
0.188974358974
0.383533369807
0.366540496772
0.142266061203
0.0606669066372
0.0197435897436
0.0100307692308
0.0204688623847
0.0
0.0784615384615
0.0
0.0602620782726
0.0
0.0101697705803
0.0
0.0
0.0104056784373
0.0301653864391
0.0
0.0
0.0
0.0101633803844
0.0
0.0105051360209
0.0203179487179
0.0103068120752
0.0102286099865
0.0
0.0
0.038726585695
0.05
0.118436429952
0.0194871794872
0.0106462324332
0.101487259382
0.170553864871
0.241352822458
0.276923076923
0.180795229237
0.22641025641
0.165281511471
0.231350607287
0.164674493927
0.198717948718
0.137220206441
0.0
0.0100820512821
0.0681978026176
0.124631447642
0.167268034033
0.28826686953
0.400769151569
