0.979820871984
0.901174734929
0.821902742397
0.794824388292
0.764642583833
0.764596826868
0.801554121932
0.759470157477
0.676236485936
0.677914431013
0.679880041116
0.664338903473
0.697177132543
0.682678550121
0.716707049856
0.718889882618
0.725285677844
0.719934224686
0.612121634848
0.597781393809
0.626002108816
0.66070736303
0.67786083765
0.690381896609
0.721115132602
0.736047775349
0.737871230618
0.726099462079
0.680469545725
0.715170521561
0.706362340792
0.693004922833
0.664447986277
0.684733379843
0.704326238264
0.675566296546
0.641390066499
0.698621263564
0.72090786574
0.733962793444
0.709756832817
0.704735872614
0.671138349798
0.68517856549
0.748389677639
0.710321787985
0.771176309843
0.757939296225
0.731930087154
0.715345179055
0.699737983485
0.73917681339
0.766237747625
0.74921134511
0.737941291827
0.660380218148
0.687175588983
0.659454080115
0.673033050518
0.60976734271
0.615022482474
0.675116979642
0.66832645339
0.661982278132
0.670601888641
0.666888523412
0.651270671929
0.639526420692
0.659657157651
0.654704966879
0.687087271102
0.682212827589
0.657782836234
0.626559896828
0.607563959999
0.624451785439
0.659469818843
0.688089517759
0.706770240961
0.682231564805
0.693107612026
0.604177422729
0.639063700966
0.658303209493
0.681309923316
0.667403896829
0.714877396992
0.74148060985
0.751692643485
0.735329607263
0.704416087205
0.662738127363
0.709124692988
0.668282103303
0.704934067119
0.684439230266
0.612387297393
0.54964131616
0.594757714531
0.599517218239
