0.980739774732
0.89921797432
0.823405970534
0.766815310879
0.79009346783
0.759308973534
0.690018380437
0.639636936453
0.594901401637
0.634040361113
0.665847188601
0.694630798608
0.736808814844
0.796789996668
0.752331851039
0.78782250139
0.722826839616
0.753824593944
0.726363115765
0.737795249125
0.729790612661
0.697591466205
0.721823938594
0.703722916048
0.66495835376
0.687382848545
0.702778487321
0.654306537927
0.682671468408
0.664916655507
0.672877575916
0.677352940167
0.67344453795
0.673897452264
0.67445239976
0.670676654375
0.693849934075
0.621189145774
0.627556776427
0.623409534896
0.615860429192
0.673083834811
0.622876539985
0.655219798068
0.657863728885
0.627499552959
0.657861468339
0.596254471525
0.616171373518
0.584043359982
0.590848661433
0.593445135352
0.523292249818
0.586333384467
0.664588322009
0.702532119156
0.688140273279
0.681930019528
0.67119696807
0.691638359622
0.658056431111
0.646152586435
0.680786951394
0.681691738023
0.669966793427
0.645252967471
0.654957756711
0.735985642566
0.772000965769
0.735170111201
0.737461662822
0.739381472386
0.761480998391
0.626532176883
0.594494895883
0.642659056684
0.610285683639
0.644860026766
0.639316749862
0.674779446371
0.693126394478
0.719433978003
0.746033931235
0.695567641208
0.684793294256
0.659105263934
0.612952832685
0.617270349725
0.64485288084
0.541967404607
0.512587957649
0.548389724137
0.584303072475
0.559485097107
0.602270736425
0.655315049565
0.630387178577
0.620303472934
0.572940285728
0.547142810223
