0.979008046851
0.913562245587
0.872324016049
0.8213549385
0.79126505875
0.731932389595
0.758868132882
0.769992266121
0.765341880785
0.753581257874
0.762978015693
0.77331619865
0.741616061277
0.672441317626
0.64626690271
0.631513290166
0.677647827339
0.668922640785
0.621484880956
0.63588257644
0.690263365397
0.669092366731
0.663435429736
0.632206461065
0.653657738124
0.62109525752
0.5994488155
0.607640031142
0.548348811647
0.611705076661
0.537694654198
0.526254360958
0.455573009451
0.485727216884
0.46869325441
0.532670354164
0.535003230646
0.638392135645
0.64910742177
0.652177225269
0.678846428665
0.705792727093
0.725276123588
0.719736001512
0.72617999293
0.725579189947
0.718476665754
0.722701722165
0.629678171221
0.690292773074
0.679632694061
0.706548245498
0.68839021232
0.668355890131
0.71586271092
0.68227227415
0.639875658647
0.595708749106
0.592221921731
0.613448099725
0.589932099792
0.574246659004
0.530686090318
0.515079238655
0.556431163516
0.611449569136
0.605508801442
0.670194484149
0.700817047617
0.652911265834
0.696281125995
0.705110688345
0.680768602781
0.701387637841
0.704171246948
0.665720713884
0.679401997259
0.645282691594
0.638142161069
0.627288931224
0.643930679914
0.678266296909
0.703973542394
0.684431836051
0.68567147042
0.715171641449
0.746827925511
0.75444728093
0.75127734676
0.66476930043
0.663411563983
0.619976950393
0.676344581447
0.706502490535
0.705899142126
0.688199467961
0.63187175306
0.596666281687
0.526382619174
0.605660652058
