0.981593242371
0.916193476325
0.883064776487
0.828130511266
0.827934240907
0.780699680297
0.732022891866
0.731866901768
0.698872342165
0.658565304111
0.662017896615
0.69722656755
0.799477974565
0.738606753609
0.771669012705
0.766274304078
0.780257842224
0.775980121231
0.722008312132
0.73446466077
0.708949547287
0.716297791697
0.790794663409
0.797314930276
0.786497989498
0.795277445174
0.781611073973
0.722802829815
0.693193242484
0.668282347495
0.714382662318
0.725310488542
0.698829089453
0.709219128758
0.683241660255
0.726787367598
0.71801040083
0.723375398361
0.708808228599
0.670774725751
0.624647207796
0.604534550747
0.681843847106
0.717166543527
0.716206583435
0.697739320968
0.691021912441
0.681122420962
0.676597803848
0.677269275102
0.667702815955
0.715434401103
0.710140739888
0.712082050889
0.701255353629
0.706734706464
0.696664085161
0.729962115969
0.698299636728
0.682585821087
0.694653461903
0.677475268139
0.689156887826
0.675055701826
0.664666418183
0.620054683794
0.602580868603
0.621257539817
0.596088375184
0.617945073199
0.626934263688
0.605762327007
0.637293250558
0.61698451659
0.652623239198
0.647919139059
0.65506176696
0.608029155859
0.60936239798
0.549367173833
0.601469673549
0.563165415143
0.624404815267
0.608037426064
0.615463808223
0.596433767103
0.593266115308
0.594246336104
0.604098623125
0.580455729542
0.599656276156
0.600672997587
0.69468757763
0.687453691172
0.689067043508
0.700227559177
0.666458492227
0.689040300072
0.72882421706
0.699870330582
