0.719269728876
0.782381686152
0.940501480978
0.962397247212
0.962042580079
0.983748996986
0.984983698078
0.984880354458
0.984986830309
0.984845633869
0.984886086837
0.984999998694
0.984999999951
0.984836259173
0.984993590889
0.98499882233
0.984999999743
0.984999622028
0.984999867884
0.984999999951
0.984999926511
0.98499999827
0.984999999999
0.984999999979
0.984999999999
0.984999999997
0.984999090304
0.985
0.984999271894
0.984995140407
0.984881274534
0.985
0.983652038839
0.984205273247
0.984986830309
0.984999795796
0.984999996834
0.984999763066
0.984999984283
0.984919838187
0.984999999982
0.984998784312
0.984999920211
0.985
0.985
0.985
0.985
0.98499999961
0.984963631976
0.984996680146
0.98499564033
0.984999034395
0.984999929288
0.984953619669
0.984999999289
0.985
0.984999220408
0.984999985578
0.984999998826
0.984999999993
0.984999999984
0.984998640818
0.984999686637
0.984981857497
0.984999483455
0.984999803618
0.98499982757
0.984999691063
0.984999998708
0.984997109106
0.984997139454
0.983980371253
0.984895720422
0.98499705712
0.984657381822
0.984999836513
0.984920752078
0.984993788273
0.984999933011
0.984999637504
0.984999997857
0.98499999998
0.984999999999
0.984999999506
0.984999999997
0.984948633066
0.984998509255
0.984987456651
0.984198328523
0.984672340146
0.982106960449
0.984202222312
0.984996321086
0.984999344247
0.984999828115
0.984996618278
0.984562119003
0.984637479106
0.984998900581
0.98499973895
