0.71821940039
0.775084163275
0.799824521188
0.876490023673
0.946794507841
0.979622179385
0.954410583888
0.961615972734
0.984442704539
0.984986830309
0.984999795796
0.984998814875
0.98499916472
0.984998723015
0.984997500698
0.98499985696
0.984999999637
0.984999999967
0.984999998758
0.984999999955
0.984999940004
0.984999987993
0.984999973394
0.984999999561
0.984999906609
0.984999884627
0.984999995603
0.984905143096
0.984999480314
0.982324656553
0.984824846744
0.984964308252
0.9849974953
0.984999358816
0.984983200764
0.984999733226
0.984994577783
0.984930732853
0.984999005023
0.984937807089
0.984843902041
0.98459263396
0.984999995352
0.984973508398
0.98499999235
0.984832834793
0.984782772667
0.984999999996
0.985
0.984999972078
0.984992373645
0.984987927071
0.983936851109
0.984647369426
0.984177263706
0.984942576614
0.984998678782
0.984930222862
0.984976854928
0.984999999951
0.984999991629
0.984799358401
0.984695118175
0.984995559917
0.984732798113
0.984854521054
0.984982441086
0.984289711431
0.984980829923
0.984996993012
0.984999899909
0.984999965443
0.984991321043
0.98490017836
0.984999998184
0.984999962382
0.984999939489
0.984999999992
0.985
0.985
0.984999533506
0.984999966221
0.98499999646
0.985
0.984999999969
0.984693116495
0.984306127346
0.984999765202
0.984999835152
0.984999402481
0.984999963956
0.984998399999
0.984999998215
0.984999879107
0.985
0.984987912659
0.984974339808
0.984664379097
0.984213123231
0.984858649608
