0.979923340132
0.908647006476
0.879198141679
0.84390305747
0.837108935153
0.783086034542
0.777781953272
0.776488376659
0.788118954194
0.794689789789
0.755330726265
0.701961921962
0.750558928511
0.709550467844
0.681679967207
0.600979197111
0.567927293613
0.562192967574
0.614914932529
0.643279040605
0.643055892541
0.637933623408
0.634826004481
0.672303788489
0.694032318884
0.691240849212
0.710288431048
0.659320641327
0.670939288008
0.682183439428
0.671289909286
0.711378848715
0.721463732331
0.702421155465
0.676656598532
0.64294911294
0.71098118115
0.610945558849
0.596378066956
0.615972996968
0.517327469923
0.570188749766
0.650865304386
0.589913855341
0.600752060814
0.59733634782
0.629214648713
0.706877616412
0.699619322179
0.642004166282
0.64574716444
0.669325893563
0.655747105527
0.684396477619
0.655664971803
0.580228320751
0.578228282421
0.560609699557
0.567585930371
0.567077270975
0.640733315277
0.578784248446
0.599182869944
0.603426165363
0.577871198279
0.603201876238
0.590229979011
0.643898926071
0.63083774353
0.640552675363
0.691614059921
0.698478697003
0.630512625865
0.514163460737
0.502377528106
0.576792944382
0.667919503114
0.676886804576
0.676722949681
0.680935077585
0.666171487164
0.657619936406
0.672930294208
0.672782634044
0.683056681988
0.705749713232
0.672284531131
0.688915414436
0.659220261877
0.639138583792
0.642868124961
0.638737767661
0.616767463564
0.618490083498
0.614927255564
0.638646651093
0.602132550792
0.547934874239
0.61158770087
0.636539875246
