0.975696642978
0.829959193476
0.706224036901
0.718621278234
0.715788763472
0.70947690196
0.657082759855
0.720840942568
0.67812656286
0.714920081597
0.65610560656
0.583888472632
0.616231225517
0.664715139598
0.637720297501
0.710431016247
0.712145850476
0.650709521481
0.615683619458
0.657829648249
0.586283019372
0.626606679395
0.691480121239
0.63856006322
0.67082086178
0.634160490444
0.68482898113
0.519672556777
0.569958200515
0.591803761557
0.654001680636
0.676825536686
0.652212349768
0.621723969106
0.671471438492
0.684742692384
0.657766498519
0.62511586639
0.674337309637
0.683385963325
0.633889958481
0.649909076453
0.65692031425
0.687866457102
0.676856306111
0.725944352953
0.713981015992
0.720679621365
0.725190627268
0.742605834553
0.713001213167
0.723977078659
0.718757342127
0.701261171808
0.688045318822
0.551450996163
0.569718358969
0.566204147588
0.613147981842
0.610451422791
0.621283183369
0.639755804758
0.70270892304
0.696452572104
0.632412376532
0.700377545561
0.650934337826
0.638928237551
0.66760734558
0.63432717956
0.598521849773
0.603713870082
0.607829511979
0.614655474018
0.600073404562
0.656696047709
0.715726128615
0.708363187735
0.679874720562
0.710644551889
0.694973082897
0.677983482777
0.6673519978
0.605284808567
0.688999724812
0.696774654369
0.685925769736
0.636405815123
0.673888708817
0.691808647947
0.71399018207
0.710269720685
0.650752414244
0.637532838134
0.657372721063
0.687929188797
0.690552883119
0.69076522856
0.696149651605
0.687982210334
