0.981304885794
0.899930825357
0.854419086781
0.869111212519
0.827947124986
0.694533232028
0.70058991888
0.726987139616
0.658530427743
0.628370506404
0.689462232529
0.701344888949
0.696653923979
0.721799073095
0.715479002669
0.800603842236
0.747305284267
0.666119862343
0.685094084215
0.652816759139
0.676585446264
0.608665226951
0.644972769034
0.638978163764
0.63636587893
0.598986857457
0.635974600278
0.622767571228
0.614742447599
0.757648543398
0.679026020761
0.663958998258
0.61354430596
0.652852040261
0.603345859122
0.591272712827
0.641452006196
0.587031802719
0.61601315352
0.64180586615
0.728835452362
0.609115472871
0.580101793734
0.601015932358
0.579068248037
0.517022640013
0.533003820952
0.574486965034
0.734752854887
0.636230397226
0.698110849768
0.629232507442
0.608088754702
0.589616010237
0.562942907287
0.494801784523
0.528019174729
0.542955033209
0.759320831557
0.694421643122
0.576270038772
0.609581942038
0.635937675615
0.676439984936
0.671675964965
0.687728809951
0.705903073793
0.719768407619
0.698223678239
0.740745496049
0.700245720899
0.686147239645
0.707300381399
0.679073933319
0.691725408473
0.67111337489
0.622425881898
0.594481829764
0.603328426536
0.701513307315
0.636252658505
0.6197421007
0.631095104326
0.640065374362
0.604627803896
0.625908452067
0.645459546289
0.796540741592
0.749185530066
0.680057656011
0.677096663057
0.7298245793
0.733241998053
0.654516113949
0.660458069652
0.584833539944
0.608585340609
0.705513468343
0.639309276615
0.648934676716
