0.977162946844
0.934990641118
0.8516602644
0.811731749336
0.710220786874
0.711483050021
0.698866605467
0.789730598785
0.77659057256
0.64819250711
0.635322039777
0.703783085664
0.713580496061
0.69941710497
0.700783253416
0.673700759583
0.677254627034
0.655011043167
0.667022251691
0.61131299383
0.589801907926
0.581448821105
0.61773475816
0.773917891917
0.646238723967
0.664860019058
0.627475709247
0.67251777484
0.653708144407
0.674733900605
0.700791372923
0.689254438837
0.695918209849
0.725571942348
0.725760564327
0.755394333903
0.75280126349
0.738821661726
0.735913100011
0.740616450054
0.729047984835
0.724458001872
0.672964143822
0.646336465979
0.677683755967
0.689529366951
0.64594362294
0.642691876633
0.58259625027
0.595559441646
0.62471686998
0.677152974596
0.643389708116
0.643872263411
0.684435046929
0.645219615755
0.716450398197
0.710550812096
0.700777400247
0.693781236167
0.687103343806
0.783947573654
0.666854426223
0.580064028779
0.619144956465
0.720601487071
0.639204201597
0.684115594749
0.693157323336
0.726299167403
0.806846954704
0.725068322939
0.720263548861
0.845772299039
0.781529033831
0.799551793622
0.789666123066
0.727555802761
0.679709207918
0.666544874089
0.60383965915
0.533134121291
0.565461231851
0.510839832188
0.478193364071
0.488676780027
0.508967821749
0.530462394295
0.57469042401
0.698913793914
0.700951226409
0.690016666425
0.703888859636
0.709329602422
0.706697367025
0.643004810509
0.625943920037
0.686056192205
0.700004752981
0.696971273074
