0.815018315018
0.806167213739
0.734627548775
0.69891186058
0.619676811331
0.551700077398
0.526338378049
0.474765021726
0.444420537748
0.453034735688
0.418874713977
0.436744998479
0.408191547065
0.418649933911
0.423686290482
0.445328174646
0.400015266857
0.397241932265
0.425776497588
0.404994587168
0.406800654566
0.411264069908
0.418742858205
0.400650283628
0.416145693582
0.389973994077
0.391309147982
0.371550937933
0.38693936518
0.337621250848
0.347570847595
0.355582903129
0.360507541631
0.376243136324
0.406115956118
0.405671848905
0.381360509985
0.400331276653
0.391145445559
0.406494864074
0.355278060159
0.398142191467
0.338628026642
0.328677254149
0.308095174306
0.348475299211
0.357925157082
0.340644966862
0.33372854484
0.322984697294
0.306095846911
0.327481418369
0.2939418825
0.288975953397
0.283041897884
0.277304490017
0.260261516213
0.291033270922
0.323967254393
0.317903978836
0.30928832613
0.324280170812
0.335723240424
0.307009309211
0.305660859419
0.364336570374
0.340000208185
0.348630480704
0.322790663061
0.3186060151
0.368094586846
0.335384382971
0.348028199397
0.365849562684
0.344020977705
0.334608632107
0.321979951533
0.324707230541
0.321468766061
0.335465905061
0.339432802488
0.353363675393
0.373094701209
0.378079945321
0.395134873378
0.354046674927
0.352817524381
0.331999984685
0.363092190984
0.395589446779
0.395289261099
0.424988321974
0.379088543554
0.329335149821
0.32110680923
0.33617811538
0.322980055192
0.346140015418
0.297738452183
0.305636293643
