0.979830998456
0.911628541073
0.854342304922
0.8208743923
0.795883176661
0.723465514998
0.680579886984
0.685409727512
0.671642342974
0.613917971207
0.671991210793
0.711919140915
0.707253060995
0.616791975973
0.666603332129
0.666169980237
0.582168790506
0.555308682889
0.554300724882
0.627645103789
0.545540320941
0.543857733932
0.550038550954
0.566273657914
0.649534799393
0.670148365204
0.634676874028
0.696216456691
0.664836909791
0.653368068504
0.651670307618
0.655843666178
0.652860573351
0.676711129954
0.651639023435
0.64489989303
0.667365350884
0.603722512065
0.591460317605
0.619501031348
0.595819071674
0.698204246394
0.654900762581
0.599032568841
0.558098618641
0.594109802612
0.54365592242
0.561559262381
0.537336437737
0.586111524954
0.546012375124
0.624158138448
0.569697988938
0.5208602658
0.560309529033
0.499648725884
0.546385373626
0.536555970441
0.557917498365
0.578147920005
0.566471267123
0.584879215878
0.654732644188
0.69089256161
0.630868550543
0.65458488558
0.622579582293
0.627570566819
0.652101808499
0.643481214912
0.575516028003
0.628188496009
0.64700017609
0.640676413137
0.655034509857
0.660491230668
0.65920495349
0.620894133545
0.640132994752
0.62340197906
0.624362427058
0.626722984837
0.610937056124
0.626000777242
0.660717115114
0.678051552429
0.672492395782
0.651887772347
0.690509159244
0.640438356823
0.679174424552
0.708770140422
0.635575887862
0.660225601263
0.633182952978
0.656448554949
0.667424644536
0.709212427991
0.715390916471
0.671729487895
