0.851226111283
0.956908348033
0.98
0.940039751342
0.920903738095
0.656712874186
0.738168939661
0.80771466882
0.896593282699
0.762985152758
0.948154658184
0.901133128465
0.974815205852
0.916235002434
0.942269967613
0.967245250709
0.769161696885
0.764807394959
0.618715233168
0.859865080555
0.950651418384
0.882422582016
0.978763591383
0.96647118384
0.929968714599
0.923030642041
0.98
0.98
0.974565599621
0.969123050406
0.977304500529
0.98
0.972245114228
0.96608054127
0.974129425303
0.98
0.98
0.98
0.98
0.98
0.970577756911
0.971497805736
0.968903413989
0.958098543101
0.959813438391
0.98
0.98
0.975229050244
0.948867957904
0.870745071502
0.927856121418
0.829202235961
0.902092463968
0.756621584751
0.946000787767
0.870179531569
0.970823409909
0.975513634101
0.891335753635
0.832579488966
0.979853951251
0.956085478476
0.971781263282
0.910212380076
0.884219276849
0.868854403593
0.98
0.98
0.967799688149
0.909670747022
0.97432959118
0.931066818219
0.926300878368
0.97742523899
0.914392630178
0.976401308576
0.979795764178
0.916621602492
0.98
0.96155421313
0.878400949904
0.900121559787
0.940942402994
0.90639337761
0.979782038468
0.926215340478
0.924985118997
0.893497207173
0.956114938036
0.979398075202
0.96116683681
0.975165608017
0.969763112315
0.979362028844
0.855627508651
0.943901790563
0.967272224369
0.972899356243
0.942478209267
0.98
