0.610055554252
0.832504796397
0.9782746954
0.98
0.940769804213
0.98
0.937706469387
0.953493032844
0.971789859374
0.879098933358
0.979693814694
0.896230903257
0.94902673353
0.878924486219
0.98
0.971706682326
0.98
0.98
0.978595068209
0.98
0.98
0.972557199261
0.92356825213
0.979
0.838186958097
0.739566759194
0.787291099067
0.98
0.968296501896
0.956164969243
0.908409571927
0.98
0.797784892238
0.98
0.934048287209
0.98
0.98
0.870655058027
0.979598684459
0.98
0.98
0.897970962046
0.979797976527
0.886287522957
0.975572651043
0.98
0.98
0.9782746954
0.98
0.98
0.977076271124
0.903354199768
0.98
0.973584433841
0.934006184887
0.976522261187
0.867092764902
0.939615859498
0.837096248332
0.974714152078
0.964799751223
0.98
0.98
0.98
0.98
0.9742746954
0.961750710381
0.974024187947
0.98
0.897393524092
0.890317403605
0.9640850123
0.900891040365
0.82846952376
0.98
0.964632676411
0.98
0.98
0.972546704447
0.824176465528
0.890638452124
0.98
0.98
0.98
0.972056169797
0.98
0.966636445748
0.78638636329
0.929818771259
0.97433964639
0.957808752566
0.759726955115
0.946986234669
0.975344438301
0.98
0.98
0.977355952863
0.922290343448
0.97174679191
0.978381357476
