0.827745657705
0.9019615233
0.98
0.972432026231
0.959600137886
0.975533184888
0.828422091652
0.970129425303
0.927852366968
0.963905442673
0.974857987444
0.867367656201
0.859753214002
0.98
0.958300354041
0.98
0.98
0.98
0.977706975526
0.98
0.98
0.945050280796
0.817353622595
0.979128301325
0.979508314097
0.971673019623
0.971340596741
0.979
0.926734694425
0.973881500526
0.975263343957
0.932471327164
0.971688409541
0.979799544925
0.97977039056
0.906694270531
0.968528238836
0.976512519715
0.878178163062
0.98
0.885278965512
0.98
0.954680040275
0.978684945652
0.98
0.98
0.96952861722
0.98
0.98
0.975807389041
0.979
0.97701959656
0.91465077601
0.98
0.98
0.940951837784
0.932243247248
0.882213269044
0.98
0.912616383815
0.90591041462
0.944140373461
0.967715313142
0.825824376673
0.826682884145
0.97007947732
0.953069225758
0.98
0.959000159211
0.820541434406
0.962827342897
0.837427570432
0.830559963021
0.975688392469
0.797460911572
0.866732740181
0.98
0.947731361678
0.924481129882
0.977274753793
0.911045322035
0.946755586158
0.966546030479
0.804972839835
0.919978995919
0.797724636084
0.96722757218
0.82846952376
0.962372694922
0.825993722715
0.862930883275
0.98
0.98
0.94600328417
0.958907971242
0.969698630787
0.937872193673
0.8399387027
0.97618327173
0.797603344484
