0.777139888065
0.979250943967
0.978605527834
0.979760743204
0.98
0.946754894046
0.934576321548
0.847246815427
0.833863494946
0.580893596171
0.879803534928
0.960754521777
0.894459526483
0.860853479357
0.819792546614
0.960991845535
0.884932989987
0.906842400306
0.98
0.978602897252
0.98
0.870182999095
0.98
0.98
0.925715707613
0.963240534993
0.863426267458
0.98
0.793057286299
0.979980266787
0.98
0.98
0.978143370781
0.96575183042
0.98
0.943586000307
0.970354067796
0.930863114628
0.785432061805
0.883607481557
0.97353142631
0.963085314709
0.956428314079
0.98
0.877917287787
0.914470972975
0.821112713073
0.854578303318
0.853529519774
0.819749006787
0.578394417661
0.855293025816
0.900867457434
0.971508215916
0.892403419994
0.890908779201
0.98
0.944930488178
0.98
0.978386563039
0.935002881011
0.968841458336
0.928478192614
0.979603597242
0.794217473926
0.963245578008
0.861154562298
0.98
0.98
0.958065450594
0.98
0.93017286999
0.98
0.967167723259
0.946335547176
0.950100733961
0.944847595379
0.98
0.98
0.937723296363
0.942097341478
0.923877325132
0.98
0.977706693839
0.961114824032
0.94518072544
0.904337120187
0.97436806264
0.975413251488
0.929391046871
0.98
0.98
0.886821240678
0.61048757847
0.970164906756
0.98
0.98
0.98
0.975014058583
0.98
