0.94576396637
0.989932567918
0.989919825652
0.989947316422
0.989942793844
0.989947316422
0.989932567918
0.989947316422
0.989942793844
0.989937888188
0.989926799063
0.989947316422
0.989937888188
0.989947316422
0.989896321849
0.989947316422
0.989942793844
0.989889845969
0.989947316422
0.989942793844
0.989947316422
0.989932567918
0.989947316422
0.989947316422
0.989927491305
0.989859487907
0.989947316422
0.989947316422
0.989947316422
0.989947316422
0.989933192719
0.989947316422
0.989929253886
0.989932567918
0.989937888188
0.989937090495
0.989926799063
0.989919825652
0.989947316422
0.989942793844
0.989937888188
0.989806051634
0.989947316422
0.989898464034
0.989940537938
0.989947316422
0.989947316422
0.989920545057
0.989947316422
0.989932567918
0.988451855975
0.989844865171
0.989423993365
0.98651821876
0.988748455796
0.988544060985
0.920047322843
0.969728880834
0.989947316422
0.989947316422
0.989947316422
0.989947316422
0.989947316422
0.989947316422
0.989919825652
0.989889845969
0.989862137794
0.986350367611
0.980470960505
0.629451439838
0.904445171921
0.854040530865
0.877978313908
0.826543986284
0.967357248089
0.884134111016
0.940376306665
0.825582679361
0.880622370263
0.985859929215
0.989639669968
0.989927491305
0.989947316422
0.989947316422
0.989937888188
0.989947316422
0.989947316422
0.98890678703
0.989932567918
0.989947316422
0.989947316422
0.989919825652
0.989947316422
0.989947316422
0.989932567918
0.989947316422
0.989919825652
0.989312190783
0.989947316422
0.98991267536
