0.935759122758
0.989889845969
0.989947316422
0.989937888188
0.989947316422
0.989932567918
0.989926799063
0.989910486895
0.989937888188
0.989934574156
0.989903965396
0.989898464034
0.989708444122
0.989932567918
0.989942793844
0.989863257499
0.989947316422
0.989941547567
0.989947316422
0.989947316422
0.989947316422
0.989885835324
0.989947316422
0.989947316422
0.989932567918
0.989947316422
0.989947316422
0.989910943932
0.989947316422
0.989942793844
0.989947316422
0.989942793844
0.989867445227
0.98993132164
0.989947316422
0.989947316422
0.989937888188
0.989947316422
0.989932567918
0.989913766574
0.989947316422
0.989947316422
0.989947316422
0.989941547567
0.989947316422
0.989756686152
0.989912451626
0.989942793844
0.989898464034
0.989947316422
0.989906421354
0.989923395817
0.989910331832
0.989947316422
0.989947316422
0.989947316422
0.989932567918
0.989947316422
0.989919825652
0.989912190209
0.989947316422
0.989947316422
0.989932567918
0.989870415549
0.989947316422
0.989947316422
0.989941996152
0.989947316422
0.989919825652
0.989919825652
0.989913766574
0.989906421354
0.989947316422
0.989947316422
0.989932567918
0.989926799063
0.989947316422
0.989947316422
0.989922416136
0.989947316422
0.989947316422
0.989947316422
0.989641185791
0.989942793844
0.989947316422
0.989906421354
0.989947316422
0.989926799063
0.989947316422
0.989947316422
0.989906421354
0.989942793844
0.989947316422
0.989947316422
0.989921410121
0.989947316422
0.989947316422
0.989930128354
0.989937888188
0.989947316422
