0.9385621913
0.989931848513
0.989947316422
0.989947316422
0.989947316422
0.989947316422
0.98993132164
0.989947316422
0.989942793844
0.989947316422
0.989947316422
0.989919825652
0.989947316422
0.989947316422
0.989942793844
0.989947316422
0.989898464034
0.989947316422
0.989841846988
0.989932567918
0.989942793844
0.989947316422
0.989942793844
0.989947316422
0.989762726435
0.989947316422
0.989937888188
0.989942793844
0.989947316422
0.989870415549
0.989947316422
0.989947316422
0.989926799063
0.989932567918
0.989947316422
0.989947316422
0.989947316422
0.989937888188
0.989937888188
0.989947316422
0.989947316422
0.989947316422
0.989906421354
0.989937888188
0.989947316422
0.989919086844
0.989937888188
0.989947316422
0.989947316422
0.989932567918
0.989947316422
0.989947316422
0.989947316422
0.989947316422
0.989947316422
0.989947316422
0.989947316422
0.989947316422
0.989880515054
0.989932567918
0.989947316422
0.989919825652
0.989942793844
0.989947316422
0.989947316422
0.989898464034
0.989947316422
0.989947316422
0.989947316422
0.989947316422
0.989942410765
0.989937888188
0.989870415549
0.989947316422
0.989906421354
0.989947316422
0.989919825652
0.989932567918
0.989942793844
0.989859487907
0.989947316422
0.989932567918
0.989947316422
0.989906421354
0.989947316422
0.989947316422
0.989947316422
0.989947316422
0.989947316422
0.989942793844
0.989906421354
0.989947316422
0.989932567918
0.989906421354
0.989947316422
0.989460949737
0.989888091537
0.989947316422
0.989926799063
0.989947316422
