2.033629333e+271
213.967878101
5.83189706493e+023
107951.641385
5.40092032138e+262
143.320563434
1.20077726012e+042
5.72702825453e+012
337201.792624
4.47111946849e+063
7842235408.1
165217.839175
738974.596519
4363.54151457
5.65179164689e+014
1.6150940714e+021
13.4034435548
37928.1933366
10.5392770672
35.6774717728
33.102587308
23.1009712356
1345218.43994
22.7665356752
28.3729214677
32.4904706566
54.6564710557
39.0875273997
71.0259706365
58.1153584663
1.08923193475e+063
3.18756089361e+127
5.43600764381e+141
71494230408.8
3.23057798382e+013
1.35195814086e+013
8.04952235651e+160
6.54764982724e+236
8.94477158348e+089
30.1560725142
34.089419042
601.155531341
2.85141903034e+036
3.19069242831e+283
21516293.2493
8444.80710138
1.89405493173e+015
96.4380316693
1.31236204993e+035
11.8114125719
16.3784988506
1.83138159723
1.21565266841
6322733.58246
537.444872682
21898434.0166
1.75940811319
3.38499536386
0.78937612487
0.46288458593
2.24802400848e+248
0.127918521054
0.0688133438371
0.142247095606
0.2657422139
0.198103480411
0.122147029336
0.127647067921
0.200194061012
0.277620224421
0.284728520608
0.358251467447
0.0219162804856
0.0146383702748
0.00082970314727
0.000651685393258
0.0
0.0
0.0
0.0
0.0
0.0
0.0
0.0
0.0
0.0
0.0
0.0
0.0
0.0
0.0
0.0
0.0
0.0
0.0
0.0
0.0
0.0
0.0
0.0
