7.84149685428e+284
1.89132160366e+090
3.20731071507e+128
1.92252659437e+024
20.0817787537
1.39008025971e+020
34.6878977722
208083774.512
35.0948580636
8.8374772254
18.3878610215
2.64411185275
1.97775533052
8.55653876348e+038
1.44169463929e+017
6.63084420964
2.21099408768e+206
51774.2032484
2.33371017007
2.53489320752e+034
3.98275802449e+064
2.48358915757e+065
6.57156449305e+296
4533433783.43
2.29635404985e+062
7.79229799426e+063
6.77777959335e+023
6.02349947446e+174
6.88152026553e+273
2.4907009226e+253
8.46320740897e+278
2.19004222337e+061
24.445790961
17.5304833391
1.50758521476e+018
8.3303460179e+019
5.47454480669
5.08522015459
4.17039307909
5.22963792982
4.55458133604
3.19464423105
1.07372324797
1.34010158137
0.972014949638
0.874132835252
0.957026653654
1.48114168763
0.555631777662
0.696406100678
0.751931347755
0.991901199285
0.339942074368
0.305477929553
0.290182124949
0.283836246695
0.561696600048
1.05578087755
2.05252749222
1.4720065943
1.76321043548
1.0588105097
0.380136785828
0.104906205621
0.000649354756473
0.0
0.0
0.0
0.0
0.0
0.0
0.0
0.0
0.0
0.0
0.0
0.0
0.0
0.0
0.0
0.0
0.0
0.0
0.0
0.0
0.0
0.0
0.0
0.0
0.0
0.0
0.0
0.0
0.0
0.0
0.0
0.0
0.0
0.0
0.0
