0.823509877208
0.735571529533
0.681572106597
0.678323079547
0.607744154611
0.591655550078
0.555377300662
0.517219489817
0.483531927165
0.459109004808
0.389851261288
0.377898709637
0.367946335301
0.399648891988
0.406702304445
0.385974818671
0.323769530328
0.2930976898
0.227161502881
0.345852315076
0.185788360787
0.217572914784
0.176058392991
0.217183002569
0.282391032536
0.28707704364
0.280155601372
0.353217381478
0.41355734582
0.415585797816
0.442259806963
0.500419328041
0.416762109689
0.272717179574
0.276046492463
0.370868009351
0.16654077722
0.246951805098
0.199461601819
0.269314184104
0.264911925557
0.197053098731
0.192510096458
0.069126514354
0.0935384135148
0.12442982078
0.168590105192
0.103202595114
0.175206689503
0.0959020265365
0.104940867288
0.211762839045
0.181487405478
0.102785568874
0.139483480137
0.247235498528
0.242609146472
0.148595271178
0.196318299757
0.19826297901
0.0859747213399
0.112967721685
0.0900430386948
0.0301454135785
0.0704553593057
0.0733648845795
0.0925722965413
0.0499908494653
0.0776932087966
0.19295129785
0.123686084473
0.0913267227763
0.156349947159
0.0556912013017
0.0220038904791
0.0600299983189
0.144277697694
0.0810629008344
0.126565623838
0.166622009675
0.116251680156
0.105570648296
0.167262202207
0.137492819879
0.0694110296664
0.0705105539317
0.110225150671
0.0659745850554
0.0876212252987
0.0367426626276
0.0348856049122
0.0821893410591
0.0740557584635
0.105349006545
0.0671281186735
0.045495209293
0.0630335957438
0.106137284568
0.108053529818
0.0870395129106
