0.821502893288
0.76558642273
0.678028834935
0.587238296134
0.564735618028
0.54661674313
0.505917435837
0.55159663708
0.494260002143
0.52563787052
0.533151613724
0.530300564255
0.544837878643
0.537257485461
0.531169098257
0.616242517108
0.635916988424
0.635621267965
0.579300871374
0.49409613251
0.398981070747
0.454361477364
0.477926338803
0.437488181497
0.462533248123
0.512930718985
0.518755911337
0.528431682247
0.568872118974
0.562508012079
0.560909490698
0.558489744278
0.511063320462
0.508127558415
0.409349226662
0.297160746504
0.349064150014
0.342858098546
0.177754132541
0.272520647994
0.121022777424
0.0919096713771
0.190973898508
0.144689646811
0.294186654383
0.352416295201
0.336050927684
0.302135998634
0.213432472892
0.168546304361
0.107926954877
0.122644485002
0.120965081728
0.135807027484
0.125864583149
0.213906449009
0.38827470967
0.288480733032
0.157984451405
0.28250060581
0.144408620945
0.133877957728
0.262134077166
0.247610507163
0.264125545254
0.276886611937
0.27294182861
0.296707602847
0.314821348415
0.325608179272
0.325500269634
0.349737787888
0.37636204785
0.324331050167
0.198485471014
0.0143954932291
0.0224259650942
0.0
0.0
0.0
0.0
0.0
0.0
0.0
0.0
0.0
0.0
0.0
0.0
0.0
0.0
0.0
0.0
0.0
0.0312295779556
0.263312885521
0.0
0.0
0.0
0.0
