0.823489941778
0.73104029615
0.562708957207
0.459043742469
0.533734810906
0.32387341215
0.456650649485
0.550822264083
0.446158265162
0.498750104939
0.500865873335
0.560285403889
0.461814174236
0.494683238355
0.502961362213
0.630475677781
0.541120396167
0.435588213212
0.460695575614
0.475607144917
0.439235186313
0.431039001042
0.486420076619
0.583348253991
0.581906136367
0.519358734071
0.535094508345
0.548162030177
0.526016969999
0.504307499103
0.469507339233
0.532186721803
0.54346798934
0.403072032019
0.447173564645
0.423861373499
0.565847109341
0.519344624027
0.466720867179
0.476327404864
0.358108084876
0.295748234495
0.272976772603
0.276705044356
0.269154748634
0.302743458321
0.364208713385
0.42459597358
0.459677677258
0.404711470751
0.272391011962
0.267476160341
0.32258925895
0.342490322859
0.393523220479
0.332394419804
0.295764587445
0.396372886119
0.383251155665
0.397834388243
0.408567610958
0.305357020698
0.326463219091
0.334492773087
0.368714571328
0.329433292481
0.335218519639
0.386848287167
0.345261777344
0.385546801356
0.343502840246
0.335616638417
0.283488525208
0.297956962372
0.293850920884
0.311774887994
0.325325290421
0.310003755986
0.503576911661
0.476720024361
0.355828808977
0.314395546852
0.255503620479
0.367224640425
0.361658633542
0.32295751427
0.35876774615
0.412411973702
0.402478070723
0.369967722228
0.388476347511
0.445546704517
0.491556428725
0.287928140399
0.167398054405
0.194924264517
0.180070587096
0.274214665967
0.231083897618
0.353564099924
