0.82194266493
0.790385783019
0.596231499934
0.590608044793
0.575267648662
0.531958415301
0.402607413955
0.379445347042
0.221394264042
0.142982967318
0.140580205961
0.215769744444
0.400225060549
0.315151146108
0.408168856598
0.252174285283
0.322950639843
0.40254890906
0.194025198736
0.186432271112
0.043144713875
0.123674216023
0.0926982422172
0.20664399759
0.0956725406471
0.0781204748549
0.0626252299982
0.0538289751998
0.315227920893
0.073717379539
0.0960555862145
0.241076643638
0.198813371961
0.176186656501
0.21904184887
0.171911650645
0.211292061794
0.285937420071
0.298185028615
0.269031469262
0.248285854713
0.214027565696
0.154845645269
0.204781478775
0.125543937047
0.202242579422
0.205292621395
0.156074596661
0.121027481945
0.225737322478
0.279642202748
0.216874802517
0.0822489931499
0.142667406093
0.197566007048
0.314625136693
0.456941332771
0.289856614673
0.322754803473
0.321125415957
0.28971748465
0.331695476656
0.306375822562
0.379734995077
0.395770240594
0.36043796822
0.357544055809
0.311590638807
0.292721308942
0.363218092489
0.303094347987
0.339973180968
0.40895789274
0.292817564884
0.382062226066
0.347017155692
0.311151790361
0.258597612755
0.25663467118
0.28277644287
0.259961751911
0.240922412115
0.25864177669
0.294257918294
0.314733964492
0.296352112275
0.314998584643
0.290906636421
0.293827376986
0.296604930336
0.364850021012
0.367589519178
0.351950316341
0.374230358189
0.362796068761
0.34230400062
0.359118168168
0.348084122006
0.331333087503
0.357829754863
