0.82298595012
0.777042795363
0.73028068205
0.633214280045
0.710769674261
0.74664555272
0.724307231187
0.758485784172
0.696608812359
0.661261987064
0.614438174692
0.316889426562
0.225972617319
0.254550544401
0.246743273976
0.268285054349
0.279959532442
0.268589809169
0.238426487072
0.201539811532
0.215085227595
0.187673502397
0.116826412858
0.2592558959
0.374245019572
0.221476687603
0.183255952408
0.197412147008
0.167589801047
0.0879881135304
0.107464567618
0.109080257157
0.0848635029892
0.157394246477
0.148473101573
0.147834378358
0.0862884319753
0.0882237693067
0.0373547711274
0.105852495863
0.245912995605
0.277579185881
0.0854282195773
0.0504802407021
0.0879803111894
0.0668966688273
0.00811921160758
0.0934643699761
0.0425139124059
0.0391468754101
0.100743180485
0.124146204271
0.0965708352492
0.0873978474495
0.086886356852
0.0717625047464
0.108225737467
0.196659065811
0.355425810286
0.275773602646
0.218248257531
0.171966104319
0.0420862182656
0.0494632148395
0.0535732855323
0.0730275972031
0.0950603409907
0.0385487586605
0.132446982044
0.219545139703
0.283696569198
0.292228965377
0.390389822415
0.206409298766
0.0301104761288
0.0677382357062
0.114171591186
0.141199506097
0.143923991726
0.109997051553
0.207680609832
0.140928471389
0.14965902018
0.0753948877888
0.147341686015
0.359012816426
0.136600602542
0.0337577107032
0.0912096300803
0.0684002338333
0.0604149640517
0.0662335172313
0.0274682382864
0.0718782132603
0.201293903269
0.211959953065
0.24942315334
0.0536678130504
0.0908185327392
0.31307041462
