0.979159303632
0.942934603129
0.86989488594
0.776742642324
0.775365109123
0.794421431471
0.786252476665
0.795773259566
0.802871316126
0.812858037241
0.802678187025
0.78954521589
0.784840923045
0.806945100403
0.822388802571
0.818585541684
0.816170390948
0.797074038018
0.77918369791
0.785119840705
0.774049235787
0.750336096899
0.727634094508
0.723862641799
0.719647716994
0.713245240188
0.724069849973
0.7063708899
0.679270821876
0.693240078508
0.675335741479
0.650160105828
0.665660386524
0.640519750155
0.680374338493
0.707753103723
0.704141645126
0.694600981215
0.696844067323
0.71233814796
0.724211454743
0.735045005152
0.703740426785
0.684770172486
0.679747046252
0.674313782238
0.675326398277
0.656403984064
0.694869687391
0.703188595665
0.695659558148
0.682618911804
0.671583217399
0.669738787539
0.698362077875
0.710823781152
0.74298950045
0.734795643883
0.745570013753
0.741514643012
0.752532958659
0.737583083396
0.745776059941
0.76465242589
0.737026914392
0.74459465515
0.741492292661
0.743103216937
0.730372957012
0.722675800756
0.724982793764
0.733397668419
0.734592349429
0.720027056688
0.715703898583
0.692271244345
0.684526947661
0.696437036696
0.705878411918
0.68912966415
0.701701675026
0.672386082677
0.657215534401
0.656878933973
0.684974364064
0.698012046158
0.705555477778
0.693559388319
0.667915913681
0.658868337408
0.639440231953
0.66148667271
0.685853177981
0.717451697114
0.724617260967
0.737139894403
0.731577674184
0.670530670735
0.713179737037
0.684610356223
