0.976992884453
0.947687920973
0.907456973785
0.859450726055
0.840072730917
0.833357349769
0.83143725288
0.811907887226
0.810690524094
0.782067034738
0.767675766643
0.742679496377
0.722993825694
0.715579566591
0.742116313367
0.759955067586
0.771814526618
0.744709429991
0.766209792615
0.750771654861
0.766467331181
0.743384147758
0.713498661276
0.682869556823
0.716126196168
0.742539556212
0.728932070539
0.741197024348
0.708738897993
0.720880896821
0.702527253085
0.705062745231
0.711447711857
0.691510400261
0.712722377457
0.732961077813
0.731130672732
0.699155284707
0.698461052167
0.706182903325
0.704925980622
0.701940639136
0.707184227587
0.697724107903
0.704812699734
0.699682882914
0.669751273481
0.624668059194
0.615661112939
0.649715857315
0.638180588554
0.614058481866
0.630615302429
0.619967532468
0.613466612329
0.599526874539
0.624630662066
0.606010305988
0.584327143556
0.582863349358
0.644268677059
0.637675839679
0.652134896625
0.677398087326
0.683722538694
0.6807061341
0.681473788495
0.67984338707
0.68064148241
0.671862958667
0.665308859733
0.653454059995
0.6630736284
0.676192062288
0.66705506771
0.679262561613
0.662447283225
0.649796722687
0.622358505701
0.616783458545
0.607795817876
0.622526946919
0.628823794139
0.659766086723
0.668119423182
0.696661594899
0.685863408656
0.704552591392
0.705638229353
0.675498327776
0.6631917764
0.676413981497
0.687326651503
0.678221254664
0.69049558462
0.681390280366
0.66915931929
0.650426740339
0.688698606306
0.674225751598
