0.683195146522
0.919055399687
0.98
0.970680197974
0.968725394391
0.918359172516
0.979
0.88282169756
0.98
0.98
0.971255253599
0.979508314097
0.970121091585
0.978794065956
0.952959789755
0.910048726077
0.91197181488
0.956543164463
0.977125650732
0.952763751164
0.928329819444
0.84036835829
0.475202188428
0.841594550883
0.949316185363
0.931587017905
0.98
0.854616338793
0.876386547545
0.915383950066
0.976828040014
0.97576725587
0.979296717963
0.978000015473
0.973299486672
0.924329422451
0.977961505149
0.98
0.907070638679
0.979129168986
0.98
0.96952393638
0.835219467067
0.98
0.975038956737
0.876617227042
0.957649874629
0.856124183175
0.933330797619
0.9669903225
0.98
0.978203294875
0.979346231749
0.966212938714
0.973360984526
0.951802628778
0.923942448187
0.887405921712
0.978727400927
0.98
0.98
0.967825620498
0.947734253403
0.883779991793
0.899403403254
0.917954522157
0.913800216658
0.973170689248
0.98
0.98
0.98
0.98
0.98
0.98
0.98
0.971171141257
0.98
0.98
0.98
0.98
0.98
0.98
0.98
0.98
0.98
0.98
0.925297055144
0.941000539794
0.98
0.98
0.932038622719
0.98
0.98
0.918839929718
0.98
0.967484881158
0.98
0.98
0.911597776514
0.974080461372
