0.894807112614
0.968717353183
0.962072114741
0.98
0.98
0.98
0.979604032432
0.98
0.98
0.742945983654
0.609886905988
0.893346601629
0.979974174291
0.938045843732
0.956473507008
0.833779483138
0.896830443239
0.98
0.958071605359
0.949619621235
0.945705330038
0.948055554084
0.97579655589
0.98
0.893371445095
0.978591660475
0.98
0.810115218056
0.817286686226
0.791046891328
0.610192545278
0.815713946648
0.892158658885
0.937861387834
0.969321538478
0.961791199098
0.761994529698
0.856662625704
0.98
0.92563378011
0.979795592968
0.923561323113
0.765577264711
0.874824388928
0.794371959602
0.946836087317
0.979775736198
0.853842959426
0.754167775013
0.779570984797
0.897655836597
0.979799766098
0.98
0.98
0.811062534802
0.963647823655
0.879393570243
0.98
0.98
0.979350938034
0.98
0.98
0.98
0.98
0.98
0.98
0.967129425303
0.98
0.948136716786
0.98
0.954548298825
0.98
0.925477831393
0.893751248993
0.846358381164
0.524652133402
0.738207643406
0.957018719552
0.849861492949
0.949892563041
0.864836654048
0.734969416137
0.843210233829
0.969440356141
0.968341604768
0.71749065845
0.84591185454
0.609419007698
0.905223466378
0.98
0.98
0.97178023261
0.98
0.901093967669
0.574164896234
0.382861924398
0.242985152758
0.322985152758
0.335985152758
0.372770578936
