0.650418538454
0.923734980675
0.98
0.943705881642
0.974823252059
0.799403179089
0.956582040229
0.967919697953
0.961702724498
0.98
0.926506256344
0.968630393897
0.974362642465
0.98
0.98
0.89288008875
0.979
0.896230903257
0.962372694922
0.98
0.98
0.960412043467
0.901470719662
0.976892667052
0.98
0.95355512439
0.98
0.958924041191
0.889109095641
0.974552993766
0.890420746513
0.968440969465
0.978221007804
0.974272164488
0.98
0.98
0.98
0.977584521751
0.98
0.961321695724
0.98
0.98
0.973260323911
0.98
0.98
0.98
0.908810109272
0.956944177818
0.936413401986
0.742945983654
0.98
0.836762857693
0.971419595156
0.868272656734
0.974380212247
0.98
0.950734253403
0.961517542138
0.951366305183
0.975307636563
0.98
0.98
0.948347308215
0.98
0.98
0.98
0.98
0.98
0.978543252235
0.975555333249
0.951624613797
0.9527222076
0.977790824911
0.979129168986
0.895614930436
0.97576725587
0.97892586247
0.971020116078
0.875853695
0.860095238985
0.972756808597
0.91101166649
0.971419595156
0.98
0.926011439367
0.98
0.9728862856
0.98
0.977191838384
0.97399003423
0.971366400043
0.964926272507
0.98
0.956434167226
0.956851615436
0.98
0.972007290553
0.934168057018
0.975641025081
0.946581627284
