0.810014954143
0.764502255302
0.744681245575
0.694607566524
0.582103348349
0.578838580358
0.475981909354
0.313953744883
0.188119588822
0.150573489748
0.191908115702
0.282980562766
0.108973659099
0.164709356765
0.333158433245
0.383890640237
0.302599851896
0.183137315279
0.179912231149
0.194356560343
0.29314723738
0.471702777401
0.36373468764
0.214220618413
0.242690907003
0.147358641605
0.0757040148355
0.0293627493741
0.0650401351612
0.0393540132235
0.179580601706
0.0647756510741
0.0237130497702
0.0829370997226
0.158126161528
0.134836837734
0.0844010885349
0.28538087452
0.0896632320459
0.157043125544
0.204466236889
0.106428565719
0.0443470673475
0.0282010032074
0.0909852062696
0.0626535964378
0.0858305189906
0.322495030202
0.194523188015
0.139986584264
0.110431891907
0.0516855173386
0.0695399823438
0.0363494121742
0.028717062436
0.0857073019506
0.116435806554
0.122012361841
0.12645907408
0.117508274356
0.0811589791664
0.0764101141794
0.098242675847
0.0479232428814
0.0437174621661
0.0383283625738
0.018693798381
0.0729833021425
0.0484071248532
0.0301145968107
0.061224859513
0.0584746940015
0.0859863959627
0.10634473885
0.200481575427
0.105654547521
0.445443019847
0.247545021991
0.152090054363
0.140081143178
0.161110297221
0.0717625611168
0.0728920201153
0.06907142302
0.119957464572
0.18345186126
0.274493124656
0.333145698404
0.324165543819
0.303541619503
0.327636613103
0.372928259106
0.282306753086
0.224893682794
0.147335147143
0.123801552656
0.258022628007
0.525071848174
0.32206659912
0.245779632803
