0.811393857003
0.735096996434
0.683733178301
0.681531590746
0.674858715254
0.655674631252
0.58935995005
0.582560627411
0.539600646638
0.592128162831
0.55080430755
0.486633962188
0.375005324517
0.444168724034
0.569769786931
0.58949081179
0.545294442052
0.342488798095
0.276660100295
0.242315803423
0.18023060996
0.195955295092
0.223953152006
0.277462246142
0.124719237913
0.21202987769
0.173208827095
0.110951518613
0.0690672431981
0.0629825157385
0.0858157663822
0.0724141181411
0.0982777614169
0.139527638384
0.188410456633
0.0590251084245
0.0609735967908
0.100572024322
0.0539276619638
0.0277686859525
0.0243395061588
0.0418953489484
0.0195531429121
0.124220111601
0.0488733585553
0.0908897198137
0.0561885088316
0.198497475871
0.162166864596
0.145739592386
0.0819884577648
0.174755949134
0.21040970611
0.244104211031
0.379279008126
0.35971579035
0.320087392329
0.275715338729
0.245536557897
0.284440479744
0.262206721656
0.278482943827
0.251560698423
0.20862247155
0.17236121606
0.231766622413
0.1395554122
0.264680376005
0.172745539767
0.133261373832
0.0675844970417
0.107310672212
0.0710072194861
0.0959873197466
0.138677671216
0.109583643904
0.159205913271
0.290681302512
0.183839173207
0.197652706456
0.191328571764
0.316875990319
0.325221828854
0.32599941476
0.302580961627
0.239758393031
0.29849825927
0.292395532542
0.216346950258
0.248832240645
0.121986834112
0.158122647115
0.138797183295
0.175270031186
0.138276544551
0.236556632435
0.236918517754
0.141791276283
0.136943989529
0.194354146726
