0.340614359353
0.387562286785
0.394076906188
0.327821843011
0.39862183741
0.538351325317
0.457095429145
0.452277413544
0.528616820448
0.507209607793
0.415391103999
0.415928089883
0.44170904655
0.389119878212
0.391604857141
0.404698551581
0.303311898641
0.226342028278
0.513023360254
0.445297630698
0.537799050128
0.520348916192
0.569670659253
0.479509392274
0.391933635736
0.437542114711
0.343060396397
0.365382592437
0.386504775131
0.36003991294
0.514786127999
0.400336936276
0.345176204348
0.326940177738
0.561074082106
0.472302351046
0.476675930875
0.498110766952
0.451501659582
0.363358188841
0.331818087769
0.302412589546
0.487809848801
0.594706454216
0.462862318937
0.502001049803
0.487146392349
0.590555262517
0.54972837368
0.512752805921
0.488640082287
0.490518128327
0.618721577612
0.478300874951
0.491960572259
0.485770825436
0.443695523003
0.448104802124
0.52801090613
0.397505066048
0.428589251312
0.411797125332
0.361203546052
0.504740970987
0.383940466679
0.353497507628
0.369237751965
0.530383338953
0.546099456023
0.385093789839
0.433152134142
0.455986900697
0.409707074292
0.35781444488
0.563806144677
0.519941065358
0.470736772614
0.538264635192
0.539121129878
0.482501045906
0.470173518704
0.434393040665
0.469367017521
0.484835889256
0.46758367267
0.44505258239
0.566884744217
0.352172074216
0.446826160374
0.412460319812
0.431168672728
0.432809423131
0.335206731307
0.543765049766
0.56176621982
0.537448151203
0.547652524141
0.440344706926
0.458021076574
0.433733743931
