0.321518372455
0.395094678927
0.471768676788
0.345795194142
0.281856170704
0.454047932778
0.497278823913
0.586870318657
0.522804268849
0.453890493343
0.466997539828
0.309073794143
0.228427302748
0.25700277117
0.530950756019
0.509653618902
0.405998493334
0.286566149446
0.425339118839
0.447023901861
0.343080037446
0.345305869976
0.471842211039
0.369644171115
0.32378356132
0.319302136526
0.425572239896
0.56999783015
0.487748965445
0.389701983712
0.444902114893
0.499781586476
0.483794436354
0.415067914976
0.382736157869
0.29597562213
0.405302435873
0.35456064339
0.334797457754
0.31357949554
0.456978273584
0.438020459898
0.444456862933
0.416694964618
0.464225069263
0.428557719312
0.565399371491
0.606525118958
0.532578006722
0.478700049901
0.469173698193
0.423698952827
0.532912983001
0.457822019662
0.51468654185
0.455760572548
0.436231406316
0.475396851642
0.495640595125
0.412531029529
0.376108172855
0.43577048922
0.50405763622
0.474571540276
0.332331646671
0.35090235798
0.507209243977
0.434546288051
0.336564030442
0.319327528166
0.42322344616
0.351360886774
0.350507156588
0.393923794049
0.339606755499
0.387411200071
0.518267361254
0.552625626478
0.567082772199
0.537006382432
0.462440376474
0.463757428605
0.514284953747
0.574060762391
0.530355215134
0.568145753828
0.503116436183
0.491011893884
0.339044049864
0.351473875526
0.405240078931
0.489553117567
0.480610321301
0.486198002612
0.529336774795
0.527563913357
0.486523035442
0.42396625345
0.450466476316
0.507153164235
