0.989627594628
0.92585451717
0.75511149669
0.669017094017
0.624145299145
0.272600539811
0.443369259948
0.278846153846
0.0
0.00833333333333
0.00847143499775
0.0513505124558
0.0167490121701
0.00833333333333
0.120385460649
0.0969084156453
0.120133076686
0.164697322829
0.0301267950432
0.0171510579405
0.0504871794872
0.105341880342
0.26396965012
0.318803418803
0.384777327935
0.217031343084
0.22930814215
0.156334147913
0.156544259702
0.197049446207
0.246936792075
0.264942624775
0.197752878384
0.344871794872
0.388717153881
0.528105323641
0.0432613585245
0.0
0.00864851693799
0.00842180034285
0.00854966504967
0.0084077822762
0.0
0.0
0.00852299668089
0.122660109502
0.0
0.05
0.0
0.0
0.0
0.00896484554379
0.00840170940171
0.060377759483
0.0664682921788
0.00879446739973
0.0
0.0
0.0169314395367
0.00899965143928
0.0332148180569
0.0083547008547
0.0581196581197
0.0776860558037
0.0453211875843
0.0126666666667
0.0
0.0974358974359
0.0
0.0
0.0
0.0
0.0
0.0
0.0086349041349
0.0092087172567
0.0
0.00843793996426
0.0168018385143
0.0269999116919
0.101248299775
0.0358264803265
0.0328187134503
0.138247863248
0.110042735043
0.0214946018893
0.0
0.0
0.0
0.0
0.0
0.00849460188934
0.0
0.0
0.00837606837607
0.0
0.0245726495726
0.0503846153846
0.05
0.0164741340531
