0.990331705332
0.909294989263
0.826873433584
0.811486172118
0.84198540149
0.853863515916
0.793847133426
0.775494168795
0.77278602928
0.80504317763
0.731327552249
0.767975200906
0.797036979142
0.804354746156
0.833488940077
0.820918225918
0.833298162246
0.829178683889
0.79430118667
0.815572020835
0.800359370359
0.801794113663
0.792661172161
0.785805860806
0.696125881231
0.819362008377
0.820993064038
0.866377113088
0.85181795445
0.84630009814
0.858297034101
0.86913044913
0.870370689371
0.845561567641
0.817707267128
0.820695970696
0.768833622518
0.820867965131
0.844047529568
0.793502336923
0.663995683075
0.704961827646
0.612347306242
0.604907403644
0.597276653171
0.632299615984
0.68114093272
0.64393608762
0.729242621862
0.721009433667
0.716504186056
0.744773619774
0.750981299402
0.718385671131
0.799060246771
0.751556776557
0.726348151837
0.736171390013
0.872344491687
0.892169365722
0.872613067155
0.861006567174
0.862379468903
0.857304255094
0.813461538462
0.83310391363
0.817808367072
0.852777777778
0.895791564844
0.877185614765
0.899914979757
0.769132837291
0.77909584078
0.780601889339
0.843108739195
0.877560016894
0.856669365722
0.876923076923
0.852375388657
0.865370408002
0.76227213043
0.741863801048
0.748164681454
0.743779677885
0.64167079494
0.588536896642
0.516289893132
0.56761553051
0.569098187256
0.546547487777
0.550194916208
0.622073739442
0.563979082321
0.520969346443
0.547841951796
0.585820157381
0.704403539868
0.634235492578
0.713276069592
0.786465222307
