0.243666218135
0.349516469402
0.453144029308
0.558288666465
0.525087288436
0.540878552041
0.45808538465
0.47403574677
0.497582706589
0.586787429074
0.541587096332
0.517460854586
0.518710177357
0.613762864971
0.589236084988
0.562420569285
0.539647631934
0.509361846978
0.543055701365
0.565052852882
0.574343321962
0.49408351572
0.373890012601
0.26836594413
0.404762835283
0.486740175189
0.343049461291
0.379237157073
0.580230480093
0.492865124142
0.429066845495
0.325173913268
0.459664528332
0.386266846731
0.422256000292
0.577304198188
0.577336336851
0.59062361774
0.491294835303
0.469608305554
0.531066021062
0.564219684341
0.616231758421
0.579031171188
0.590063273671
0.456231150089
0.571153459674
0.628419748921
0.665884276925
0.615214525751
0.632076243945
0.58756529451
0.591818651855
0.476017233917
0.578606651711
0.526695716754
0.496129281208
0.514895211102
0.529706332664
0.565313636215
0.562190583692
0.66965204919
0.662880960278
0.741552783996
0.612618795357
0.611022907457
0.647199021125
0.633251225475
0.627982795122
0.647991514214
0.717606054991
0.614497232482
0.638926794318
0.733349498636
0.717206700749
0.650423725764
0.643053729358
0.624581719457
0.6097329015
0.676656890897
0.627995571026
0.660296439713
0.65898754064
0.652454438053
0.690443284912
0.591732402799
0.715742943354
0.644397510806
0.553970554123
0.64491318972
0.634020858603
0.598080237166
0.582157365365
0.667517111148
0.668302322003
0.632569080638
0.484283437735
0.620860514354
0.641196852975
0.550131949735
