1.30716109161e+251
4.97460887501e+260
1.80474861371e+245
2.8750782796e+253
2.17621705179e+253
2.20984256391e+282
5.19606788286e+019
1.59830269569e+031
9.5614290934e+054
1.23796044845e+088
4.23130991598e+290
9.75479328067e+054
298.010978774
240.621866424
7.4711936481e+138
15.4142819234
3.01369138528
1.73517641906
2.12840535974
5.71744895449e+176
2.31939642873e+296
4.56380402102e+252
65373.2065228
692533368.631
1493348963.82
2.02571025706
1.75400254583e+013
7.71937471042e+013
1.83063592349e+025
1.69827327445e+021
5.42076374335e+211
1.84052853087e+020
5.87951282335e+017
8.32982308432e+210
1.62124776844e+033
910563409046.0
1.77684109686
4.2560451798e+023
18379571947.4
1.52910129147e+015
3.04182032183e+019
664999906.076
16421593222.1
6.65592796392
1.3595844551e+062
3.74685524347e+126
8.96823449464e+148
2.19526980139e+020
2.46163163766
2.00252318248
2.12594724029
2.50863259011
221079063862.0
4.87537331916e+018
7.58048050184e+030
27.5535016865
5.02781819849
4.6849302962
7.9360465059
70899076621.4
3.96050773053
2.70067626318
5.07008251431e+017
2.70521564205
0.795281679604
1.63970397559
2.62777199862
6.60558334409
3.41572851945
4.88928163543
1.15582129816e+062
3.53925269481
2.00779019687
3.77935054328e+031
1.92258707814e+033
1.61146902402e+033
1.35734903119e+269
1.15609505569e+240
1.39862192986
3.88773085412
1.23759495028
2.0218831306
2.31715413786
2.07370853724
1.02648676373
2.69783164277
1.43725384104
1.31003473372
3.38968046722e+058
3371356.54182
2.18827157146
5.43592394924
827.421481023
1.48911108781
3.04433493869
2.49332730454
1.41537081802
0.907393727061
13.8937273426
1.94859116087
