0.9900997151
0.897712127913
0.852706552707
0.80745014245
0.755484330484
0.796304300252
0.652623016539
0.653316959064
0.627489533258
0.718652578625
0.685025504857
0.620965301334
0.696743859649
0.671163052931
0.55603988604
0.624871794872
0.739914110061
0.660338881392
0.752739181287
0.743579307242
0.718337022042
0.717407407407
0.724832628503
0.740925556055
0.706391294398
0.709716725633
0.763447293447
0.741138097612
0.693602833603
0.724577026419
0.760146162087
0.707806996268
0.647875466984
0.720726717744
0.710784865837
0.680704720915
0.721030955382
0.741277812225
0.712593885576
0.681355201464
0.737696726889
0.716775481554
0.682396281302
0.707490298396
0.607339554399
0.695299145299
0.637843738475
0.697797972061
0.641285249622
0.565963954238
0.598716329285
0.633333333333
0.625538823844
0.661533593513
0.70292802276
0.704773884816
0.581268556005
0.587722250185
0.511082029398
0.504882080461
0.511954903892
0.57465544735
0.563076923077
0.558256964657
0.55529608637
0.585855060729
0.582051282051
0.574192165445
0.592157624831
0.607948717949
0.578807095354
0.660531775037
0.649230769231
0.690138899223
0.595359056685
0.673800065653
0.72942970003
0.764985894396
0.742126913958
0.685463551811
0.686725775978
0.708610120242
0.711631780769
0.659905124844
0.664797461429
0.643557624831
0.535112550607
0.598675230696
0.529111470985
0.623561099561
0.614856913594
0.67202995743
0.706491007144
0.617520647773
0.627389561221
0.571627530364
0.494966261808
0.442659802312
0.420682618883
0.529337651822
