0.828328647792
0.944892089285
0.98
0.98
0.979579266634
0.98
0.968802240944
0.921819168688
0.889010033608
0.967120464287
0.884553178535
0.803866419499
0.618086414629
0.830936407379
0.872402069527
0.913241969861
0.853790834739
0.836658520141
0.877053690687
0.98
0.98
0.896976783942
0.897052696279
0.901541966873
0.91220086981
0.844568271263
0.885183636304
0.915490093566
0.88265322262
0.811161566968
0.968016034331
0.491722605341
0.695958012745
0.841323426934
0.805425839226
0.888294131241
0.880173112603
0.939627261662
0.860133655908
0.911644087338
0.949308298985
0.838411530983
0.965129204056
0.931718327943
0.839270744382
0.884601001536
0.971964108832
0.960936437188
0.939007058718
0.961540792623
0.962891572052
0.741385362802
0.752061082773
0.810895983689
0.819406781703
0.810202192145
0.651406823899
0.903691141647
0.468597213442
0.782734306802
0.876459395488
0.95349394586
0.895450738109
0.957098909103
0.880718144014
0.969562260686
0.811333511264
0.974542045029
0.936277617878
0.943690127731
0.862130242362
0.919238908253
0.839911426091
0.905205062318
0.947043542202
0.919348942535
0.866122461454
0.863376244982
0.893969916934
0.853189008081
0.873953089887
0.827434019888
0.788624901234
0.960106141695
0.967244630118
0.90555752381
0.858777339474
0.863545004867
0.812771518351
0.548569990435
0.521624901234
0.686624901234
0.835599396289
0.943932141166
0.907056317247
0.900907761804
0.974307173089
0.79716267257
0.906091902677
0.833997580932
