0.671624901234
0.690325131461
0.95595556769
0.975440967035
0.933984118321
0.83703279637
0.350859778763
0.803075396259
0.962127147788
0.890823383135
0.955692515208
0.822769218337
0.98
0.789406781703
0.718939287092
0.90239655861
0.842373998706
0.784886494774
0.848524706459
0.819032574198
0.779189384844
0.937714418389
0.930030780263
0.98
0.98
0.967563255459
0.828778733473
0.98
0.967624570871
0.797964690889
0.768639182051
0.968889538802
0.973934576606
0.872888551324
0.937743825102
0.98
0.969466248659
0.861369998628
0.946349358327
0.820545846407
0.948924436602
0.858377049975
0.977349555834
0.898966945446
0.923900704292
0.826157535722
0.956484720368
0.951692801718
0.978454678456
0.970577649399
0.965812451584
0.98
0.883537921685
0.961746770148
0.893192785143
0.98
0.976501540528
0.752686811116
0.771439197148
0.916365870403
0.98
0.90841918557
0.916990692454
0.98
0.98
0.974556105898
0.939516316484
0.848292163207
0.977101166195
0.928044340706
0.974993406033
0.959307801436
0.98
0.820016931654
0.929999708208
0.98
0.890823383135
0.977832151274
0.880482419048
0.885124401294
0.969787334422
0.82931342644
0.83777960921
0.971600000116
0.98
0.977384623848
0.956036163972
0.809589442666
0.923428700589
0.98
0.98
0.932608246017
0.968796555276
0.908309243333
0.98
0.966730234597
0.806767272423
0.706345698821
0.915390303302
0.945749427115
