0.856144786043
0.98
0.98
0.98
0.968419244414
0.98
0.975204623978
0.970061263155
0.937587860496
0.835685912687
0.978993872999
0.962167452597
0.845111899347
0.82846952376
0.940499357195
0.934861345788
0.870529871402
0.865344634625
0.974441675629
0.970641276935
0.969534457082
0.915961073864
0.975191656349
0.968889689318
0.977881500526
0.947840865804
0.974362642465
0.830804273679
0.763369299915
0.776647094996
0.975761701111
0.931683484457
0.98
0.98
0.98
0.975986624736
0.98
0.97420516429
0.964661280624
0.974888812328
0.975750903159
0.966772693976
0.979795347041
0.974138414137
0.979694497173
0.975467202353
0.979386563039
0.98
0.923045322035
0.974557325478
0.883807767502
0.98
0.836927336265
0.934361243327
0.905304904504
0.957354255001
0.68088757847
0.827626578229
0.663949980942
0.81527356668
0.974449404994
0.98
0.974607688205
0.974391855565
0.974331939702
0.967952823138
0.97871109673
0.897342581368
0.979727028239
0.925303157221
0.930381835627
0.961166015069
0.93858851322
0.93771565469
0.86654107468
0.966693156042
0.974391855565
0.937037614632
0.974449404994
0.848324417807
0.811408820296
0.945761523529
0.952290386621
0.954440284254
0.974269693124
0.969278387488
0.974557325478
0.920318181979
0.974362642465
0.952219904728
0.809639839693
0.974557325478
0.952707067294
0.970875262275
0.945468070015
0.974607688205
0.848887499344
0.813035858355
0.966472470204
0.953260946946
