0.820784526842
0.98
0.98
0.965743551237
0.98
0.98
0.926253431409
0.98
0.98
0.98
0.979706975526
0.98
0.98
0.94518072544
0.856556980034
0.87548326374
0.976329170525
0.973980990583
0.602378829607
0.347985152758
0.953196467755
0.71068259513
0.242985152758
0.242985152758
0.530315925941
0.849792533264
0.846758806021
0.856556980034
0.98
0.978063530903
0.968687426699
0.492066495511
0.813178163062
0.98
0.98
0.843596140356
0.961497792867
0.976868003431
0.864836654048
0.958136374421
0.97576725587
0.98
0.98
0.98
0.98
0.98
0.98
0.98
0.98
0.98
0.98
0.98
0.97817400582
0.98
0.98
0.98
0.98
0.963727925419
0.9782746954
0.968893673852
0.979678922575
0.98
0.98
0.98
0.98
0.959870988352
0.98
0.858009265241
0.386287219103
0.242985152758
0.242985152758
0.738207643406
0.752387130614
0.242985152758
0.242985152758
0.242985152758
0.242985152758
0.242985152758
0.290985152758
0.753739903663
0.809506624953
0.965514678851
0.855530171897
0.80076637647
0.911723144871
0.958588296374
0.98
0.975945322393
0.97946229532
0.979789176255
0.970746002562
0.98
0.98
0.98
0.98
0.98
0.98
0.98
0.98
0.98
