0.72104224078
0.98
0.98
0.98
0.965554866183
0.883910481384
0.940355384257
0.98
0.98
0.979693814694
0.979203886664
0.98
0.821112713073
0.98
0.98
0.98
0.98
0.917846709233
0.98
0.98
0.98
0.972126535144
0.98
0.938428961417
0.98
0.98
0.98
0.866948160925
0.98
0.98
0.98
0.970730314724
0.9782746954
0.98
0.909051645045
0.683556498527
0.890317403605
0.98
0.802174538525
0.977399624996
0.9509643202
0.733314000482
0.272985152758
0.786492332818
0.847127509637
0.976625353566
0.98
0.98
0.98
0.842700261858
0.98
0.98
0.923045322035
0.968169352712
0.883326530136
0.977592349984
0.836866991519
0.98
0.961943814053
0.870182999095
0.978762176325
0.98
0.978741533916
0.929564965593
0.978000019692
0.834153909465
0.720271767093
0.973196006206
0.77069907621
0.870182999095
0.89562690728
0.836425041459
0.35566574725
0.856556980034
0.979129168986
0.779570984797
0.967051024649
0.970460915853
0.98
0.956830292435
0.966844022513
0.98
0.976671741737
0.9019615233
0.929851033415
0.98
0.98
0.98
0.811988020546
0.969794561428
0.98
0.924482569991
0.823178163062
0.978180631642
0.98
0.966857579674
0.98
0.98
0.98
0.98
