0.824484514867
0.98
0.98
0.98
0.98
0.98
0.98
0.98
0.98
0.98
0.98
0.98
0.98
0.98
0.98
0.98
0.98
0.98
0.98
0.98
0.98
0.98
0.98
0.971047339988
0.98
0.98
0.98
0.972151489389
0.911092812243
0.98
0.880122924944
0.948429855012
0.98
0.98
0.859020662352
0.98
0.98
0.98
0.957272779761
0.98
0.98
0.94518072544
0.98
0.98
0.98
0.98
0.98
0.969179432122
0.941137722966
0.98
0.890745199906
0.98
0.971788417676
0.827531249029
0.975307636563
0.964071244322
0.974888793481
0.813178163062
0.978199669956
0.98
0.976129168986
0.98
0.98
0.98
0.98
0.870182999095
0.98
0.98
0.98
0.98
0.896230903257
0.909900805786
0.98
0.942432355545
0.98
0.98
0.98
0.98
0.975796164484
0.978235587912
0.98
0.98
0.98
0.826609432967
0.965179090321
0.975358865569
0.888367412512
0.872362391518
0.72349065845
0.737897065981
0.80469907621
0.899329793609
0.494976186447
0.538985152758
0.512426083891
0.864492805326
0.952672637664
0.967054117686
0.896830443239
0.98
