0.799214784899
0.98
0.98
0.98
0.98
0.98
0.959277014183
0.978491345525
0.98
0.98
0.742945983654
0.242985152758
0.242985152758
0.242985152758
0.297985152758
0.932320199218
0.827970339352
0.973330343172
0.98
0.98
0.97536700363
0.98
0.805034585637
0.98
0.98
0.98
0.796749514443
0.977068371944
0.822125107077
0.975462306851
0.97456575061
0.890317283073
0.850941568221
0.649965900257
0.809523328548
0.924533224315
0.815868908052
0.823310724195
0.98
0.979706459783
0.961243981203
0.98
0.98
0.98
0.95990728088
0.98
0.98
0.98
0.98
0.98
0.863217780516
0.98
0.98
0.98
0.98
0.918051645045
0.920618761226
0.941811654957
0.98
0.98
0.973973591429
0.725018712614
0.98
0.98
0.978177311279
0.98
0.887333964545
0.843367422683
0.98
0.961129425303
0.98
0.98
0.98
0.973278984765
0.897899423329
0.970121091585
0.98
0.98
0.98
0.98
0.98
0.98
0.98
0.98
0.98
0.98
0.943491085739
0.968684486646
0.955495792644
0.974127437115
0.98
0.98
0.98
0.956525344958
0.809025750138
0.932971664273
0.97441949024
0.98
0.98
0.98
