0.812454212454
0.811502782931
0.643894655323
0.55652598024
0.498065614487
0.498325951008
0.482514685883
0.466003717884
0.43940003742
0.470212905064
0.44506077939
0.44631587022
0.441592873153
0.426396774634
0.473893058444
0.454759411147
0.421299407188
0.441862388064
0.408816955003
0.383019985231
0.366946283843
0.36591324465
0.338762859818
0.362477460247
0.321159421357
0.239730313638
0.236834108848
0.234501603659
0.214999645144
0.215817706658
0.237084181259
0.219354347514
0.248546393527
0.250428624444
0.279182831738
0.263299297178
0.279746373871
0.304207979723
0.308296076007
0.306339034341
0.299157869346
0.293287924422
0.287478715287
0.287886254097
0.274954308849
0.258940746108
0.22779019152
0.219374472217
0.241249427384
0.248618979882
0.249108560444
0.254129693603
0.24356193322
0.219792665954
0.223626373626
0.239409516367
0.241878946886
0.25856458491
0.259497530034
0.254949836129
0.238124409841
0.227772746492
0.243864888124
0.232316333121
0.260576094725
0.308154732892
0.327367551045
0.325908556894
0.30698953109
0.289317081686
0.28597747383
0.286589777979
0.271729380399
0.263455731068
0.289458314327
0.292776691852
0.293041459869
0.270668625827
0.236692229829
0.255643615866
0.307108290206
0.309905095655
0.3718347257
0.413609324763
0.440338321995
0.421877599757
0.405395265802
0.43451017863
0.415864528513
0.391965673024
0.433484564086
0.420139545072
0.402133762856
0.42810590161
0.458980476226
0.458763434562
0.463003823941
0.467025788696
0.464769381605
0.439973058352
