0.804212454212
0.702347692764
0.632381145171
0.548095238095
0.542684014958
0.517252747253
0.541254366686
0.549265278581
0.474462232504
0.419385284368
0.425021972811
0.353345098376
0.277271994902
0.163878180119
0.22226520664
0.158622399427
0.340405226126
0.495693174599
0.465576844929
0.374204965262
0.19515277209
0.210809339693
0.209186176013
0.327728937729
0.290994121419
0.34106152604
0.401952253594
0.327003581334
0.22691272325
0.354983932138
0.45815033983
0.484095752669
0.473885491866
0.446810859405
0.398319783751
0.430364870777
0.312012361667
0.3850308104
0.381256646688
0.400400613308
0.301319270116
0.30069591017
0.308430954908
0.338088654447
0.521408340927
0.504300269399
0.359922955095
0.417161882866
0.456353187642
0.490149318582
0.508043396932
0.363913648612
0.463427501107
0.537013142174
0.515248889031
0.529349571566
0.401478826929
0.390437138763
0.403421937632
0.356294995196
0.342490367469
0.145489646153
0.136389579812
0.0762727202009
0.158456925111
0.091280947299
0.186844310004
0.183392882087
0.348826976258
0.374746679814
0.378635231258
0.333743587217
0.35377976171
0.346102502734
0.381455456824
0.346774353554
0.332481410955
0.0978342001425
0.119828408628
0.0784067686699
0.073304442865
0.123010461021
0.0236445657573
0.0682946274064
0.0465306166254
0.0617689660629
0.162730735541
0.406569697396
0.165273238189
0.158109570669
0.137353664827
0.0239194139194
0.0147216690375
0.0321971529656
0.048051867715
0.0570960318329
0.0446500867553
0.0214725274725
0.202344322344
0.0634078595658
