0.806183891926
0.773663056466
0.751259023111
0.732530376825
0.724728964913
0.675328637636
0.644191556215
0.623716815672
0.653939041296
0.609874625792
0.64251473997
0.604010193012
0.566990720083
0.534268735211
0.408616556598
0.477375025539
0.446491731544
0.440843585652
0.308540817786
0.355218632038
0.419985807974
0.533805775371
0.511017820343
0.527988425913
0.550374850343
0.558215360274
0.583763681104
0.58778575163
0.605276303814
0.585740318594
0.600323624855
0.594209739922
0.584798691535
0.597366588878
0.634539219743
0.538556994818
0.523958334973
0.554499969031
0.561220286205
0.594048308676
0.575867238038
0.543593101231
0.525967690957
0.565673315372
0.561601010892
0.515902137467
0.54357942129
0.534558029499
0.498557475267
0.437207690276
0.448523544029
0.464793191558
0.400340727507
0.367276978082
0.403934348252
0.414557525393
0.451073309596
0.42008269474
0.41065821774
0.411422907654
0.417874476207
0.443964441765
0.460455436083
0.442784227825
0.440499585029
0.407508246854
0.372361559841
0.416901914612
0.371760408929
0.401116467532
0.424651597853
0.356410850844
0.414394856258
0.411677805429
0.461958331079
0.421478871817
0.45499764945
0.430408634671
0.418057113481
0.44757908252
0.371524604884
0.435923874735
0.383961119898
0.470929182905
0.432273774261
0.434835540736
0.394904657018
0.403441846467
0.377369233584
0.417340021065
0.432574606996
0.423854932142
0.404160436426
0.424252907448
0.378881242856
0.284745810075
0.259919465205
0.326608251593
0.334466896252
0.263240156347
