0.815234735976
0.778254385263
0.705525035049
0.699305730311
0.695787883135
0.7169454523
0.565385430735
0.565092486703
0.51221122086
0.530227884259
0.584684336343
0.541835140359
0.511156192965
0.399164741689
0.411900279939
0.345147299756
0.359979686841
0.324570751827
0.25305486683
0.154182582487
0.254282702546
0.377438767161
0.393246015883
0.374835752964
0.397239983074
0.390579950524
0.47616110094
0.44223628873
0.392811286594
0.416079068503
0.491523754577
0.453809102296
0.370210780405
0.409712943224
0.327901861589
0.359078046113
0.168964676019
0.210244315689
0.163793865507
0.183000709065
0.187702169713
0.205767089559
0.0711744526668
0.225769262073
0.146165157436
0.169402726698
0.156474260075
0.175082084721
0.192065631691
0.294638275052
0.269884099207
0.292070469599
0.119663332521
0.090102089561
0.151205862778
0.140737041856
0.143373414763
0.10823342841
0.111309445898
0.200434106604
0.210998390111
0.247359580526
0.271236713716
0.143572185606
0.14176183862
0.0732318304344
0.0833379791686
0.102791156382
0.105394178833
0.0363496332918
0.0334851842235
0.0691150273906
0.0949498552945
0.384266921362
0.233466678944
0.183688893393
0.255390811407
0.164641227343
0.224509849294
0.219291118512
0.261434393769
0.382848092021
0.352643115532
0.109597430619
0.154108656012
0.166452588625
0.113684447245
0.152236958958
0.118399684454
0.108512950144
0.0477773979041
0.146341820445
0.129434905997
0.149468844292
0.159884479881
0.102660065041
0.117101355
0.12988392671
0.112519064591
0.206589530785
