0.820296914236
0.759403691407
0.687007725116
0.655004055485
0.572975946103
0.608294573533
0.629273945428
0.568181733374
0.548979478088
0.584209729657
0.545455652008
0.608621648519
0.445916909252
0.565675251828
0.628707825105
0.490732426296
0.509317045001
0.537377091289
0.413658401897
0.489365854399
0.572259774877
0.483810008207
0.441942577885
0.359074645445
0.285335503341
0.322076409923
0.41905609794
0.464581599267
0.416367351798
0.397606669241
0.480190302663
0.512281829705
0.476560207774
0.496686765907
0.546906817052
0.508276791514
0.477280913503
0.47808775811
0.47524474612
0.435334067458
0.455920263142
0.442865468591
0.436372054816
0.3859078414
0.378483549561
0.399277264068
0.351603177137
0.383924717095
0.385515195063
0.391393788585
0.412713923605
0.379909380283
0.402446762279
0.365549008801
0.393213919339
0.406124480819
0.361538258423
0.341317535167
0.39132108268
0.408430089284
0.381522635054
0.362647214824
0.343656149103
0.342294614704
0.350886513729
0.355235625889
0.349676048371
0.439484243364
0.365067483679
0.416356174475
0.387128965267
0.391133306369
0.376494757167
0.340373709824
0.413492139372
0.424372512617
0.386303052312
0.357132453586
0.43307616261
0.459914075773
0.453777197311
0.582108788308
0.552241248786
0.532823014778
0.554669625551
0.555864209571
0.574350053099
0.558765295188
0.551967752661
0.53493559334
0.550703432911
0.560205157081
0.54841377984
0.542093571225
0.5518279179
0.54588222893
0.595258718802
0.58929970646
0.596094780835
0.534316827531
