0.818118179196
0.781782237511
0.734769267165
0.694465721011
0.694770475761
0.669777235677
0.626263604418
0.609893278252
0.605064330057
0.55247762008
0.544195119285
0.530709003102
0.477266857205
0.467676866587
0.520953599613
0.470933443923
0.490468815589
0.500340393662
0.513743656527
0.547433511725
0.564259136538
0.615784872347
0.625829600409
0.652097220639
0.627938691172
0.641239244184
0.606972865469
0.589452325181
0.60493204321
0.580314524416
0.549298228266
0.537458152256
0.465944665594
0.472665483366
0.500898799022
0.488157102295
0.517130541336
0.47918768124
0.407772778641
0.303186045186
0.424257670658
0.45607443578
0.477463120685
0.501541849408
0.538983196666
0.590270365476
0.548898229567
0.585112239875
0.601501532341
0.573337505184
0.572583098123
0.557226262014
0.607130815418
0.603109714555
0.55641145597
0.488513362632
0.536233963422
0.478351390548
0.526943477749
0.495964617024
0.497508234037
0.506135900968
0.484100463665
0.487606179303
0.480010148732
0.464676172867
0.426638402902
0.405657267509
0.40372002073
0.397560450453
0.398224240349
0.400976753651
0.320673420264
0.373416013348
0.369256730878
0.324561998238
0.336186661031
0.479325794354
0.493253033361
0.495040846873
0.480864168294
0.374503853108
0.292675550417
0.194685614679
0.235487745709
0.162858631348
0.170041346679
0.0831389841983
0.135307726127
0.101731098848
0.135561366525
0.0959993620697
0.0879303741217
0.224592782663
0.0955519257418
0.0877744341439
0.0586621411741
0.10388212861
0.062133921716
0.0769951171172
