0.820451377033
0.765147418101
0.72446732423
0.665141006199
0.628035453608
0.583097576068
0.625812107271
0.666361672759
0.679036618329
0.649811136105
0.636427610958
0.580813627206
0.543815763465
0.483607386546
0.495672225472
0.564396017942
0.532361670833
0.510951052802
0.47049961258
0.553273776365
0.623360376605
0.448221631952
0.456359718663
0.450404733525
0.502482285279
0.492969457486
0.457149047014
0.479581890397
0.427597149268
0.468728641782
0.379695106789
0.388862881867
0.390534089393
0.361835235454
0.306844662916
0.298181269124
0.377505908179
0.368427202432
0.384440437961
0.388519568374
0.391927230351
0.377934736734
0.383446777837
0.461715219654
0.460761192261
0.403290250734
0.410764311832
0.342540979359
0.327156832367
0.291477133897
0.353155288377
0.430908351983
0.237429735369
0.275290691326
0.279508172752
0.318362162517
0.290410597594
0.314305411932
0.296031421035
0.242833834784
0.230171207891
0.311672909551
0.351290885949
0.315896437294
0.278171120215
0.290734506592
0.382746032879
0.301222986778
0.313578312529
0.308350055146
0.47934098773
0.424931736287
0.41797142639
0.462190497828
0.525605041086
0.434958841876
0.407191694245
0.368479587992
0.356005936079
0.318744460539
0.365633991959
0.344106864907
0.30951086824
0.222990342603
0.383577379025
0.401819825679
0.418371700085
0.447944520283
0.320937448556
0.301488517582
0.286780185785
0.463021132332
0.423679861554
0.39453103065
0.481726615487
0.501206482286
0.526781380669
0.540435590968
0.570138932192
0.552593783428
