0.81708618157
0.760208479813
0.720136984826
0.655338947988
0.537422482103
0.609890737797
0.656342758753
0.627073605447
0.569708234855
0.511072727029
0.475606802325
0.438488213945
0.471453738374
0.466488678341
0.48692386072
0.495824121904
0.442779826526
0.491578436872
0.390142521679
0.334240481172
0.451710315776
0.430216967779
0.336990682716
0.386646531728
0.460008035478
0.619637669177
0.441517424091
0.493470606922
0.547216711826
0.499474752594
0.550120792782
0.608477426876
0.628503518388
0.641347000911
0.643826327044
0.660892265033
0.615471556308
0.704404098627
0.596998490239
0.657265667624
0.622591873909
0.593573330112
0.569295332321
0.534263488283
0.495457445923
0.508047768
0.537032254464
0.563218314827
0.536717007225
0.509196591744
0.402101346572
0.404883722721
0.395534721974
0.453719959049
0.400654490278
0.328250127261
0.270545298635
0.231574707873
0.165778454594
0.171116668762
0.0975773363323
0.0936492214589
0.124017926926
0.225892773202
0.259324133889
0.2871396397
0.288287035671
0.346651495527
0.356934332331
0.284932250723
0.322987154064
0.300675089894
0.270036726314
0.297790166362
0.310512850154
0.217193245508
0.202775392611
0.252765081906
0.279506238949
0.317608096585
0.310205133414
0.364839688463
0.34767425845
0.387334736927
0.319566320109
0.38013663935
0.337575643375
0.341482457624
0.350528261923
0.340869823375
0.324841737189
0.312258679056
0.310831970859
0.329955858246
0.264111519267
0.284775596712
0.331311920163
0.319283983368
0.217241787696
0.227935423709
