0.817875254703
0.743668630135
0.677943072846
0.62625827972
0.559895749101
0.587082615807
0.546838935848
0.557198317256
0.523647883282
0.599165535089
0.584022323432
0.59254926616
0.586512353625
0.558050514269
0.536619409952
0.549439173807
0.564232136093
0.483152990902
0.485943560055
0.460395317897
0.406941762745
0.467065029967
0.463805020609
0.44121314214
0.454713271694
0.384452888969
0.363656534516
0.264776822296
0.299978223353
0.266148398593
0.263434220443
0.326571663129
0.326432873994
0.412075201017
0.339779193538
0.363764486868
0.328285813792
0.477812063066
0.367449442961
0.337302706577
0.340388845771
0.33939197822
0.310992698301
0.368940230381
0.502307083736
0.429352586736
0.410010968874
0.366585542784
0.36038180488
0.333451164721
0.365190421497
0.320281092409
0.390805465592
0.407846936051
0.420989555785
0.490026169626
0.51274676136
0.491083310422
0.49398937714
0.538374187347
0.543144090073
0.507274450183
0.455746767463
0.434725853122
0.492509983473
0.469900950455
0.48274560589
0.486795131655
0.436704445759
0.396220051063
0.431234292025
0.461034386871
0.429938975187
0.516300992201
0.499453335626
0.449165696429
0.345967501636
0.320543570736
0.37144082838
0.461264849539
0.456824522013
0.319415394606
0.313274388504
0.39113857605
0.34252403048
0.335129687318
0.335275689799
0.453813080993
0.554621984372
0.545055403303
0.318296552425
0.332647562952
0.344582879179
0.388129559127
0.409012990385
0.366866433988
0.382264104803
0.459973075529
0.489888899636
0.310991225639
