0.82229080543
0.79489650936
0.662429678917
0.585922395143
0.517280925051
0.496113391667
0.554504149973
0.578903754134
0.655492433873
0.585148089021
0.567886391144
0.527949283042
0.535299003123
0.450513914086
0.376044781589
0.438921330912
0.486558252715
0.425469022461
0.364344935265
0.372061370679
0.308835734935
0.255790923976
0.191451556749
0.173095658413
0.179529577907
0.173537124339
0.249181377307
0.29943905518
0.35460280205
0.338821758597
0.359726500973
0.487546518226
0.46494948289
0.36360244504
0.293645099294
0.310117104571
0.300673470197
0.266383743258
0.339213189485
0.34048921345
0.416311619444
0.340424910584
0.389633828546
0.329259062695
0.314775681729
0.333890736691
0.292389395223
0.347777840743
0.266777957244
0.306606115506
0.230887526244
0.25376957498
0.313515148062
0.380175016682
0.313400175338
0.317873989448
0.309626019389
0.288361943853
0.235957239237
0.230329086737
0.214606632754
0.208445891392
0.202620296783
0.234749544342
0.204254797051
0.198497872648
0.204013708665
0.222481986756
0.265154196076
0.143865695368
0.17158844037
0.181170146919
0.208961619315
0.205236776944
0.133421760558
0.150806143053
0.109340413108
0.0994188648272
0.0837611307325
0.0843282224975
0.0572790635178
0.0707427870552
0.165018824205
0.0534677537063
0.0529924054126
0.0536767305257
0.26247600802
0.215164884494
0.0451261729601
0.0334931411648
0.0166551043589
0.0365609294551
0.0354477273245
0.0562288674822
0.0583287183789
0.139575434921
0.156343675682
0.0745318186629
0.0800617852531
0.120557393975
