0.819532700566
0.777820081204
0.761825364245
0.677566043954
0.680560638057
0.656503501722
0.704747412017
0.678136149477
0.611492635826
0.683642251844
0.614507630975
0.438243167567
0.410464205514
0.419809761671
0.380708015462
0.333709641008
0.309541663301
0.391609401461
0.365178675127
0.35587678644
0.340977741133
0.327129951883
0.419758561692
0.422104205488
0.429865314933
0.462171551148
0.492860022514
0.497798015637
0.429615989374
0.448958980425
0.431317640719
0.344533877505
0.265063898225
0.228902549344
0.211513863122
0.212039150333
0.178226459486
0.227271060268
0.16651487901
0.131232204751
0.115669575823
0.174356895353
0.278192651226
0.224510139486
0.269665894775
0.14397055387
0.114876819084
0.0705327313998
0.0247291263743
0.0734372889943
0.171505123758
0.0
0.0
0.0
0.0
0.0
0.0
0.0211713191024
0.0876011632143
0.223060058692
0.172126163581
0.0354332230939
0.0
0.0
0.0
0.0707724546751
0.162966662699
0.281482041788
0.0
0.0
0.0
0.0
0.0
0.0
0.0
0.0
0.0
0.0
0.0
0.0
0.00409216589862
0.229361468685
0.0
0.0
0.0
0.0
0.0
0.0
0.0
0.0
0.0
0.0
0.0
0.0
0.00448540706605
0.141365884197
0.0
0.0
0.0
0.0
