0.825065248789
0.814325043355
0.792340464975
0.782826453762
0.724304994111
0.77136195335
0.761742543681
0.756093400801
0.730723911292
0.701585729063
0.623044145073
0.5946891527
0.60986968109
0.625975635751
0.624106770478
0.622112657021
0.641042136165
0.651390022978
0.695733623597
0.660414885189
0.650262140872
0.671104443527
0.594990488845
0.577580770214
0.573581074779
0.543424165463
0.574610061724
0.615844159261
0.616798120643
0.584808536793
0.517107871718
0.542594224106
0.563395449011
0.54776098243
0.602552946892
0.607439626489
0.664979594272
0.552474867306
0.592322725609
0.60086046104
0.574960975653
0.600767961425
0.600796250044
0.574844845531
0.637640512092
0.656519555805
0.659232095076
0.651288940975
0.538222450769
0.510569704573
0.534393732545
0.587315315269
0.555149592336
0.598623130539
0.509846883252
0.475214936983
0.486185067133
0.482582962142
0.486495642198
0.482558280964
0.474929675747
0.475741721565
0.436927817641
0.498944521215
0.514995364028
0.445232080824
0.349393332303
0.368043776605
0.27254827394
0.240875236092
0.230313577127
0.435446285334
0.452495085102
0.242140127394
0.17773132063
0.258136261033
0.271000345785
0.349357568351
0.356900838952
0.318354958228
0.262548683152
0.226091541013
0.193259576438
0.186056613574
0.179212045699
0.264316875458
0.248860605164
0.144508356319
0.125119107766
0.125855933643
0.129457548749
0.223514625417
0.17531043131
0.143826184727
0.108975041639
0.197802055344
0.364166899223
0.484879394847
0.451256591728
0.460703760052
