0.823755743359
0.761943193473
0.702852610807
0.644036906185
0.625576099678
0.606330346123
0.622874900998
0.671520802051
0.615326272505
0.638148931844
0.638964087122
0.601915467144
0.627052982824
0.576830583184
0.546598529084
0.504564122142
0.555063211267
0.529897638386
0.539183767917
0.423294752194
0.495806043713
0.516365191768
0.550003131656
0.652989244312
0.646760793803
0.541588161531
0.541317554435
0.495605695113
0.456471031571
0.447109758524
0.45705440145
0.485991183208
0.464775880001
0.412263429617
0.390962333747
0.336930353644
0.263670392501
0.262330714066
0.255226982632
0.112196351099
0.123182904005
0.134077555007
0.134232804897
0.135331447398
0.129727223004
0.140205397448
0.111175298952
0.113183584038
0.102998012049
0.103039010407
0.216288026339
0.187384286636
0.234599509951
0.151767216265
0.0795573278729
0.0608746283515
0.0771444757531
0.0654620013634
0.0509249198898
0.0466168762793
0.0340451214174
0.0383985461608
0.0409260958093
0.0775468486722
0.0911686006949
0.13549055016
0.0706111828932
0.0823613985376
0.0916198084614
0.0688982386128
0.127936835768
0.222983541065
0.151866760893
0.086302902025
0.0770774399349
0.0541431898675
0.0911966036848
0.244693648686
0.465280120694
0.373660964675
0.322865252266
0.306406970631
0.220714086706
0.230165815893
0.253167337179
0.290569478681
0.246717593354
0.280496143135
0.408409030516
0.397637103244
0.353598899683
0.293917553676
0.23711425876
0.210915463728
0.207984972489
0.164540274166
0.148795625025
0.14773952616
0.155190876285
0.202444268798
