0.818860199668
0.766994152461
0.699644848619
0.681774959735
0.680850705267
0.679941635286
0.624537682604
0.602448122194
0.573817759942
0.575145564007
0.492489839501
0.394287432618
0.489891357312
0.439300502883
0.331467469342
0.311002119522
0.38267247137
0.307898125237
0.18699441084
0.269673461173
0.32795338501
0.392482849282
0.248703575816
0.272940666064
0.241927378487
0.218469012325
0.179241582599
0.164393489632
0.206217537243
0.272975924844
0.230335581669
0.181454090793
0.22364459055
0.212156282991
0.262915235529
0.119214925288
0.0707283425158
0.0654144853543
0.0358471569724
0.0168185978592
0.0253489018089
0.048212984536
0.132464690421
0.0823474368537
0.050734460572
0.0522507678164
0.0566821918097
0.0515318217318
0.0813459356047
0.123094741297
0.0900516734679
0.142264361187
0.0829483613837
0.0956130014692
0.100209863491
0.0972653020652
0.0465426566914
0.0872241256826
0.0763798405369
0.0830569054531
0.075827031279
0.0649741309265
0.13203055286
0.178906139256
0.181839701831
0.148591186859
0.156658489908
0.134767763246
0.116413977642
0.103213793883
0.141922756081
0.176343551713
0.180013228622
0.231185970384
0.174288364791
0.194024620255
0.171758395116
0.196733477233
0.211437460472
0.231873947744
0.241835557165
0.218778152486
0.22109506829
0.179043978901
0.160692318469
0.159818831341
0.177217351774
0.204358586262
0.202722379832
0.17495667399
0.131019979297
0.116853994591
0.162141835991
0.183529809679
0.181977869285
0.175044833022
0.243605855647
0.158928388828
0.153209862897
0.180415406311
