0.820557376166
0.776993916845
0.764112989745
0.719733804981
0.725011830638
0.679651104276
0.692355097408
0.648334777948
0.658326397188
0.620454182944
0.621167856382
0.597586377343
0.559334329368
0.540299676348
0.542219529932
0.539895897587
0.553599269446
0.548003392827
0.532796473577
0.539802746305
0.521000552666
0.546155851157
0.541289811096
0.520541445953
0.546611905248
0.470590748209
0.509158728449
0.45583536317
0.437537703782
0.371945257301
0.340194763741
0.292854841652
0.268662078059
0.195093987
0.294094485265
0.334198847161
0.311624541559
0.341468570335
0.490261732404
0.422763741985
0.485100960295
0.415573702204
0.366251467042
0.217727487518
0.361513816544
0.354839251615
0.271222207854
0.311693242649
0.380879912093
0.387816714313
0.410413977117
0.364504641873
0.323345632423
0.340468926464
0.35939569056
0.44204953993
0.357838096463
0.378255236513
0.318584553661
0.329346090185
0.299008994809
0.279271295472
0.262660015401
0.193805411059
0.213627995475
0.180875775978
0.291116721368
0.206422649265
0.209940964185
0.208214724607
0.248731671323
0.302490811729
0.248055427834
0.343656155808
0.383954212164
0.456104367171
0.377586423346
0.403251839617
0.346153714403
0.342480365861
0.375463228337
0.393853370138
0.403238919939
0.38241589857
0.357559342313
0.347386605653
0.267985147309
0.101435131986
0.0747932168392
0.0733220072217
0.10927419508
0.123071722047
0.161581019719
0.125277559042
0.167270559966
0.107989580857
0.0734394654776
0.058629909779
0.0749113045364
0.0790754432624
