0.000944678965651
0.112726463935
0.124233846694
0.207732215661
0.192491096075
0.272082557128
0.509551223759
0.606897168252
0.66551282882
0.673263503118
0.491485729294
0.460521467603
0.412609649981
0.554438718973
0.501308435091
0.422399816169
0.529117271135
0.637265805663
0.732925861344
0.823921724916
0.587182015619
0.373630581968
0.32565219186
0.413813539066
0.506091573456
0.393047905942
0.251350143432
0.249024647824
0.407087271959
0.504489104141
0.378605345774
0.310829583088
0.414114252339
0.572860854851
0.582750734581
0.43408008236
0.299690172759
0.45051348425
0.384166966888
0.306854965192
0.340619885231
0.463901515142
0.57782337092
0.694617174581
0.717153568409
0.772942067551
0.642814617246
0.615370267699
0.684384891292
0.533310240053
0.61650833255
0.738283635324
0.582532993841
0.472409762337
0.491050067626
0.562299133623
0.686695686976
0.641527502888
0.633442100208
0.697673819026
0.687368639789
0.670219171143
0.644961820397
0.521040201082
0.473600215189
0.383408549585
0.577483235086
0.608974625756
0.525844158417
0.370662868173
0.532658204794
0.608269302447
0.655488735971
0.700915249399
0.763260763096
0.634191659359
0.486876419953
0.514474926513
0.583637357916
0.596095833233
0.653063580746
0.546945706762
0.373603422854
0.306851564087
0.224638219505
0.275079426865
0.42840540648
0.546756522594
0.486178218944
0.301064747055
0.364606711617
0.531351384771
0.590644605165
0.604695864683
0.597629845524
0.558979472031
0.642440688585
0.614030039106
0.611840593945
0.410898640832
