0.000979113735354
0.110920414326
0.127399315753
0.204886456247
0.40674744635
0.441170780047
0.409702502067
0.422791840428
0.347248409797
0.190878812895
0.231984022819
0.232686934862
0.247416281338
0.167497344368
0.174718644152
0.326636585978
0.443555338491
0.698816063963
0.758212883553
0.649366763418
0.669241341636
0.671572092973
0.605300856722
0.515121463253
0.641234842742
0.750231819127
0.681830673907
0.551140936307
0.483730262509
0.400563409244
0.490094068611
0.732603137554
0.747889202868
0.695859180561
0.627893501471
0.524379921401
0.407511666674
0.464273471783
0.54923735162
0.552858198153
0.498600273169
0.480892881513
0.635203980386
0.586442629935
0.735506951778
0.717610518524
0.534689706541
0.569186193851
0.588753044153
0.477857612779
0.391458960145
0.328351333032
0.269092521291
0.344888424231
0.433816683622
0.509536750373
0.500409665565
0.576997019805
0.554824410513
0.540696880096
0.314064663563
0.305896019827
0.333886159669
0.341794020691
0.391992114895
0.46451854867
0.379132487767
0.343115151981
0.35912935617
0.362099417037
0.458680995212
0.34701840613
0.264092849965
0.17613299804
0.218303888953
0.320830438882
0.319511538938
0.228592050631
0.268273590592
0.336463923518
0.320318796536
0.246593137691
0.24051390333
0.375738291103
0.540707670303
0.459168089839
0.531924578766
0.55227880322
0.624204656422
0.697809521159
0.544365189854
0.390101413236
0.438088912625
0.481577595696
0.456746209331
0.298346805874
0.207789552174
0.257143269258
0.304007598129
0.375757762166
