1.98276026162e+252
1.9199319341e+253
3.05796040349e+163
9.90307690239e+196
2.85431332687e+248
6.46861882018e+138
2.01432231554e+019
5.47300715087e+017
2.81233442196e+249
142393053.469
4.12098673241e+298
3305.18751782
5.23099934446e+252
0.0147751291432
0.041568883312
0.0235266818589
88.8579014951
0.746177572343
0.00941533940159
0.0
0.000232558139535
0.000946778711485
0.00147327717039
0.00507128777623
5.56672917541
2.06075393072
0.0973543492459
0.0
0.0
0.0
0.0
4.77004341164
0.0
0.0
0.0
0.0
0.0
1.19502523513
0.441200553042
0.0
0.0330520756994
0.0166534765666
338.77855027
1.73845737423
0.589221203925
0.715795756646
0.0
13.5663782801
19.3714052346
0.473512719691
0.188970891539
0.0644451860313
1.00712917151
6.57849102548e+060
0.0237417159977
0.135690877076
0.034828220166
1418.40554135
1.46308469925
12.1859221538
1.25189090441e+168
1.49096237165e+244
8.02209917817e+227
3.88974718114e+045
1.62654068915e+300
112.30467959
1.38901901626e+169
277.464542483
5.31004542077e+173
6.26434775278e+282
5.53153535456e+173
3.96301451453e+070
6.15324405849e+047
5242.76910908
1.97864655574e+038
2.43746390624e+252
1.47884058863e+291
4.05223195318e+094
8.01262273169e+182
4.09392340201e+292
3.10987220593e+304
3.58963827672e+302
7.37979268868e+303
1.52006720246e+283
4.13372011712e+290
2.51190345442e+301
1.29563909552e+304
11.5304897898
2211.49218204
1.29571401207e+026
8.08245742047e+252
4.6367234853e+301
1.05533400102e+013
1.55175338332e+040
3.24131433123e+253
1.23052844325e+275
2.84763886718
4.73355035101e+253
2.25042933148e+060
0.336928009243
