1.13764263886e+250
6.86337793219e+136
1.12321102912e+281
9.13353792124e+252
32.9888290702
64.8801495981
2.79620202439e+032
3.26710251733e+252
9.62816635067e+252
3.62960135917e+025
4.9739325426e+040
2.57595633335e+097
8.80431476845e+203
3.65206379086e+275
8.45669440778e+275
2.1088132472e+301
2.16213912021e+253
1.45382352839e+277
3.01800331105e+301
1.71510697749e+286
2.77869711736e+287
3.4738282255e+301
9.38698300699e+303
1.87691786278e+292
4.25359034891e+253
2.67128882944e+253
2.48974225847e+272
1.21281615517e+272
1.16733323536e+304
3.69781426525e+301
7.06511059445e+276
2.21707861534e+226
1.13247672477e+034
3.00340016169e+174
4.26696784114e+253
0.313272784769
0.280540148905
1.48912701615e+015
8.94852254246e+021
803.863399774
3.22676791835e+252
4.15120914043e+253
5.56039942062e+253
7.36326598203e+280
1.99914623055e+253
3.63498641144e+253
0.932150464499
0.187370187631
0.396429675342
4.46229493283
8.23412205258
2.6269965817e+253
1.59877027141
2.14473406194
0.310648485805
0.252637160118
0.198955885591
0.0971601756746
0.118070326575
0.214074666825
0.338698935385
0.534637113804
0.364982715061
0.4076312634
0.480197738233
0.334739873993
0.274127041725
0.24058559043
0.261434139594
0.249864204376
0.224283963472
0.238231366766
2.18927447371
8.50786161155e+252
19.3191420745
28.4466956206
30.3634592906
9.88007469806
0.451389369724
0.461524771906
0.278742456078
0.342771420786
0.340899707716
0.388254887712
0.31496048301
0.360167095887
0.429879457457
0.19402595892
0.336474826956
0.317021191955
0.236580191179
0.205823288819
0.208796553837
0.109248588385
0.201044974512
2.63915383448
0.455455412971
0.358444929895
0.311215646521
0.157216561672
