4.63017078048e+240
2.4927919661e+301
1.58927507708e+304
5.33047211957e+304
1.41468094352e+305
9.12963838054e+304
5.75356052103e+304
3.06606369438e+291
1.26560361832e+286
6.97056091552e+273
2.36737397967e+304
3.56000078583e+281
1.1118277989e+276
5.86558363604e+250
2.7606653669e+138
1.25683909004e+050
2.54470541177
3.44662373409
0.100279499008
0.779274822811
18.0888472881
0.07481969138
0.0503913428546
0.315660944496
13.8071425252
1.11174543274
8.13987578298e+036
250.231815439
0.505890048536
3.17800572063
1.56550737358
0.429059142885
0.301174096895
0.737767870192
0.00420869565217
0.0114905242136
0.819533230947
0.555952830559
0.0
0.00114594343517
0.00126773049645
0.051447263317
3.95841848824
0.105451893607
0.114903170253
0.826120578893
0.0142668670005
0.0
3.43239378085e+304
2.53924760464e+232
4.84576268466e+285
1.61533420814
3.18439137103
63.382544613
24681.6307114
429.261653396
5.45204871551
3.94152488495e+301
2.4805322011e+028
0.0
0.0
0.000571428571429
0.0
0.00286523877544
0.00193548387097
2.48159884175
1.55373601695e+017
3.86751555844e+015
0.002
0.0216967240394
0.484316829158
0.00827722655975
0.39803261405
0.0103942967405
0.396287774098
0.00813362532802
0.0141796729374
0.926448780738
10.930754056
1.05981376398
0.00881854774091
0.0399107497245
0.00163742690058
0.00267976104306
0.00152298850575
0.787880849473
2.94459592941
0.716990677736
2.76105711188
0.00787878787879
0.00733860606957
0.293258126188
0.0388873905184
0.783800528417
4.95855817232
0.98236792069
0.0216686985241
0.00143345971779
0.00852529109385
0.0025534700683
