1.41730610548e+302
2.28343166504e+253
1.47507091771e+201
1.57039066607e+029
1.71748294167e+044
1.82826237956e+046
5768.75382119
141.845487587
177.015265666
21.6497094044
1.56681820847e+281
68.9937603294
5.91638065347e+012
7.75109463283
32767041407.1
89674916.444
4088046899.31
480514710.176
4699788.10254
10.0564876065
9050.48048739
20.673413751
6584.96115205
5.38969241661
2.33168387918
9.51102839431
1.83694841064
8.85117083163e+028
1.10298889052
0.297263923817
0.48748021081
0.157539797436
0.506016023496
0.667592828308
0.770328319691
1.75402793897
3186245.09851
0.087719189509
0.0832267242227
0.0314948429275
0.0173670206111
0.0121111105686
0.0117151480773
0.00562679290129
0.0
0.0
0.0
0.0
0.0
0.0
0.0
0.0
0.0
0.0
0.0
0.0
0.0
0.0
0.0
0.0
0.0
0.0
0.0
0.0
0.0
0.0
0.0
0.0
0.0
0.0
0.0
0.000164889580679
5.29344485821
24.5193262799
0.0
0.0
0.0
0.0
0.0
0.0
0.0
0.0
0.0
0.0
0.0
0.0
0.0
0.0
0.0
0.0
0.0
0.0
0.0
0.0
8.67836108201e+126
1.6489680859e+227
7.13114397149
0.0
0.0
0.0
