0.80853986968
0.785103731243
0.7273638524
0.735970791281
0.724346819448
0.718536916665
0.718075158489
0.687537906227
0.615226454877
0.57424026993
0.604234863389
0.586099711792
0.590475555683
0.62984777474
0.626087566758
0.663458349771
0.643585679083
0.650720548857
0.668867627426
0.671619357365
0.662724254146
0.672146915686
0.653906539
0.668337343377
0.632178901504
0.628204815883
0.650975432044
0.640233718484
0.627906489653
0.65604673783
0.62847904558
0.593901696291
0.597029255923
0.597092655344
0.542099258946
0.605686924546
0.574829658108
0.415495428888
0.524914041133
0.639488550459
0.692728060239
0.656701248182
0.692942256812
0.672598332274
0.663952121086
0.610831562289
0.609535670331
0.583212954548
0.507405265273
0.49095202666
0.455249353636
0.455099901704
0.462665714963
0.435185740137
0.422926867755
0.378719597984
0.386366584033
0.450851896104
0.429393992736
0.449677083416
0.452390341513
0.468495223195
0.497754113969
0.494488258762
0.504158653218
0.515860525175
0.511107370315
0.488951761243
0.488989597456
0.4170373198
0.44065534576
0.466928815885
0.435492022613
0.466533357054
0.456187002895
0.474203364649
0.460177563635
0.431480788782
0.371573219618
0.323838317153
0.376611485186
0.40891462149
0.404435734853
0.418535864001
0.403149194728
0.427714672503
0.459323090205
0.454628665506
0.408292675378
0.41833904665
0.351464703351
0.296428837007
0.29785673624
0.297943205545
0.305523919332
0.411373256935
0.4648423684
0.478034514388
0.445835810695
0.460779336042
