0.807834870948
0.775909564785
0.751935674544
0.70492405868
0.688184196939
0.678920647099
0.682033444405
0.666009132876
0.646900056549
0.596449378591
0.62431008004
0.639662706155
0.631831825428
0.642069329536
0.609794680903
0.582076064983
0.596214223448
0.59828321321
0.616320177768
0.62158427892
0.573856803209
0.62029824123
0.646577433218
0.601870426987
0.647447812701
0.662963879665
0.664347929144
0.678830914084
0.677641405171
0.644864649587
0.654409895133
0.601087612102
0.607465729846
0.552017210128
0.549228097848
0.615993301837
0.611496299056
0.621128667049
0.621747879563
0.637098021705
0.629222155634
0.593443300548
0.579744083341
0.574713190657
0.638183907252
0.57216669588
0.600492607536
0.54914258349
0.552867905755
0.500258497347
0.448470253145
0.559570808516
0.601317896835
0.502317254065
0.453320249627
0.441204664094
0.455116031972
0.416611986511
0.456114352857
0.525850335967
0.528286317103
0.478830285516
0.459125034059
0.316910646879
0.267908358896
0.29203296095
0.321480527562
0.381332592432
0.443346710302
0.487499335965
0.482105741515
0.465386676024
0.415108911008
0.419475511989
0.37499197733
0.292622441692
0.242991200221
0.289650839151
0.303187331349
0.370738979636
0.309307599258
0.329736148901
0.390277179893
0.394797747888
0.454960905386
0.479254289389
0.504218535293
0.542397554333
0.513010467241
0.570281650673
0.52799763801
0.506368593792
0.510431539862
0.49815277886
0.397447244745
0.420987684738
0.389969441502
0.379685335157
0.421447983223
0.524356901403
