0.913031272772
0.98
0.975344438301
0.98
0.98
0.98
0.9722746954
0.97952707574
0.98
0.957872955112
0.98
0.972732347458
0.968825367099
0.98
0.97576725587
0.98
0.973207992354
0.98
0.98
0.98
0.98
0.968716045737
0.98
0.98
0.967571890619
0.98
0.98
0.98
0.98
0.943932298924
0.969048661626
0.828760975547
0.951559568502
0.98
0.958854326187
0.741892500961
0.958875933652
0.916835134839
0.978795987084
0.98
0.970121091585
0.960524626085
0.609887921147
0.869135426243
0.979106661529
0.98
0.972925016096
0.975564665124
0.98
0.978000505254
0.975662166652
0.973320602133
0.963254277261
0.98
0.98
0.98
0.98
0.916258861058
0.976877401379
0.969023072164
0.974558501128
0.98
0.98
0.98
0.98
0.98
0.98
0.98
0.98
0.98
0.975629110276
0.949154597339
0.969932429778
0.95882794769
0.98
0.977891136595
0.98
0.927852366968
0.943495461082
0.98
0.98
0.98
0.98
0.98
0.98
0.976379944054
0.98
0.98
0.98
0.98
0.977600297369
0.949247509722
0.98
0.977321036724
0.97087485927
0.938173285043
0.950586950148
0.861778398762
0.94518072544
0.98
