1.0
0.98
0.98
0.98
0.98
0.889722873238
0.98
0.973193972873
0.918020575587
1.0
0.945031132005
0.98
0.98
0.98
0.927974224024
0.97576725587
0.977189630818
0.98
0.98
0.978817308111
0.945284074446
0.98
0.98
0.978
0.974001042615
0.910311153947
0.977100998103
0.707948708317
0.97830393309
0.959734442178
0.643652455261
0.670420646376
0.833862305081
0.848822288143
0.860440124825
0.842806728384
0.922039997876
0.961254893352
0.955471093285
0.932471327164
0.961163538486
0.97401014055
0.922290343448
0.857396026153
0.956598685478
0.881453568991
0.794550838906
0.779313863594
0.799403179089
0.72349065845
0.905035704669
0.98
0.956657229737
0.98
0.98
0.98
0.883607481557
0.98
0.98
0.836425041459
0.977577359631
0.932320629789
0.90623299222
0.884504651428
0.845361595566
0.97818297643
0.98
0.963019864856
0.61623133093
0.693858214055
0.574164896234
0.57912840586
0.883607481557
0.98
0.962277092097
0.98
0.977136598208
0.973269823212
0.973309275904
0.977291369617
0.977283977145
0.960850528769
0.926070872113
0.7938546928
0.942908585615
0.821434089112
0.796295934631
0.96220943606
0.875016637455
0.88073872922
0.918201780458
0.977706975526
0.821112713073
0.242985152758
0.557217611747
0.894978218851
0.98
0.972942326469
0.969020341532
0.962910073109
