0.813136288998
0.78220861678
0.651975657193
0.607527762093
0.575646301525
0.543207824028
0.513249938964
0.48018555706
0.494241758242
0.4747496338
0.476046088934
0.460905144846
0.409202357615
0.363753225428
0.376366569027
0.335799468673
0.274968293856
0.253599539913
0.27309044898
0.320120859254
0.371267614189
0.424268893376
0.414610209544
0.405793216335
0.312827741148
0.356211986771
0.378366852042
0.418670020712
0.425938776932
0.445539106399
0.448412047212
0.425857226059
0.447461084404
0.431534711123
0.487330259122
0.496032364672
0.446313915741
0.470924492402
0.447727948564
0.451513711262
0.431003405598
0.400176083052
0.399301195795
0.4003648087
0.403137328189
0.397404400015
0.37823054652
0.36654497147
0.373865498757
0.394999370719
0.362812575723
0.359226823532
0.356359789231
0.328990260193
0.340869809993
0.309668829984
0.303423412187
0.306951012308
0.291765217871
0.312204800388
0.305772807597
0.273827208136
0.272309282241
0.28774518836
0.332769285571
0.333589884988
0.382192069737
0.370150404606
0.406113165004
0.402662488252
0.46276998574
0.462257600191
0.457512775748
0.435585341014
0.44402861866
0.408529436758
0.388355242145
0.378541683298
0.362278462417
0.34083113092
0.346202814002
0.337412412255
0.327012287856
0.313665788229
0.357418448956
0.355331501919
0.337174158016
0.352029663479
0.30149953602
0.309123076923
0.282740398557
0.28715637668
0.277237879012
0.312716701546
0.309612768369
0.339022898877
0.431840259484
0.412822572428
0.452159768461
0.447572566702
