0.808538587849
0.775013605442
0.746081816235
0.689337662338
0.570051466894
0.352505361119
0.142449440151
0.157005411243
0.1339170641
0.389830119357
0.261562998405
0.347746959794
0.440211384423
0.418064124236
0.432179043156
0.393842326124
0.459921867707
0.573409038292
0.601393281183
0.524306631235
0.606735731021
0.624165939559
0.611302443888
0.652440556126
0.621079887188
0.623530805153
0.626133975758
0.596863339291
0.571490782342
0.631020364817
0.573198460546
0.565399789715
0.567876066138
0.640052534488
0.664500077364
0.651593958528
0.666726013653
0.671749346302
0.632889425489
0.673219216552
0.652311447348
0.667481313926
0.658364368946
0.64216394774
0.64498254328
0.626734697444
0.598421134508
0.58919288678
0.599540346014
0.592181696947
0.574009475822
0.561787822201
0.499553619829
0.490738048228
0.464307974867
0.466175402934
0.464778095298
0.469969899773
0.480509245144
0.472818564504
0.471378847721
0.473495109945
0.481242511956
0.519543110357
0.53860123672
0.52598001489
0.509267630341
0.522156518146
0.521305930637
0.540594570726
0.51320601398
0.513312074175
0.457437027543
0.389400594892
0.456950093875
0.469052120503
0.49761700503
0.450880406437
0.491284791229
0.448543294644
0.477189348489
0.476319783774
0.470356800162
0.499236823819
0.506312876786
0.513450789353
0.495805744688
0.501825026987
0.541788870832
0.539365848363
0.571127733044
0.566654014842
0.53571058741
0.546031510786
0.530556530554
0.536850623384
0.529094346944
0.499379609557
0.45985275292
0.444650218765
