0.353474972989
0.625328512068
0.498047976881
0.473870228335
0.472346014165
0.511902746849
0.495640248258
0.566985066036
0.613758193835
0.44534910114
0.511832012773
0.478462994562
0.641871067455
0.552728387915
0.479065977153
0.375150495951
0.533914750403
0.532238376325
0.668639221067
0.623499021086
0.57262585721
0.474949648655
0.442459725568
0.652118608142
0.577033735218
0.619749376036
0.420357394164
0.496892425653
0.493137956721
0.594641718507
0.53369476343
0.659221586209
0.564362317399
0.557045543259
0.600269813106
0.597116164716
0.608222565009
0.542751377029
0.539760051411
0.767586930063
0.581365182901
0.406619033452
0.387107594701
0.445502993451
0.578864682353
0.591992050321
0.72267618256
0.632639162079
0.518314090924
0.596797436704
0.472500729846
0.386557065738
0.629107258924
0.623372594287
0.658799704737
0.663155574321
0.593961554787
0.539135105993
0.573346389459
0.429116815397
0.495114899338
0.555915210262
0.4955968235
0.446299075916
0.321404230453
0.545575341422
0.621931203295
0.636968142523
0.618826310541
0.531495407945
0.542224171266
0.29968506849
0.522811464265
0.551258757958
0.593979087269
0.576071566797
0.476408376399
0.480298172321
0.563440202397
0.544890934909
0.497502389486
0.380160285412
0.485813252574
0.486656945737
0.376436009468
0.442440142872
0.562971369434
0.526738696111
0.398310435071
0.392191412169
0.448891514532
0.280049902298
0.377070798144
0.622513384918
0.622410228643
0.446375526234
0.473140280643
0.459102372879
0.480278369832
0.474760266986
