0.334863273559
0.510663661317
0.544978382085
0.402501472928
0.333253336545
0.464004865205
0.555248947124
0.398062354504
0.557012908802
0.488990196638
0.556000853661
0.544704310742
0.488196388545
0.509604926419
0.507852193197
0.56308666334
0.565563874772
0.463596509686
0.376902777841
0.363752138891
0.456597182046
0.499345333397
0.487639611999
0.373197378193
0.413384398381
0.474393292057
0.534894234868
0.51089087611
0.490927992375
0.442576353725
0.456653011981
0.4387291625
0.620789808309
0.486567984383
0.503910255289
0.488464802927
0.42248908943
0.485005213812
0.624121724924
0.511039495085
0.513721115666
0.545236230803
0.492267357425
0.486950425154
0.436645859195
0.417444340275
0.412758664018
0.481425457451
0.467949959332
0.451798985801
0.440728231111
0.484778033683
0.488998414507
0.348882403844
0.298242519968
0.39889667544
0.296775667807
0.279235385607
0.37132511841
0.326039737147
0.348106707604
0.361857889567
0.387875479936
0.339159825226
0.433268637073
0.389530263244
0.331309229941
0.293295117243
0.318696066857
0.484061560523
0.518998483342
0.533069322106
0.520828955195
0.614208244976
0.560473997543
0.611455734461
0.575149238562
0.573279486399
0.570941761508
0.583650229408
0.533791258718
0.36964872754
0.565484214646
0.481525463838
0.558939332616
0.463549037975
0.540817254773
0.462242990035
0.370753537009
0.410947143485
0.38804211068
0.436291979742
0.314344023639
0.318667278583
0.39766380482
0.498426661165
0.504462241072
0.51339005303
0.53790847784
0.453527575758
