0.291632194932
0.455650562121
0.557960677098
0.48359041656
0.431866931501
0.49491573565
0.389148972297
0.416525408888
0.449463963795
0.433095525309
0.450334121185
0.554706395054
0.577524950018
0.585399312202
0.485593945671
0.457146968278
0.581490587032
0.607178153932
0.517259360639
0.63698646402
0.635432836764
0.544668939362
0.496467049313
0.600042197005
0.667874639205
0.587047367711
0.682652273605
0.69726530317
0.511329749115
0.59578939318
0.620482427438
0.564755312914
0.558950017647
0.553778166358
0.597144343665
0.598659054549
0.482152456834
0.56679227731
0.533054694521
0.547925593773
0.648466059008
0.655131621528
0.584199794473
0.6559216444
0.601214152138
0.571943979369
0.466142350077
0.635009136468
0.601178653296
0.430655493301
0.548677912289
0.587521712586
0.539025017645
0.614354240829
0.594124039805
0.578458614574
0.63067128248
0.633436415806
0.592107912924
0.572965516529
0.571345820323
0.429600366232
0.497403263326
0.620188292828
0.645417349393
0.585599497864
0.639442895702
0.591463203533
0.6303460814
0.552023749501
0.499249686321
0.455802421203
0.537081678705
0.623276563242
0.474860035003
0.649512463319
0.580941704244
0.555928516243
0.532554599753
0.538353214118
0.423956113135
0.597911895904
0.552430146267
0.629242613347
0.58491254341
0.576825369897
0.463184901112
0.57050376466
0.536907677991
0.539334116561
0.660479738467
0.547880118839
0.539073117871
0.523792113156
0.511208798992
0.522196034428
0.556304354079
0.457854668757
0.42473134462
0.367322630468
