0.8107528331
0.771420584318
0.728173036905
0.734465816325
0.727472846154
0.715358150857
0.674454865572
0.675345905
0.651242997282
0.665346380943
0.694320674408
0.640259095378
0.65550777956
0.670214849989
0.660926907428
0.621890326381
0.626786166376
0.607919009355
0.611863320644
0.565116067871
0.591937429728
0.563950651909
0.512133383502
0.51452523137
0.389825661793
0.398919772154
0.346930625741
0.340975955022
0.323607890892
0.34201696631
0.327686768496
0.306227960093
0.303338503033
0.262480874932
0.281106965199
0.26896288387
0.268192116164
0.292081652128
0.242504482187
0.262959666103
0.276504305976
0.298482956252
0.309626854051
0.290350503247
0.305840210638
0.312472051866
0.211235978931
0.182150933682
0.162945739324
0.0992721620124
0.0990964360401
0.0826695885843
0.0790368052748
0.0732133358414
0.0211810822746
0.0
0.0
0.0
0.0
0.0
0.0
0.0
0.0
0.0
0.0
0.0
0.0
0.0
0.0
0.0
0.0
0.0
0.0
0.0
0.0
0.0
0.0
0.0
0.0
0.0
0.0
0.0
0.0
0.0
0.0
0.0
0.0
0.0
0.0
0.0
0.0
0.0
0.0
0.0
0.0
0.0
0.0
0.0
0.0
0.0
