0.808958246806
0.786335180122
0.748244277287
0.758174595462
0.734783269778
0.748179657612
0.729482776654
0.733214134296
0.713699475474
0.657913650112
0.592119654656
0.60629845424
0.549243143556
0.580127329149
0.552511578846
0.56912863007
0.53325032056
0.485984868425
0.500330197906
0.622826193846
0.586575004666
0.627402108517
0.618227206377
0.580748830998
0.601508034012
0.469229977405
0.520160354134
0.535956569203
0.571618342963
0.575097631393
0.548821832658
0.529428583824
0.538719628559
0.558644840439
0.5347216881
0.47990104217
0.42604216779
0.434666938416
0.415848725902
0.41818401109
0.508692848185
0.497687055567
0.509263850665
0.481189609231
0.5033795638
0.427823564132
0.465718581527
0.429297644572
0.392948798373
0.322686473007
0.373101630881
0.389010379928
0.357530596418
0.353184305509
0.308273767552
0.26475109184
0.37950572554
0.340730660152
0.267437111648
0.282272922705
0.291640551737
0.285596907186
0.339253029808
0.292323409323
0.394098605252
0.351971143162
0.326846865825
0.353763035786
0.324376469406
0.325130768758
0.314585889727
0.262175198533
0.282519444791
0.252836079512
0.335175788525
0.330952092928
0.338807439192
0.338267387188
0.39284126039
0.348374581646
0.341892002516
0.322528316634
0.278279826822
0.258653888877
0.282301942335
0.241951746973
0.221881218688
0.1829872585
0.185023053406
0.178428458822
0.147841061295
0.149352069966
0.111596872948
0.152885415825
0.203302458789
0.121650393638
0.0899316978629
0.0698049208831
0.0554646441849
0.0490701324922
