0.813863798101
0.789235343103
0.762168503037
0.766064636564
0.740473354669
0.731768238681
0.700256535997
0.678994876831
0.696884556087
0.687214457843
0.68320246049
0.6667313961
0.733579220866
0.684982485276
0.658660106035
0.603390824917
0.639674402512
0.656508632681
0.613199837402
0.625123337534
0.605744134294
0.593324774648
0.60694581354
0.657388043394
0.640244233493
0.634309309756
0.618238240764
0.534779625596
0.512863989402
0.510002698103
0.470401929144
0.536681190387
0.517476375014
0.450420276756
0.405639623119
0.542745993929
0.563376880197
0.579117609747
0.561054137467
0.589671956013
0.551593761121
0.578607286484
0.556308053424
0.566631164415
0.530006765289
0.483401175806
0.45774686981
0.464506442211
0.517108240353
0.49019135865
0.523205883699
0.510778400468
0.499798302717
0.448044656251
0.497838029954
0.504032024326
0.501675560007
0.521961835158
0.541327413855
0.482853584007
0.530396306599
0.520948062251
0.533951904224
0.510754372929
0.485679186113
0.522791743413
0.533606801328
0.530467721687
0.532078474593
0.546291307689
0.534693960894
0.543961181653
0.588799231514
0.580320389602
0.614980994375
0.579314759766
0.586299190641
0.604796067733
0.558814477751
0.558374618949
0.577047526335
0.50065336939
0.481461614637
0.50272162464
0.531952866016
0.493902172002
0.533923843375
0.557090126742
0.557031769516
0.552056826191
0.594903218359
0.613647098769
0.577136320689
0.604200224637
0.560579772114
0.575368247283
0.562863068034
0.593468590965
0.524023091086
0.5255882899
