0.988842662989
0.945931874679
0.851646376848
0.751006727984
0.724818740748
0.566225266537
0.525103205424
0.562161910714
0.639735161235
0.663033774164
0.699743122101
0.647099286524
0.620591547499
0.623933550994
0.563714568386
0.455124916596
0.0876886473422
0.091409148579
0.204084023206
0.182353545077
0.169167639951
0.0667198599177
0.222581731802
0.234305038883
0.201147831013
0.135767801085
0.305832877015
0.183067143615
0.262879717753
0.173853195194
0.0908842298488
0.152247074139
0.396061417833
0.21585022182
0.196665862411
0.0651688683653
0.0720539212901
0.025302928865
0.0160286612313
0.0433474380401
0.0126917759986
0.0337598577345
0.165963030004
0.0491237342499
0.0036875582691
0.00179508363547
0.00305053747042
0.00172069939638
0.0493853118402
0.00182525918386
0.00939597079115
0.00218467376245
0.0514848765991
0.00339291559923
0.0
0.0105167445117
0.00333644789029
0.02433237289
0.00562692177793
0.00327450622597
0.0227048664679
0.00118927435086
0.00370357423124
0.00710943984229
0.0556166313536
0.236741639954
0.0275105531502
0.00704381991319
0.00949335923561
0.029352639646
0.0603956082264
0.00413560830364
0.0289049996235
0.049730596478
0.00896237367217
0.0
0.00392586235556
0.00902943203577
0.00476145560028
0.0
0.0408895521621
0.0
0.0
0.0
0.0
0.0065689404616
0.0278703258095
0.00339734128769
0.0107285711398
0.00569669594001
0.0
0.0323559109662
0.00212030707546
0.0041129504544
0.0307832525037
0.00449318016851
0.0356837464654
0.0302753056615
0.034398604355
0.00503427299561
