0.990310943837
0.928150476687
0.894253507854
0.875584652401
0.85468155952
0.857337613187
0.830800982858
0.788985036569
0.781279063061
0.782712771157
0.784525062043
0.828301877204
0.780822308698
0.766129208935
0.788799964004
0.781379205575
0.781092395368
0.827494007879
0.816203460179
0.756821092462
0.720522762508
0.764556441348
0.758524427732
0.746899285341
0.777617542003
0.595672659875
0.629626707249
0.663368958463
0.66691062994
0.702121051624
0.697891862419
0.685974435531
0.625882381799
0.590564990734
0.583786807269
0.59141641628
0.609946722056
0.606414167371
0.659787169304
0.683697812758
0.72990674152
0.69280641182
0.729719990592
0.709326622539
0.679309309636
0.665460938469
0.668697113517
0.655259041716
0.703775862387
0.704140839468
0.706556257047
0.745263156666
0.800666900838
0.764091544918
0.658829260919
0.61281504529
0.611344977811
0.668724382994
0.628394536796
0.62304136004
0.588555615654
0.555284828296
0.595961928588
0.605923103669
0.563731998541
0.553251475636
0.560062646987
0.578010469137
0.609162430303
0.673844020857
0.534042551737
0.615163262054
0.777836835152
0.70155784503
0.698185128781
0.693279971148
0.797175102632
0.773886636831
0.741568974241
0.73226313083
0.718401427859
0.703981600173
0.70486379102
0.715670787442
0.753756309469
0.823319856837
0.857863449689
0.877554040831
0.870885253986
0.881943506994
0.872672098286
0.863560380299
0.863879698603
0.806475747818
0.833628229731
0.825168513326
0.794934977785
0.789711833269
0.810059883257
0.798116703472
