0.988413726395
0.901390183533
0.751416989697
0.676256877242
0.700245850688
0.707796094311
0.782853775024
0.78517338217
0.706961074425
0.70704274595
0.652788536893
0.697715183029
0.695302287103
0.723646979269
0.68825966487
0.644107650223
0.608191160142
0.689517599745
0.636913991167
0.426539458349
0.603336217477
0.592757256657
0.624592152863
0.556705860126
0.477735681514
0.407254752642
0.236628178075
0.270965507774
0.269865739781
0.127964557457
0.102856607668
0.00382992031226
0.00742445191
0.0430510741451
0.0108012453307
0.0305423998029
0.0365961817672
0.0166896066274
0.00542363456854
0.0
0.0
0.0038084102982
0.0155764545902
0.0178448953489
0.00532841756165
0.00135016562753
0.0601826583242
0.0256646262098
0.0121138059639
0.0348613532146
0.00402769372201
0.0442219110409
0.0239311107301
0.0130892195861
0.0131907565164
0.00373210504039
0.00373148437829
0.0278420819546
0.0144703162691
0.0436103533348
0.0208019809754
0.0962426280159
0.121672942875
0.0993268021185
0.0118598186109
0.0
0.00211707949732
0.00411067642992
0.00182348251994
0.0286493823548
0.043060275905
0.0277430205538
0.056398647294
0.0
0.0324890511981
0.0195847820447
0.0370698902605
0.0259595806917
0.0140827175278
0.114189367409
0.00898041518405
0.0
0.0
0.0401229883623
0.0282208680887
0.0535924951713
0.0372053648533
0.0136827931328
0.0164233522761
0.00525121674059
0.0
0.0456996701492
0.0469207107256
0.0263434170377
0.0
0.00524894270404
0.0239083433242
0.0393289532177
0.0426983578236
0.068078253826
