0.991409200023
0.943257150922
0.843827190684
0.631751500202
0.622591450666
0.48782387093
0.399187459367
0.284554680948
0.165047836966
0.016531985096
0.172620420385
0.0294673183201
0.0
0.0179027189859
0.0
0.0212422369002
0.0328451385712
0.0153853881395
0.0169302103587
0.0156984060824
0.0641299157025
0.0408644394543
0.0233855670004
0.0145056611479
0.0598188634286
0.0723618877302
0.119681135794
0.144461799957
0.340761110148
0.434560078083
0.0818078653812
0.189571937619
0.147451899908
0.061362122431
0.0409233206745
0.0170641400865
0.0437824468401
0.025459946022
0.109705351134
0.0184021537917
0.0774269707493
0.126012436983
0.0698857984765
0.146461690121
0.0814025338618
0.0655331454481
0.0301829673542
0.0609268940742
0.0308627449707
0.0767896421852
0.0393893136218
0.0605649642113
0.0643759783182
0.0215222328235
0.039573703032
0.0418979050317
0.0771855236539
0.0280350945032
0.0322724632061
0.113167177185
0.0
0.0192671103053
0.0328955528273
0.0105949409484
0.00518074202187
0.0165548174491
0.126096213878
0.151527150926
0.136220342474
0.160293762723
0.410271709489
0.402067834156
0.626576486374
0.230332547327
0.0416506289314
0.0178411544138
0.0744265734162
0.0119021905961
0.0247685162054
0.00560348364127
0.010850856413
0.0545057837115
0.0114627491336
0.0460634766388
0.00751835098877
0.0725232561099
0.0673232316808
0.0477417179782
0.0167567379314
0.0162019173844
0.00790812723418
0.0218098198765
0.0496492399454
0.0342688539957
0.0501160095566
0.350639186133
0.180806208995
0.0329223558645
0.0828034647285
0.0912182689617
