0.244624901234
0.298624901234
0.865833851648
0.803524193919
0.973412355022
0.773832797875
0.973500892137
0.973531674146
0.958764861131
0.947931571737
0.978185178506
0.970304595142
0.866510514459
0.972669837693
0.952813187534
0.942957460769
0.901643025103
0.90239655861
0.98
0.978785956242
0.974493604055
0.844600321788
0.98
0.977356740847
0.948961715204
0.956424230633
0.816487109424
0.941537159218
0.901748675765
0.972921622878
0.98
0.836065026287
0.840914507152
0.98
0.923354531747
0.958755807637
0.98
0.98
0.975600063865
0.978811404752
0.98
0.978035808988
0.969330669507
0.9792
0.976913623314
0.856785875536
0.947613868896
0.976028543585
0.98
0.959454138796
0.870387800334
0.89005927959
0.919313034878
0.974606464783
0.98
0.96910551405
0.95832839489
0.941194693109
0.870876424026
0.966463836635
0.800021518815
0.642087429657
0.883789527102
0.945362770985
0.894961275391
0.971567960529
0.80198004522
0.915822301713
0.975799964195
0.949900276645
0.973576222539
0.978533056131
0.950911666226
0.974259623986
0.946119130095
0.947778973802
0.98
0.797847141995
0.302624901234
0.78796520805
0.859217344543
0.938311234041
0.98
0.98
0.98
0.98
0.98
0.978430496269
0.975856627361
0.98
0.907303532032
0.98
0.946706520788
0.9548986036
0.919806693485
0.98
0.98
0.978600884457
0.958487020003
0.977624112218
