0.722939287092
0.98
0.98
0.857719846573
0.96635088651
0.972053406243
0.945607921096
0.928064157133
0.576722903857
0.876778733473
0.877717046886
0.90239655861
0.876215426837
0.968228871556
0.946438982517
0.95206876261
0.948963521367
0.536969183016
0.750770553568
0.869186167497
0.527489957402
0.896991071661
0.97546149139
0.976655745839
0.97290528738
0.98
0.98
0.890823383135
0.976644717373
0.928133466707
0.976586163068
0.810914783668
0.244624901234
0.408624901234
0.839130324224
0.949173156108
0.98
0.885970071926
0.887074987461
0.803075396259
0.955518624572
0.918390303302
0.920416431546
0.98
0.799881753985
0.783363559775
0.816487109424
0.496116246606
0.380624901234
0.785762617304
0.896700741392
0.936368557483
0.961163538486
0.965843825977
0.98
0.889644572473
0.978600276264
0.89018973439
0.920542039712
0.966411801571
0.896700741392
0.792495968489
0.970169280112
0.965436891653
0.884242530929
0.98
0.98
0.98
0.974409936514
0.967624200284
0.975288481071
0.977331868488
0.98
0.978772431669
0.928070786486
0.836396993522
0.842981361596
0.98
0.970169280112
0.98
0.941520798696
0.946247210915
0.956236747922
0.856086792791
0.879584676044
0.918204349713
0.793451794803
0.915995885215
0.84055981327
0.959721503807
0.944865360867
0.897527424034
0.897781765117
0.961804774689
0.953153050726
0.90239655861
0.816387510351
0.816703454996
0.971327299251
0.945997451288
