0.704365167444
0.972423130643
0.98
0.98
0.98
0.972624112218
0.954128975086
0.966303293071
0.93738652108
0.952998189303
0.98
0.96011696438
0.946475153645
0.957743097814
0.977162807468
0.978768226179
0.908948043582
0.966618124377
0.725697431099
0.948083090025
0.851133161731
0.766624901234
0.321406823899
0.271624901234
0.809881096486
0.974057944488
0.725064816987
0.896991071661
0.870050464188
0.843333892965
0.98
0.78285624316
0.837643959582
0.98
0.894322481927
0.591406823899
0.690325131461
0.74982390765
0.48735179291
0.523624901234
0.798571740003
0.715435236651
0.541624901234
0.844600321788
0.841199521258
0.978720537068
0.844600321788
1.0
0.828778733473
0.973884424382
0.98
0.98
0.971597766011
0.98
0.858779713674
0.968752008705
0.965672465729
0.979
0.970122071967
0.966200169847
0.968800000539
0.98
0.940659075019
0.967823986823
0.937574373
0.937077485694
0.957398983865
0.97290463768
0.847898036076
0.971435871113
0.971338893766
0.973934576606
0.907192744453
0.965252711682
0.939329938881
0.751138784236
0.491674308315
0.244624901234
0.350624901234
0.361624901234
0.857829771604
0.866956945455
0.896991071661
0.806101371043
0.810101008938
0.707772550755
0.964775766488
0.952386245378
0.907691408841
0.979746211716
1.0
0.98
0.98
0.98
0.96551177049
0.958646495408
0.96160004738
0.881980731272
0.957881110182
0.932522602068
