1.35413315225e+253
1.14705346557e+042
1.05662197097e+201
3.50405428908e+252
2.5373877808e+249
3.65011661858e+256
2.30510025132e+285
8.4836257157e+286
14.4001882007
1.08678636161
1860423201.25
18108.0753687
8.696673063e+076
1.29620645398e+091
288.839687377
1.8503534533
36.1976572192
3.72255091048e+227
0.263071945451
2.1043478432e+298
1.54481858102e+288
1.5286797085
24.3218766428
4.64397167986e+230
3.82956671895e+266
0.468862197079
2.1881556857
0.890964003873
0.206607076761
380.958709398
0.168071632493
1.03052330571e+027
1.28143704045
0.108319641562
2.07081763694
4.60695872972
7.14475889478
0.113481985106
0.702028003926
0.579254847217
0.696424171251
0.127224611962
0.202891404284
79569297.7427
0.21982153323
0.0575225365461
4.81781779382e+041
1.70792232635e+051
1.73969551307e+016
0.262788023953
3.39539289496e+202
8.73487020437e+195
27.8360229324
0.336744664096
0.0460746233052
0.113370076068
1.45234112867e+018
1.05335069054
0.0875847988834
0.854014164999
0.771882484081
0.347320249394
0.608617491377
0.934670106584
0.457697581468
0.292396617999
0.361643977579
2.08714798298
0.0465915386553
35596380.9207
3.14082417006e+266
25141001.8984
1.78177374036
2.04784029979e+253
1.50527136347e+059
74.6159110035
0.355709994197
600169.940354
52.2699020914
1.93471274337
1.61988324512
0.437502760863
4.12045791389e+056
4.80040343512
1.04883916213e+029
3.33468888456e+283
0.415869443531
1.19841594139
1.105255776e+253
1.00331759377
0.56893929653
0.406930119154
0.726550961872
0.220639120959
0.685622586422
61.3413085537
0.300985027367
0.105256971453
0.161811647181
14780.2123548
