0.309267977484
0.395989265847
0.428084549239
0.460729923281
0.469125299717
0.455554239426
0.461298841479
0.447482932032
0.396889289069
0.47216637848
0.498248400158
0.514051928707
0.381244960704
0.37610735211
0.48148809036
0.296190106887
0.317783028387
0.337706234943
0.309490608664
0.240531282341
0.241890442844
0.387452590042
0.448303576426
0.351063874921
0.473171685281
0.402659588088
0.347258208877
0.337917769528
0.389422908567
0.439820921222
0.321422368549
0.243172693964
0.471228870415
0.540700896151
0.413350691142
0.380990714158
0.365498544791
0.3648038501
0.338644561035
0.433219569585
0.644927690411
0.4887963856
0.482265278439
0.471133550869
0.443610462229
0.480353552617
0.520069083794
0.515163395626
0.516610814756
0.418097837293
0.372059782325
0.324868385217
0.278284035709
0.286657645224
0.419975085392
0.449332677408
0.431010263119
0.338401455234
0.41899339737
0.465173264493
0.473205938607
0.408212481894
0.394473304578
0.263160625319
0.425488852596
0.458504422171
0.54086444446
0.505138963525
0.406685226752
0.441956711763
0.435641378042
0.38440885715
0.425592731917
0.513330745236
0.560445213702
0.560756001727
0.569682949496
0.552320928753
0.522427906219
0.55620591658
0.481217529754
0.449189068723
0.48157919004
0.445375479691
0.498746972753
0.463220089078
0.445530632525
0.392923240252
0.490430444778
0.40071553948
0.425205447269
0.470398963819
0.519633795303
0.408555852875
0.50611751952
0.544352050296
0.533595812319
0.524087453584
0.479264689222
0.482419157925
