0.29531939675
0.401454929485
0.484612128569
0.424545506022
0.320638738758
0.393245331414
0.444732417036
0.470339256709
0.363186910332
0.33522524986
0.356707206482
0.365948013426
0.34630147432
0.461108461007
0.532342767788
0.475381976813
0.459728558071
0.444117462849
0.541698312715
0.41494295323
0.396286791399
0.369122683753
0.439924912889
0.408000457757
0.547664561692
0.524650498089
0.569272718063
0.531452533013
0.475389523865
0.458888898358
0.467159252985
0.616516026979
0.591963506194
0.557515472526
0.443781200571
0.417105228092
0.433726939654
0.4173444253
0.405628424394
0.54507010637
0.472619003696
0.441344407346
0.443452754051
0.527282988551
0.601479031707
0.47672524651
0.499470488151
0.540572719895
0.478158561995
0.521019163529
0.491879039135
0.448950537124
0.340397081228
0.491879405913
0.564362532516
0.425742216548
0.503277987901
0.539993593982
0.601892330293
0.626706318907
0.559394619324
0.477098460725
0.539921882084
0.475753676249
0.426857098352
0.656742624639
0.529604894854
0.625007880894
0.603681861966
0.493784092825
0.599004756168
0.444570931847
0.505560709352
0.479181488657
0.510791042599
0.486153129102
0.428374739323
0.441263868281
0.449305489899
0.413462019605
0.334430456094
0.424083614811
0.446747912233
0.402857033192
0.440945417438
0.500733113
0.487460634945
0.459324756422
0.473734863406
0.595183309998
0.531575984925
0.471090879175
0.579797093764
0.533714304134
0.594406297759
0.528684268775
0.48236285671
0.49821790158
0.560892758261
0.631947405758
