0.259688186355
0.333479457315
0.475667250254
0.373545191155
0.38444071528
0.292071290159
0.480107276429
0.418001093684
0.311148923335
0.350532258998
0.452564966779
0.456726348729
0.497978619095
0.412130746271
0.433778175855
0.393207122669
0.466810168864
0.500810306103
0.408519529979
0.557823488741
0.549761659885
0.461326857758
0.450994325087
0.370116624377
0.262700459421
0.357637552421
0.394751163351
0.508705341865
0.474419001039
0.46095184977
0.38244709284
0.412793696232
0.371227444816
0.57061327781
0.485359772923
0.498474300866
0.646837299095
0.512144946925
0.461431978961
0.527214972746
0.448468003002
0.516652131819
0.485662946282
0.418070863552
0.466821351517
0.490428698116
0.548325341871
0.53769088582
0.544332365624
0.527939837447
0.458106404982
0.467130664447
0.452145178995
0.510867825964
0.512463692376
0.439886296842
0.373836631219
0.415985609759
0.398807882309
0.442325366989
0.475222584964
0.410335962265
0.53886771514
0.52986119006
0.516308663915
0.445790792118
0.445333620188
0.400189647266
0.430984678349
0.401082517682
0.332717580815
0.389263819436
0.528694165653
0.381582846956
0.51900007547
0.419884390038
0.372585764592
0.404896761446
0.498908689019
0.464545979858
0.496818571593
0.502103861593
0.578786554879
0.511540184594
0.518583913842
0.501905447981
0.374173870491
0.294849480952
0.34606604058
0.406098128905
0.339305414579
0.298598337017
0.366324997748
0.448553324645
0.547108054223
0.580817990162
0.593572809702
0.485538907859
0.448371980985
0.496612085634
