0.309848979631
0.44826813402
0.48498201299
0.490359617292
0.478306730074
0.506037962713
0.423114644802
0.405400857779
0.361998200142
0.564482522917
0.419729907758
0.377403181988
0.49993551437
0.540201818798
0.528689647698
0.460232583582
0.486212784552
0.586334379951
0.531812723691
0.448695508199
0.455983936283
0.54909434662
0.563392680274
0.524494060427
0.426461964919
0.535049017211
0.510306480699
0.471281348635
0.550318872538
0.620480530685
0.555724472671
0.421203433435
0.553692353396
0.491087882659
0.387670803683
0.263769065492
0.376027465909
0.45671088579
0.463779706727
0.441505801186
0.389656428912
0.560721381581
0.572805105555
0.483738725896
0.532739967741
0.55937905205
0.557610421449
0.5510932811
0.487040457366
0.481876295434
0.582727826061
0.498969482591
0.528223061928
0.506652381649
0.505381099732
0.528546210115
0.530229159546
0.406680031493
0.436871283056
0.405031955516
0.443446627191
0.487574220146
0.470344574304
0.447761614425
0.61436607059
0.511999738487
0.491829059507
0.330236392766
0.340295363878
0.351802396234
0.474206312643
0.361645957603
0.444138123292
0.496346259051
0.602026389371
0.526191472089
0.441065498192
0.537798810908
0.554469355305
0.471557626812
0.527982157553
0.461770527252
0.498367397907
0.378014665148
0.484631971872
0.526477849053
0.501925711678
0.384063157162
0.399760712481
0.58195433156
0.521208906598
0.547897807948
0.41142190349
0.579036414137
0.582252627881
0.422717329437
0.47204797599
0.532393060269
0.514711748235
0.483326836718
