0.31615870965
0.544153035969
0.578502460798
0.46770564578
0.315659159673
0.382933240883
0.342696071622
0.250977262954
0.342617786884
0.293016757472
0.394214383986
0.449497414425
0.391112852358
0.445871514682
0.545586672836
0.51735764369
0.525089712882
0.476351196181
0.580431269876
0.417840767062
0.38715336323
0.346105465564
0.444562509613
0.431990192224
0.294239725172
0.379192412768
0.522794937727
0.41179815092
0.522554566937
0.412499737617
0.387078916772
0.465520740593
0.485334790007
0.477637620376
0.424306030278
0.460038879859
0.524593467171
0.550182851057
0.459488633509
0.468983344773
0.497652329412
0.529165883108
0.539632242524
0.649836017444
0.619012161674
0.46283392109
0.397811946598
0.440661981346
0.487961108816
0.485065427214
0.497627356292
0.551903810193
0.557799254057
0.49709532074
0.480165739954
0.514293885755
0.532951439904
0.516190489546
0.413764091012
0.490810338159
0.397510608883
0.518931804034
0.46796139209
0.396437043141
0.3936880921
0.247532710699
0.278156694197
0.228264030758
0.300052798978
0.331944605448
0.394715888855
0.32645731666
0.413648048941
0.413050141142
0.578716967985
0.419499392699
0.476095050357
0.440882243393
0.505711932283
0.40526326297
0.388390719403
0.357257728441
0.453541851595
0.392506277179
0.460288836695
0.460531629616
0.520000391919
0.473774923034
0.455069574208
0.403579327688
0.391112487521
0.476972314719
0.419364795938
0.500177449075
0.447515669252
0.451438443216
0.540626328667
0.531700610624
0.472685047205
0.485114791293
