0.78174428184
0.98
0.98
0.98
0.98
0.976616845553
0.98
0.98
0.98
0.98
0.98
0.98
0.98
0.98
0.98
0.98
0.98
0.98
0.98
0.98
0.98
0.98
0.98
0.98
0.98
0.98
0.98
0.98
0.98
0.98
0.98
0.98
0.98
0.98
0.98
0.98
0.967403166927
0.98
0.98
0.98
0.98
0.98
0.98
0.98
0.98
0.98
0.98
0.98
0.98
0.98
0.98
0.98
0.98
0.98
0.98
0.979724491866
0.975237791142
0.98
0.98
0.98
0.98
0.98
0.98
0.98
0.98
0.98
0.98
0.98
0.98
0.98
0.98
0.98
0.98
0.98
0.972361690367
0.979780930107
0.98
0.98
0.98
0.98
0.98
0.977390764517
0.98
0.975937869582
0.967697526293
0.98
0.976414054899
0.98
0.98
0.98
0.98
0.956197103799
0.97327203363
0.98
0.98
0.977999703799
0.972695595438
0.98
0.98
0.98
