0.863049722284
0.98
0.98
0.98
0.98
0.98
0.98
0.98
0.98
0.98
0.98
0.953710914288
0.98
0.98
0.883562018445
0.84788824939
0.98
0.98
0.979389020729
0.98
0.948657892763
0.98
0.887892385551
0.910750478344
0.98
0.98
0.98
0.98
0.867434003414
0.905522512437
0.963881023573
0.98
0.98
0.98
0.98
0.98
0.98
0.98
0.98
0.98
0.98
0.98
0.98
0.98
0.98
0.98
0.952341163946
0.975638091055
0.937370894676
0.98
0.98
0.98
0.98
0.98
0.968472887285
0.98
0.98
0.98
0.98
0.98
0.864191305016
0.615352158463
0.939528319951
0.98
0.98
0.970971460972
0.979395486623
0.977538934671
0.972081574366
0.98
0.975308336863
0.977371134215
0.98
0.970055639894
0.970598336134
0.965141022139
0.98
0.961526498836
0.936245181943
0.888351208204
0.98
0.98
0.979890780867
0.977375180946
0.924112891984
0.98
0.98
0.98
0.98
0.978156374809
0.98
0.98
0.978221877255
0.979157120485
0.98
0.98
0.98
0.98
0.958194514159
0.98
