0.818699068236
0.98
0.98
0.98
0.98
0.98
0.98
0.98
0.87336346209
0.950275433391
0.98
0.98
0.98
0.98
0.98
0.98
0.98
0.98
0.98
0.98
0.98
0.979204238152
0.824426784892
0.970350621962
0.98
0.976409742399
0.98
0.975109588925
0.98
0.967566877437
0.98
0.98
0.977409383638
0.98
0.967271324378
0.98
0.98
0.637986156134
0.948606841731
0.98
0.98
0.98
0.98
0.98
0.98
0.98
0.98
0.977073497249
0.94582136543
0.911357146076
0.98
0.98
0.98
0.977374982348
0.98
0.98
0.98
0.98
0.98
0.98
0.98
0.961407179594
0.978804372039
0.956987677487
0.98
0.948718657751
0.978792264634
0.952725589797
0.98
0.98
0.968203140469
0.98
0.98
0.979
0.98
0.872747393747
0.98
0.98
0.979594184761
0.955246451163
0.98
0.98
0.98
0.98
0.976764477359
0.98
0.98
0.98
0.98
0.911654858565
0.973009863744
0.952820352862
0.98
0.98
0.98
0.98
0.979779443195
0.976850948485
0.98
0.98
