0.723832605322
0.98
0.98
0.98
0.98
0.98
0.98
0.98
0.98
0.973064136235
0.98
0.98
0.98
0.98
0.98
0.98
0.98
0.98
0.98
0.978611430144
0.98
0.98
0.969255882966
0.98
0.98
0.98
0.98
0.98
0.979
0.98
0.98
0.98
0.98
0.98
0.98
0.98
0.98
0.98
0.98
0.959944860691
0.972606358525
0.908143456445
0.98
0.98
0.98
0.98
0.98
0.98
0.98
0.904851920521
0.970706508828
0.941304850237
0.963577094888
0.955449558403
0.927110792495
0.966320765418
0.98
0.98
0.901543711853
0.947271499231
0.98
0.98
0.977028872715
0.973631153534
1.0
0.865441445463
0.98
0.98
0.98
0.98
0.971869403933
0.955873941123
0.965480324129
0.98
0.98
0.98
0.98
0.98
0.976281226913
0.98
0.98
0.979016116047
0.98
0.98
0.98
0.98
0.98
0.977265403092
0.98
0.960722211465
0.816815089309
0.98
0.98
0.98
0.98
0.98
0.98
0.98
0.98
0.98
