0.791733493184
0.941997635656
0.948632456656
0.856556980034
0.975609399167
0.915627690727
1.0
0.928140672449
0.98
0.976638052112
0.98
0.973042637397
0.98
0.98
0.77972162295
0.902593544058
0.927371997262
0.640985154117
0.813178163062
0.744951888303
0.842700261858
0.98
0.968309798969
0.94455080708
0.974449404994
0.970616114785
0.849763552587
0.973620969564
0.962899517149
0.775043907169
0.871165992698
0.900865167263
0.97420516429
0.974607688205
0.97420516429
0.974269693124
0.899651591507
0.942388812375
0.966494959896
0.95340852153
0.977202151502
0.773802860861
0.721659779306
0.579652133402
0.606985152758
0.82604359425
0.974362642465
0.95790230262
0.889501634764
0.966290663648
0.937794960953
0.974331939702
0.876728554833
0.974607688205
0.955509312839
0.8599350505
0.888960523135
0.929653219289
0.476772635435
0.786962716436
0.910724860141
0.83973529905
0.886843341125
0.962079462771
0.890349398297
0.974138414137
0.924110827877
0.733314000482
0.853795722786
0.633709473903
0.756476072939
0.787019358053
0.933488546064
0.858415241967
0.967797738787
0.911357007791
0.960780882499
0.960626313446
0.881085520123
0.954259287659
0.806156452419
0.968794030307
0.957025781796
0.974504565064
0.95033855943
0.879964020408
0.974557325478
0.841526769597
0.951868416669
0.974331939702
0.815895361326
0.974034606674
0.974138414137
0.936596940505
0.952257525441
0.828242235278
0.835182710275
0.807095359643
0.856415592946
0.770346416491
