1.0
0.854308401988
0.916860521524
0.98
0.98
0.98
0.98
0.98
0.913692552825
0.888427898716
0.9782746954
0.979129168986
0.98
0.979129168986
0.973360425191
0.98
0.98
0.941966256971
0.98
0.98
0.98
0.98
0.98
0.98
0.98
0.98
0.98
0.98
0.98
0.98
0.98
0.98
0.98
0.98
0.976029108412
0.962955782448
0.9790959355
0.98
0.98
0.960501394032
0.98
0.98
0.98
0.867908469575
0.978791772391
0.908536756462
0.868305833394
0.966087070318
0.953255822887
0.978714944807
0.955883332204
0.98
0.98
0.968403252449
0.973987174573
0.962220885624
0.98
0.98
0.969836821302
0.970121091585
0.962059802742
0.98
0.965886917613
0.75149065845
0.88288706896
0.98
0.98
0.98
0.98
0.959349730322
0.955909398901
0.98
0.98
0.98
0.98
0.886986544238
0.746779587509
0.680474555757
0.519867896829
0.842700261858
0.86430749945
0.7692323736
0.849790773011
0.98
0.98
0.837607557305
0.976857902349
0.98
0.848909121938
0.836376918216
0.877892869432
0.922523568847
0.934070948879
0.882404200838
0.948351861887
0.98
0.98
0.98
0.933978468796
0.98
