0.819353226787
0.743328102483
0.718889899374
0.658742631594
0.579135135169
0.525499331505
0.471506248861
0.499020515847
0.517891283454
0.421597636891
0.370076997036
0.538285668855
0.40185994454
0.385659143932
0.393653316203
0.420030528957
0.429080066984
0.389403066898
0.35404123147
0.398300168526
0.32733782499
0.257552322314
0.282818562339
0.250751785416
0.206308869325
0.431012619207
0.533652471326
0.458843060792
0.350586249386
0.260672296375
0.303801195653
0.105898350112
0.0675877972698
0.0562092179423
0.117376375184
0.292828885448
0.10268610776
0.118461911023
0.141954395145
0.272422902429
0.174384846551
0.33696792702
0.305612819783
0.218594975666
0.321006431701
0.41954888244
0.43357815703
0.410536901776
0.327483192275
0.248317485238
0.30227952661
0.369230343023
0.367609301707
0.318323992465
0.285364720537
0.318996877005
0.199075054345
0.200610125145
0.299208944697
0.217548195885
0.276925150489
0.291705129776
0.226653533598
0.226812314801
0.182069334707
0.191199981409
0.254535439546
0.288987308853
0.28237282205
0.235461136943
0.163542614916
0.0858197537711
0.0903253259757
0.0634230678045
0.13329825192
0.174634901741
0.169455578977
0.297314197278
0.19540880501
0.215311526797
0.285362791749
0.466986025913
0.489303479632
0.491571323211
0.564392122231
0.49409098416
0.483767593639
0.453676681073
0.463646204507
0.408753587872
0.440340695246
0.46413710036
0.296993834377
0.302594103224
0.26072911042
0.166896734171
0.15306014535
0.197604465445
0.184766179105
0.247370713279
