0.821522579393
0.765105622853
0.72388900307
0.703221685547
0.618024191185
0.589524410413
0.615826353363
0.531771620093
0.560746761628
0.579374441263
0.579328994845
0.559425056963
0.59621184324
0.54598389797
0.546263432233
0.51740243243
0.517889800383
0.564511900326
0.500329893594
0.510590814741
0.479767752833
0.505584046288
0.401970981865
0.319255869931
0.275631820016
0.127856841345
0.219531884291
0.283159369247
0.142209519781
0.1480800766
0.152821929484
0.138329171998
0.161752968488
0.0964927251792
0.13938545183
0.133513783075
0.218052913961
0.215011275676
0.250295537057
0.288897798172
0.385047036936
0.307323672742
0.303939300574
0.273936946134
0.245205588491
0.201249710884
0.177215263547
0.240403187548
0.152245115184
0.164048564994
0.200299209729
0.36110424477
0.170702572985
0.240766585873
0.310608773454
0.322463752456
0.267822097881
0.249886187373
0.323797863395
0.333437685381
0.327843722928
0.364811400469
0.380938279625
0.426802144708
0.369136951471
0.414791807262
0.356141426575
0.345210662039
0.412829146859
0.412198907748
0.397430628131
0.405844591835
0.42871090305
0.437795881164
0.381062945296
0.382710335168
0.38736828431
0.360553526572
0.381561109964
0.38043978474
0.417103972904
0.396986199293
0.426958443156
0.429530623871
0.412294333963
0.405860658545
0.410396240475
0.445142719032
0.432960843699
0.402863775293
0.401559163641
0.393803279244
0.387196374957
0.393704064225
0.385750092
0.346152547473
0.382920976905
0.39888346593
0.375644305645
0.376841294301
