0.782668244241
0.968536966672
0.978742977068
0.963221238646
0.966660191776
0.97268741275
0.977937046603
0.903683069241
1.0
0.838458749433
0.98
0.979628270869
0.976920333355
0.967655167669
0.98
0.979363450635
0.836425041459
0.91842530694
0.812171254281
0.98
0.98
0.905313402061
0.801137606696
0.748340456995
0.573315476685
0.883586789819
0.95602101992
0.978728109398
0.955509541496
0.971236241811
0.975280497807
0.942449406003
0.979373358628
0.776291099067
0.773791037
0.242985152758
0.242985152758
0.242985152758
0.55116692955
0.738207643406
0.978307636563
0.82846952376
0.819702198092
0.495902869753
0.803220169802
0.976910548591
0.976913655784
0.832520784449
1.0
0.921080696653
0.98
0.979139007452
0.891011758769
0.98
0.977730065298
0.967479201585
0.975167772936
0.912866876686
0.972683580634
0.968849400533
0.973329135085
0.687265691326
0.57980748795
0.817680946491
0.98
0.97826984062
0.883159502292
0.848009265241
0.903004824701
0.806271772454
0.579819249319
0.896830443239
0.972931865999
0.98
0.98
0.98
0.98
0.977907595819
0.947797874851
0.867759039512
0.809442920344
0.847942428429
0.614162545277
0.552048593188
0.922693513
0.840093933749
0.713475450403
0.242985152758
0.242985152758
0.242985152758
0.242985152758
0.744934087697
0.918080238642
0.978569962051
0.98
0.76849065845
0.788254272774
0.836974865074
0.975715885163
0.98
