0.300677611426
0.511155318336
0.486879696159
0.6868601597
0.640768012803
0.661152559448
0.653207388244
0.689044831882
0.688587634955
0.595466876273
0.559464258537
0.653804665079
0.698326456644
0.712085343792
0.72609950855
0.803935312146
0.761173618129
0.625486511587
0.682445291972
0.69991508773
0.716975965173
0.798283062475
0.729355879872
0.70111424239
0.728950060128
0.706437500536
0.69526822346
0.77331174122
0.684489618135
0.726328960271
0.762624376738
0.709466805316
0.667923928818
0.685125127057
0.774795775503
0.800296033742
0.811839522664
0.812149538924
0.836183586738
0.766870438472
0.656951949166
0.648206941838
0.736631700073
0.642475957254
0.659046894171
0.747131574896
0.797747117984
0.698959246994
0.758740665085
0.689777893187
0.658919385754
0.730461982028
0.785543071921
0.824619671713
0.736399792255
0.663194791947
0.734829252133
0.73938551388
0.730351750018
0.795112270889
0.68644027504
0.742022752365
0.754603139993
0.758664704439
0.783277985976
0.726575789778
0.607148153229
0.732616117479
0.769545685519
0.731097740022
0.637691822284
0.782550513029
0.829127516604
0.779066014557
0.770533720542
0.707505826768
0.638416913207
0.655500415083
0.627787202319
0.704365260379
0.532368446751
0.662109108172
0.591762409924
0.64054973804
0.530620859103
0.659256378513
0.59940244442
0.605547682194
0.707771060936
0.732273405169
0.64334640194
0.561108583737
0.634150926167
0.689660861985
0.713167793355
0.638899325278
0.678482400315
0.619388034189
0.710575929635
0.638139415215
