0.296766891712
0.408314442139
0.431727388059
0.603970109085
0.48864901483
0.512766088369
0.570385175041
0.629598341802
0.582760304953
0.670050293518
0.612338186066
0.657310086182
0.627140980382
0.620179254607
0.523820618908
0.556462204816
0.62311747835
0.62486276935
0.591514546117
0.638861802184
0.665924232798
0.65535669372
0.771100195384
0.721024270233
0.667305265647
0.591633008707
0.513634717939
0.549100999094
0.50689982363
0.566922780038
0.48625068233
0.437313193857
0.573817788801
0.715276540814
0.648011822619
0.594392835385
0.549772144246
0.611162939004
0.613220364352
0.709099881268
0.741992718148
0.721373800657
0.695487736312
0.726443784147
0.745066338835
0.751861446013
0.700933232857
0.700617210785
0.734822830734
0.621549349524
0.657132676855
0.677746461837
0.653786803795
0.681132447753
0.715127363309
0.717836208173
0.697162651524
0.754853225997
0.6876400133
0.596226733976
0.544273324092
0.688782641319
0.736382178883
0.763552094815
0.694740699705
0.663445844986
0.637375428316
0.798360999047
0.672659336701
0.542020808401
0.57991321161
0.702768410772
0.714476423794
0.606057683472
0.615764879128
0.710491542604
0.695642045988
0.721752038473
0.7172006675
0.796669968173
0.851157157079
0.737278787897
0.674682977978
0.719117997493
0.722221517515
0.76245180838
0.772599250915
0.665819454484
0.667004781184
0.756606709458
0.690568710825
0.766641431504
0.77631312022
0.738310516318
0.776659667759
0.783799906514
0.688890548039
0.619879245683
0.701277168125
0.618743984127
