0.813003663004
0.72296195212
0.648360401003
0.580856680162
0.547699967868
0.525128205128
0.518259250691
0.528076895035
0.489090890775
0.464992961763
0.432906486555
0.416507692706
0.432689253279
0.405284390463
0.348489373121
0.226336996337
0.381025641026
0.205982905983
0.193882783883
0.0494871794872
0.0463706192022
0.0333447739237
0.0513132377027
0.0927667116509
0.031730418562
0.0481866506182
0.03
0.0874014005909
0.132877492877
0.0461286549708
0.127263388895
0.0926869995502
0.168293297346
0.218563764574
0.137476179013
0.194419703104
0.106820790021
0.156365452092
0.131919588424
0.200924558306
0.122307692308
0.196585095217
0.244586894587
0.226639112797
0.208162086783
0.151106072874
0.217915502547
0.152735042735
0.175774577817
0.0332887989204
0.0650317588844
0.0695505270453
0.115555555556
0.0589743589744
0.0652315351789
0.0801804768331
0.106638053438
0.0201986504723
0.03
0.059623350476
0.04020056899
0.0
0.152446384152
0.0612098065677
0.0333054430949
0.0341656190604
0.020937685864
0.0933621232569
0.113675213675
0.127713900135
0.0745785874944
0.0901264373685
0.0478716441137
0.02
0.106650094629
0.0748753936122
0.134670946961
0.106974958764
0.103162393162
0.0796188058504
0.149451594969
0.0332133469502
0.0672861665315
0.0430388759365
0.134384292389
0.181180106907
0.0
0.0331141830089
0.12513405065
0.195136065157
0.208283097132
0.217597168018
0.169454081612
0.210826210826
0.16501362415
0.187205797881
0.182547368421
0.123572673888
0.171634834835
0.191538461538
