0.810989010989
0.709649113636
0.661062271062
0.596139271255
0.5406409585
0.584565434565
0.636730267299
0.615377955378
0.616739099329
0.614097014097
0.600584986943
0.59258744764
0.509505792453
0.512491284439
0.506885457643
0.518981293339
0.47988819693
0.366027524133
0.304472168641
0.307114254167
0.475528305223
0.35636030636
0.332060532061
0.409078329078
0.451595047378
0.481643522065
0.427598696067
0.400618001061
0.321125243462
0.365624991446
0.346928884193
0.420866558147
0.5358267261
0.556225413278
0.555300873932
0.521260592373
0.474814078393
0.525156839157
0.496572269835
0.4721842533
0.456442718783
0.548633141159
0.513735732488
0.579724065408
0.601703097102
0.541978021978
0.513461345672
0.475824175824
0.390465215013
0.372549373434
0.33554507415
0.343573324461
0.23909262484
0.169438339438
0.208990688779
0.171639185281
0.185250717924
0.132019774362
0.176089466512
0.228348737633
0.244613780378
0.311089926281
0.337480088145
0.297832773535
0.309478253246
0.240471473208
0.151901329134
0.168643494971
0.20360098344
0.221369140801
0.305888227151
0.298919459425
0.258129404708
0.136263736264
0.125724275724
0.11442942344
0.0972035165942
0.126861461461
0.121884401232
0.062682714409
0.147384995307
0.084055484866
0.116285254904
0.099639868903
0.147364574812
0.108212226524
0.109076735451
0.0867933542633
0.0864276899014
0.0976748244975
0.208197908737
0.15408292804
0.176125607627
0.245307235258
0.367794295032
0.267408279607
0.350061130809
0.421095834235
0.357826546037
0.253290187112
