4.8404871129
5.58760207655
4.51777614403
4.83927389403
5.19366340868
4.5557940268
4.7949624435
4.81751337718
4.72278406272
4.89198778325
4.92648515899
4.59771709532
5.06660090784
4.74142810767
4.79784309749
4.87087433053
4.96932719305
4.69031583626
4.80769457373
5.03432928726
4.72281244273
4.98991022896
4.74896097104
4.85912106459
4.78070224716
5.27207342222
5.10417490781
4.57153637491
4.69949500291
5.07212315549
5.43057682715
5.46920970025
4.93767372369
4.90397731509
5.53213179596
5.71124044279
5.4869953533
5.4397556676
5.65182483659
5.73605873572
5.48260980597
5.06149131869
5.32881831485
5.33730768306
5.41161399734
5.20604193201
4.95878086991
4.75095143166
5.27104211835
4.86121689798
5.31042280343
5.14596407645
4.88140948213
5.13239602543
5.37896255172
5.5444070973
5.33529505018
5.42638241262
5.79279211116
5.744420678
4.98751032089
5.18737156564
5.40769676022
5.34686062962
5.04960808426
5.4429640493
5.46143255892
5.1749300757
5.16860761242
5.7115802828
5.43238635612
5.18882651813
5.1177332303
5.5484871714
5.78214812156
5.06756861576
5.06127496536
4.73269720428
5.02672955008
5.09856877157
5.26142993741
5.43457759618
4.86757724074
4.68787116089
4.74586463832
4.9052363747
4.53442771105
5.06440569239
4.81330757467
4.94014796817
4.71443713036
4.7868693551
5.17151872119
4.89710479369
4.72698235882
4.59687534969
4.38372969827
4.6454997747
4.8299776076
5.00633391189
