4.64592989551
4.40006515185
4.29690299823
4.20111402442
4.43853131598
4.69976289672
4.44667388245
4.50318782753
4.43474467323
4.55294102793
4.53035246239
4.74354636811
4.81391416346
5.06861450753
4.83151067771
4.92949975818
4.64761261488
4.90118356831
4.78678807734
4.25250831438
4.70339509217
4.83391314947
4.80715255534
4.53564364942
4.7241144748
4.76716635442
4.46608781014
4.48473496377
4.68174948141
5.01716538167
5.04031646335
4.96104920647
5.05284848291
5.01860052121
5.21395619974
5.16306882639
5.01775832281
5.39931179728
5.09407019787
5.24624482029
5.36234533781
5.0091879309
5.03777031463
4.54923013989
5.28555508008
4.99701835787
5.19100654753
5.41645515942
5.54795120016
5.03133419199
5.0535751796
5.15229264423
5.30852642028
5.20245912438
5.09209450936
4.91302206383
5.12949231724
4.85940874778
5.42573532964
5.22770537165
5.22296606198
5.07371419551
5.05429492928
5.08488597046
5.15530031967
5.24423225202
4.90217606967
4.83363045267
4.99183374085
5.32443938229
5.22396989246
5.0497904797
5.00896509474
4.94415673305
5.28909564162
4.91253679111
4.95731604931
5.0800923055
4.89293491019
4.96567811991
5.11657669776
4.80902442324
5.13269924103
4.79178812327
4.63114988806
5.11027673045
4.86811069781
4.93103341029
4.70715204617
4.981474316
4.52751077125
5.336635827
4.30115132966
4.77087873481
5.17045723178
4.64151615401
4.37122190306
4.68059412195
5.22563910502
4.94336292615
