5.05724493422
4.93997831079
5.28891533302
5.06702238704
5.32923915924
5.24584799571
5.61561851823
5.07948718193
5.46945945937
5.54990831788
4.98726417522
5.20688688211
5.50661639391
5.49179882024
5.08007880691
5.14909962212
5.10454524363
5.54559157544
5.0640735056
5.77135542462
5.07782638978
5.53828856699
5.45252537285
5.09409995575
5.11748816041
5.38282087143
5.05925009758
5.35827945163
5.19922594303
5.08629718201
5.2426887308
5.04171048037
5.18877396965
5.61760610562
5.21153042244
5.25012461667
5.54829251096
5.13446653785
5.25339284961
5.04017892044
4.97376270705
5.04230640516
5.32976606751
5.27521762042
4.83597084094
5.10779090426
5.38978753138
5.32913238031
5.15895855131
5.09368248449
5.3275527616
5.25330656658
5.69329406033
5.29719937497
5.01069806375
5.1626276037
4.77671193487
4.90589890842
4.86091018403
5.02532008732
5.17318936081
4.95781158467
5.30145841745
5.08180081097
5.41879963904
4.85895204334
5.27610339912
4.67580015344
4.88944358244
5.1345690609
4.91819345754
4.60516355862
4.93703832596
4.81308589454
4.9199581599
4.9134916955
4.81498991534
5.56537208763
5.24312997862
5.01528630958
5.03423740309
5.28112908599
4.71284957986
4.527236606
5.02476505733
4.57384691661
4.52942247502
4.51054247576
4.87856788906
4.74289945123
5.09786389199
4.40044677609
4.69603779064
4.72046748628
5.01953928587
4.70387321114
4.78785811731
4.5362576316
4.7991106895
4.96897975667
