4.87661241706
4.86820229787
5.67866233923
5.49158521637
5.03875422112
5.33315387504
5.09073185499
5.09784651744
4.93840345076
5.32574559989
5.21294297058
4.83226865541
4.77723595182
4.73466143813
5.11950877526
4.51402934052
4.55251332843
4.79376143443
4.69433014574
4.86113016485
4.83386679814
4.70033909816
4.92955871801
5.0066207337
4.79427302271
4.79614016949
4.59907162503
4.5682946289
4.86745635379
4.52893791561
5.03089066579
4.84681466072
4.1159335889
4.68628113861
4.31866433526
4.25648207951
4.62833942921
4.55919940008
4.43594794086
4.68094650303
4.5644703856
4.74959314534
4.95100321906
4.41433581322
4.24690649294
4.43076040027
4.41064429087
4.72274102015
4.72846463106
4.3918207129
4.5939626284
4.00738660568
4.81864677558
4.80539255984
4.97078539436
4.67417984469
5.17305316658
4.4419458983
4.85150037615
4.9261014496
4.97261754331
4.51300939197
5.09482217114
4.76627321698
4.43594213584
4.88226702653
4.89843649641
4.69403171247
4.98802049491
4.77413359548
4.64521957553
4.84747514392
4.80596909647
4.88324711606
4.72714750225
4.66217954921
4.58324344707
4.59992823582
4.89792670327
4.76529217334
5.01268945531
5.05790480558
4.64539267411
5.24962279612
4.87233304469
4.72517847004
5.07555428516
4.97862731204
5.04792491048
4.84524893051
4.51384292575
4.38139707746
4.88166097183
4.57159597011
5.31525380048
4.80616747596
4.81105352838
4.77657376882
4.91676712337
4.89299663583
