0.824402485591
0.764035260573
0.641111631032
0.615521777319
0.593382954005
0.546632349431
0.51998404514
0.532248014932
0.543775834918
0.510207617925
0.492576392233
0.522952643318
0.553898620469
0.532570815499
0.495288537878
0.518816174098
0.521356790129
0.514827111513
0.473302753945
0.478294388961
0.468216174597
0.494529758486
0.47187044011
0.446019264163
0.409016640139
0.398836584552
0.439166636965
0.400967156762
0.40210283782
0.407133369868
0.400115813603
0.40813336325
0.414681901623
0.371159157825
0.345307566203
0.337099199349
0.352939428743
0.297766395608
0.277827175224
0.268255136818
0.242966632993
0.24205735559
0.2404900005
0.218645230189
0.221134019108
0.188325097542
0.213258354643
0.205072525814
0.216580099746
0.224715505007
0.207948776355
0.196141436484
0.230050839679
0.191335171381
0.221325589563
0.210380227137
0.18954738831
0.228891505317
0.224783962437
0.208008390387
0.223800213401
0.257766738728
0.212039883339
0.232229641008
0.239585087215
0.123420422534
0.0671904591356
0.0747789816633
0.0508341324465
0.0812766288657
0.0604986224498
0.0572349069523
0.0508674550607
0.0230054030386
0.0265389289714
0.032217436446
0.0513863156001
0.0407331742884
0.0434701773263
0.0352188026023
0.0408930763265
0.0713645482403
0.0860963841989
0.0661976543274
0.0751988028194
0.0600796914871
0.0671907344459
0.0980743585498
0.0571630877706
0.0247777242102
0.052783954262
0.0455708271014
0.000190476190476
0.00965260886981
0.00704882176053
0.0287049475158
0.0271504573057
0.0148646595606
0.0437655643556
0.0335413431203
