0.892870188046
0.912510910155
0.822323691909
0.962372694922
0.821975609334
0.976610177476
0.973792477547
0.98
0.98
0.962372694922
0.98
0.979200003785
0.964854217103
0.838849937688
0.960518446821
0.97401496665
0.869867521611
0.31481038953
0.867092402403
0.883792009014
0.98
0.98
0.979360973791
0.911931011104
0.979038216227
0.948575201261
0.912473159026
0.932320629789
0.970427778991
0.950374284808
0.854341565286
0.943080049861
0.800749728195
0.966070955528
0.98
0.95825477353
0.920843066029
0.974710832964
0.98
0.831432265084
0.891942101421
1.0
0.950613791385
0.98
0.935744812594
0.963787956997
0.98
0.954071435423
0.98
0.97973116445
0.970121091585
0.953141860463
0.98
0.98
0.98
0.98
0.965179090321
0.943895093296
0.97959866143
0.827267884953
0.955711293545
0.977714450714
0.908283958218
0.98
0.815690661025
0.904233139432
0.842700261858
0.973664111927
0.98
0.98
0.903183281509
0.970409206102
0.923045322035
0.98
0.978400000236
0.964596304431
0.874273264276
0.98
0.98
0.863890743065
0.973955152609
0.98
0.955178892588
0.98
0.961111222189
0.98
0.98
0.845819320647
0.972245114228
0.972229536055
0.960845448
0.973384521347
0.895080235907
0.964831716088
0.979755459972
0.98
0.98
0.962708109987
0.978083117388
0.911112648527
