0.673318644249
0.906700686776
0.941743001931
0.98
0.911660814672
0.98
0.833369850167
0.98
0.90493021113
0.722278501081
0.98
0.98
0.949149618726
0.921092654253
0.903681995736
0.967915199321
0.946844112054
0.966282168738
0.947523239833
0.932761428318
0.914787776409
0.930684572827
0.962628317324
0.871751319786
0.867542975183
0.852472293698
0.98
0.94824595284
0.98
0.927852366968
0.654901061603
0.95925519755
0.88718511542
0.892282000553
0.936342218598
0.457884891225
1.0
0.894633000889
0.98
0.974124026885
0.98
0.882281293415
0.896322110672
0.8986503754
0.94394977743
0.870046777977
0.772566338311
0.73848757847
0.855655558905
0.61047703267
0.811973750349
0.975411915158
0.918306149323
0.91784640272
0.72349065845
0.736311784029
0.777425586567
0.814068102081
0.933692733458
0.977910193408
0.98
0.956114938036
0.98
0.979771011236
0.874788871935
0.799253192278
0.921275436702
0.921088619531
0.8616278501
0.957819540555
0.98
0.95012415065
0.964707279004
0.928340260156
0.939573407824
0.97576725587
0.921743057828
0.921487468536
0.883607481557
0.972855364467
0.98
0.975527477845
0.972511811494
0.934876264659
0.971302540152
0.848383344985
0.965779782508
0.971279788236
0.952525433851
0.98
0.904492046202
0.894222624551
0.82846952376
0.98
0.98
0.8649431418
0.801888061799
0.607985152758
0.725580678838
0.976604653822
