0.789963881098
0.915466393932
0.98
0.94251588526
0.98
0.98
0.954662357608
0.959195619006
0.971351835002
0.923566408934
0.787665945052
0.950142529305
0.97355141808
0.98
0.98
0.968713713425
0.98
0.920171954108
0.937150884623
0.919251065286
0.962346164743
0.953572414302
0.967122400605
0.970691851021
0.953271452153
0.976910871211
0.833017449325
0.966727756138
0.912051961407
0.974334523868
0.976614394387
0.887607481557
0.98
0.98
0.968295558708
0.977966819666
0.98
0.927745084842
0.963022312189
0.963689350012
0.962372694922
0.783308186263
0.877977977098
0.8791122328
0.95368475883
0.844952824155
0.764029922489
0.98
0.98
0.979602258672
0.98
0.961902241643
0.953179823926
0.978622395757
0.954238531351
0.841976561967
0.868237761575
0.694174711292
0.604212883242
0.702415353122
0.736988705966
0.98
0.73849065845
0.955461069197
0.97121077957
0.98
0.945575292765
0.973528251244
0.98
0.98
0.870969163367
0.926522578114
0.930331878817
0.972578797953
0.927821340395
0.965795019318
0.805057286299
0.450602446703
0.880009381377
0.921059666595
0.920084380953
0.907822869674
0.965161813946
0.922263239387
0.976227940366
0.98
0.98
0.98
0.98
0.944333235145
0.98
0.98
0.918026890601
0.242984293939
0.242977574784
0.242985152758
0.744938394679
0.856516323941
0.98
0.98
