0.00138570175928
0.103531947314
0.184030503536
0.238089554491
0.41548184478
0.374011141022
0.376853585402
0.433724760511
0.534035588432
0.549375830881
0.544831994992
0.593753330928
0.570698051396
0.48205678056
0.449813619953
0.492596649355
0.518675434361
0.433405748499
0.483384805202
0.498217828396
0.482492509531
0.462055451053
0.3631929249
0.432633627523
0.541529731099
0.578922519306
0.494212921862
0.468293667853
0.410888261087
0.36105175954
0.331032403075
0.336043707714
0.253689015606
0.323778538119
0.310291295331
0.354521299529
0.330707822847
0.400962197293
0.463668836496
0.452923770634
0.620292560751
0.592367374408
0.674286856112
0.58392869442
0.634465603545
0.556163445278
0.524216831148
0.55943658345
0.70912022651
0.580139630218
0.602063253413
0.578361399853
0.500967630986
0.579275145283
0.474638658588
0.43793138073
0.564770609483
0.537616996612
0.36180799084
0.37911383832
0.501442650797
0.456028945641
0.384674256998
0.430367864591
0.466946361334
0.50643139652
0.644318772576
0.665464542415
0.457191678484
0.56027277602
0.565144397348
0.471614472392
0.346451461101
0.437214758349
0.483420084267
0.443989418837
0.331936175667
0.471170023325
0.659523636679
0.710705480138
0.698641693047
0.5821990153
0.563927825213
0.526004359153
0.564721099256
0.66340217939
0.634042971764
0.660049053268
0.578405238746
0.654845057103
0.564619280354
0.599118209705
0.633489954657
0.6063711683
0.452120133672
0.457023156747
0.367018380626
0.364352607011
0.42038004101
0.392912112757
