0.812212640312
0.786275443236
0.787675909608
0.738965560267
0.679277641693
0.694292788025
0.678471499676
0.565153197454
0.488494153129
0.47761073535
0.517605505543
0.552692526956
0.697518567451
0.644239295391
0.713909169658
0.646468611045
0.654555654277
0.622266093265
0.596407914255
0.662005823247
0.636340344423
0.605558372641
0.617400208267
0.612914950716
0.616563670173
0.624428615113
0.622943755801
0.596574077693
0.600936759352
0.582480375129
0.546922932289
0.567320431556
0.539007210435
0.551786856043
0.520894669686
0.512209602002
0.500224078953
0.507333470205
0.488338423079
0.517633664563
0.607305622719
0.517619885151
0.501910192398
0.507229205603
0.594565278373
0.541402311268
0.493620988845
0.47149434572
0.495597065791
0.515908676275
0.446298666002
0.430654336533
0.361281815123
0.43011753849
0.42112143476
0.445257985058
0.454346757571
0.448402718148
0.521176874934
0.378192792615
0.442893915334
0.445218441299
0.442322035746
0.581881743444
0.567469432319
0.49858803883
0.415555907413
0.365562714641
0.233590743261
0.263592531627
0.266560432547
0.322416743544
0.37977874935
0.386732666511
0.392005765218
0.402041564623
0.370523234336
0.379642586481
0.361158876393
0.370864006347
0.358398651043
0.34084191186
0.364136043831
0.396764385544
0.390837634855
0.37909862416
0.377917433721
0.366503765229
0.359989040818
0.378635662122
0.36742392684
0.36389010489
0.378546487223
0.388046417434
0.392204163008
0.37971324347
0.400163208621
0.396160071278
0.377896129228
0.378106156712
