0.811260869787
0.766298442385
0.74403196469
0.699338930986
0.639896331074
0.601518318849
0.645246623958
0.651745463539
0.620740679749
0.646564646992
0.679598322326
0.642729373007
0.63159500756
0.602581434642
0.560816233507
0.564565150897
0.529349907034
0.527343672263
0.464801998882
0.464213392127
0.51368592608
0.438856021268
0.461281718736
0.484365870112
0.468115629948
0.443554686825
0.524470959937
0.455967112021
0.530585590867
0.543804329295
0.508673215717
0.526153979304
0.497411909887
0.554872250925
0.559730783679
0.489630253152
0.485949299041
0.443754537856
0.43214939448
0.438023949939
0.412755462677
0.335381940745
0.379394508334
0.272778044901
0.150696346032
0.0929510860273
0.356785358697
0.485863362618
0.45599443274
0.398448426784
0.458514212174
0.48452651488
0.484671703033
0.534005822011
0.519195081623
0.598852514042
0.510106974867
0.397939088366
0.371645398633
0.369879408035
0.398196736824
0.340340496791
0.332428626062
0.341847851861
0.342775535877
0.348297754478
0.351696269281
0.328858797986
0.354378828575
0.369009247519
0.32840678233
0.325227097199
0.276526595512
0.214663230162
0.167837839043
0.181127155211
0.285384773723
0.27033967557
0.202509702756
0.21440124248
0.130578565929
0.119015635626
0.0609722976419
0.0623819177363
0.101802600407
0.0823058690355
0.0450446869156
0.0867596801557
0.0634744956734
0.0375458717685
0.0352527587062
0.0458433390319
0.115974487576
0.215535152995
0.151346451634
0.259276918298
0.353861564221
0.303613397928
0.28842019689
0.351893254247
