0.806448449461
0.775446629067
0.740997717885
0.623550722381
0.630570748817
0.590761017052
0.629281514354
0.53098243532
0.507280593453
0.570683269725
0.567164612718
0.561576830678
0.520600960629
0.466597241753
0.441107583095
0.427121241396
0.411794565739
0.393209098157
0.376978416482
0.383694958747
0.385426122514
0.372321218239
0.379654547447
0.363988941008
0.313894806343
0.256825840338
0.228981383256
0.31765217885
0.333824419514
0.333718437688
0.322440021736
0.344211018176
0.359488322352
0.380788119364
0.380604908334
0.411018206739
0.494078789465
0.400431912676
0.386414554125
0.421280886114
0.418008253206
0.423043315839
0.407971951277
0.471803468325
0.497772327194
0.43640633332
0.475954715403
0.437430810347
0.365808999189
0.307725963017
0.359923120642
0.286830115901
0.277648661798
0.316586814424
0.397887834774
0.288831474676
0.467064232602
0.460408046587
0.562786646745
0.485987749374
0.456315158928
0.339768518752
0.342881642203
0.269798701974
0.251761938942
0.228596928176
0.270491972238
0.280562763353
0.158292800009
0.143106133236
0.119575072294
0.150438311233
0.106965337853
0.145429146545
0.169901304798
0.131174649116
0.165312504842
0.202030064521
0.257668727422
0.266135145837
0.25251419117
0.225066425817
0.226801659978
0.250078121539
0.186941676858
0.12565046716
0.0937588605247
0.127589974689
0.108862456124
0.090566363134
0.0856324828613
0.117848806875
0.0713234535331
0.0996894055687
0.0719215184608
0.138148657397
0.139170377171
0.165673307498
0.161204979976
0.142457863179
