0.812884517954
0.771491667851
0.750042276814
0.712625054031
0.706196689749
0.690883323103
0.699163046436
0.690034860707
0.688618232786
0.65889352204
0.654111026336
0.685154440471
0.670120167967
0.642738380141
0.636568993057
0.635455942113
0.605106257527
0.643833567925
0.598227962779
0.565086610034
0.558835950694
0.474196805946
0.471202123889
0.380439996805
0.349914178496
0.381383332341
0.468340914444
0.47255701752
0.478177967225
0.374809441735
0.308891197507
0.254871338962
0.236874718169
0.205723910271
0.338785341873
0.437727597628
0.435005009317
0.438895697893
0.332835769561
0.288228608495
0.19858155402
0.262689594714
0.254956472868
0.24728469318
0.205953290743
0.177254615654
0.354108528753
0.094381542048
0.0502756406074
0.0615728614305
0.0687829662963
0.154932464267
0.167260525881
0.178145572056
0.195542838589
0.319774127087
0.187704776888
0.193584080425
0.163806106288
0.24173053554
0.246256024535
0.207005947562
0.141407055813
0.185545725695
0.164218116434
0.19932234537
0.1661528932
0.189227449428
0.171409179065
0.0605248909001
0.0837617784469
0.107104916289
0.104347506422
0.181385880352
0.144317237418
0.223539495798
0.218024983756
0.124225648332
0.155761985363
0.181329232382
0.23336710835
0.271156301682
0.22132903344
0.144760593889
0.0701124736753
0.0809431866028
0.223637888191
0.099319876771
0.0765555071688
0.0526768448192
0.159067121472
0.178473357723
0.203914564806
0.0926663976629
0.0990030392777
0.0644286144902
0.256483253879
0.266073277464
0.143063585603
0.0719353083665
