0.803928638662
0.784101900248
0.77271273215
0.736372484919
0.708106305369
0.692141944244
0.692907119765
0.694576525514
0.6938172055
0.669356105773
0.68594610015
0.689862583811
0.677141273564
0.666152118334
0.701189518942
0.661975874426
0.584216445344
0.60318523286
0.587650577599
0.573344281876
0.583880968941
0.530102046856
0.587179382851
0.548747836752
0.546360175967
0.518877561852
0.516368837669
0.479988641904
0.4345844172
0.404732300062
0.384032278803
0.349158488696
0.375700687231
0.424061638246
0.46909979642
0.457811798517
0.467524623843
0.382644095573
0.410990949989
0.364594997731
0.394705602646
0.371086260481
0.396456578041
0.408270073252
0.381008933653
0.335207448773
0.38428915869
0.37246439771
0.374677070751
0.366605526143
0.354643021542
0.375929083687
0.334592430454
0.316244817476
0.270091223005
0.334767858942
0.351720640564
0.368635960233
0.318623371455
0.323254225109
0.42308506503
0.366539887118
0.339746142758
0.417620682552
0.409609673225
0.341551756452
0.353892412534
0.299679928335
0.333864713684
0.340834165119
0.424476261469
0.345319870289
0.313616196551
0.256056846428
0.238133242325
0.216611555121
0.210238850939
0.238784572962
0.20147787197
0.195757648045
0.196267949536
0.180409615969
0.240550871461
0.267855141912
0.234121731222
0.216283432146
0.213997905417
0.221989188529
0.235905464251
0.25668142651
0.259511669507
0.324124725788
0.220154281895
0.153428283662
0.187189001976
0.219086407376
0.227103784159
0.2678971505
0.288715285035
0.155418611045
