0.813380408151
0.799993130521
0.777958155574
0.735080637089
0.748314632269
0.74666338107
0.752716024216
0.726026185789
0.64644116232
0.694413714108
0.627599260053
0.474124129413
0.471059863404
0.443989213074
0.43101905404
0.408948241413
0.401555864199
0.447061668795
0.450559383745
0.419729115557
0.400213005683
0.382905249154
0.463913198622
0.474235736811
0.478690617976
0.49931091817
0.51178159126
0.49318493952
0.442206464187
0.463839683135
0.442546270607
0.3565150824
0.272207619182
0.233294208065
0.214262234915
0.217211300186
0.180000131024
0.231316415218
0.168723369308
0.134041655034
0.115669575823
0.175227992926
0.278399912435
0.231314012304
0.271616936276
0.143139608487
0.114478294255
0.0703291107418
0.0247291263743
0.0794396297867
0.20158632488
0.0
0.0
0.0
0.0
0.0
0.0
0.0230651340996
0.0949623713375
0.223060058692
0.172126163581
0.0354332230939
0.0
0.0
0.0
0.0752511202163
0.160370878012
0.254953341168
0.0
0.0
0.0
0.0
0.0
0.0
0.0
0.0
0.0
0.0
0.0
0.0
0.00466052227343
0.24422514431
0.0
0.0
0.0
0.0
0.0
0.0
0.0
0.0
0.0
0.0
0.0
0.0
0.00446390168971
0.166618139655
0.0
0.0
0.0
0.0
