0.809376930938
0.757163377225
0.707597285272
0.669488015228
0.626390522771
0.628328538648
0.652883839903
0.638155306819
0.626818422986
0.552913273803
0.57630902608
0.591339889594
0.580400589953
0.525274917992
0.407869809012
0.373982903871
0.355269917353
0.430775346935
0.418749566295
0.490855541593
0.459214566328
0.500322953926
0.438008574712
0.454412831941
0.480267379059
0.50139050359
0.486012689393
0.421755394092
0.43271778702
0.462526182737
0.511956513656
0.511824909763
0.497747741728
0.519379474667
0.470387782364
0.403390930014
0.431676597975
0.497060954703
0.510030739941
0.538144874754
0.550584703005
0.561259960539
0.553209494756
0.559225474035
0.565855045888
0.591626714833
0.581378431692
0.597018227328
0.598263915608
0.574282642143
0.571728944969
0.561395458443
0.509333408577
0.462741310046
0.469087342007
0.481130437266
0.445166540109
0.459491289958
0.496327439386
0.503799028956
0.501433782751
0.490898956315
0.487995535509
0.484288907667
0.50510186946
0.448699340382
0.41583311414
0.467149131782
0.486759370919
0.493401506177
0.540674018287
0.523395323228
0.521041356683
0.465925972578
0.506281951602
0.507872979513
0.462616643559
0.457280022228
0.464857182419
0.459156994515
0.494568060162
0.50886931696
0.498794497881
0.484905622616
0.434419566863
0.447398602596
0.505525222792
0.50409185024
0.509920975823
0.511030400529
0.528744344969
0.540375758635
0.550089445707
0.515376443725
0.522862491984
0.521400901571
0.526058436525
0.63884729214
0.565756506187
0.590416562045
