0.811137988189
0.772123744508
0.745142393565
0.734117119855
0.721552175105
0.709422079725
0.7279092023
0.725304217268
0.725543808033
0.695436092211
0.677883452484
0.676063743568
0.656053757719
0.635164597458
0.619736791724
0.604023713202
0.638560517734
0.629254165482
0.622913497477
0.596973710929
0.570626025024
0.57760293545
0.543330040059
0.515193227856
0.51667698868
0.469501982023
0.465614331509
0.426936692291
0.414532152136
0.347436554382
0.303490075116
0.264941513202
0.252201808463
0.185570821194
0.259386091688
0.295365126752
0.270278073359
0.306475554325
0.446058086119
0.384900704715
0.451667377073
0.387770121996
0.337481165984
0.207751076033
0.330678332423
0.332786338169
0.260004072365
0.309787317796
0.378296857741
0.401735746208
0.406658063411
0.364491087837
0.330386171531
0.341110787322
0.343752691172
0.447490476665
0.406353773419
0.4080432313
0.39228674705
0.380999399394
0.365862447089
0.430723362401
0.412264273589
0.342650281
0.319601135666
0.227331661043
0.33227827745
0.242704113104
0.289688421263
0.303052015197
0.361483778288
0.398702103925
0.325669514688
0.429424949099
0.503905559211
0.525088892811
0.356869597585
0.367186836011
0.37176329746
0.351206441368
0.35734864793
0.350885230227
0.374185223724
0.348071772486
0.30343035244
0.278024739993
0.216991855841
0.0815415662929
0.0571715114963
0.0605526742002
0.0906018052432
0.0971979089455
0.129089253739
0.11912501261
0.147707572381
0.0882150341844
0.0544044105254
0.0495805459926
0.0626509257542
0.0644149756132
