0.980410845004
0.944494101818
0.901095477061
0.863521341027
0.806942564716
0.795011105718
0.746970745906
0.75508960979
0.780411396093
0.761824774852
0.75763761999
0.776841182963
0.749689894681
0.756329634503
0.762675979022
0.776592474888
0.775844591185
0.769220670979
0.754290033926
0.754366306656
0.728897945351
0.715464355974
0.700767399882
0.738156225647
0.716738110842
0.737069608789
0.747673214843
0.779839581265
0.751653059715
0.762994126777
0.737156636569
0.72592568278
0.741367310012
0.726095868356
0.744009055878
0.701139748443
0.63985285164
0.655978132136
0.702673665388
0.674108082633
0.694645168974
0.750788010722
0.739986469245
0.680601539673
0.675719421995
0.685293225347
0.677465526079
0.684641383693
0.687687953402
0.653818147562
0.658335565454
0.677696680446
0.691924825558
0.684822663564
0.707346639989
0.678082498389
0.701609708424
0.705581703629
0.725841572118
0.688212070403
0.666718249881
0.676480467914
0.673064569545
0.654845342874
0.663603671456
0.763381627951
0.626610905674
0.626238501725
0.630486990022
0.674451953503
0.656651110299
0.664648449865
0.661087816527
0.674940524788
0.679130840141
0.671366868591
0.688030498297
0.664070417371
0.661223405714
0.650884178143
0.619490931437
0.621734938294
0.626276611913
0.61428000218
0.600502420892
0.635689667838
0.598228470851
0.597855054312
0.586766584763
0.625522625251
0.686894788788
0.706840855425
0.6986423715
0.68836702878
0.659656505707
0.614002951361
0.652431643326
0.675200759447
0.668267781927
0.70424972817
