0.332666892552
0.493066637445
0.482178588186
0.717966225317
0.640367550313
0.731335039221
0.570113086354
0.635397391219
0.736541568414
0.729041344386
0.653605583353
0.638941343676
0.768972007973
0.779471028838
0.79379918515
0.760993732626
0.787914071716
0.747315542479
0.779671399163
0.809652420981
0.77179457071
0.805216823935
0.797614693841
0.754734510188
0.764824789738
0.682565003174
0.724633885565
0.735615558873
0.750117894943
0.684722033809
0.676471985671
0.701756010227
0.744867080086
0.774334392204
0.790691077252
0.824849687405
0.814279591886
0.755676214177
0.691889885858
0.674106923285
0.781250575584
0.797318394802
0.774330448436
0.868570320621
0.783373747217
0.747374604136
0.79031950271
0.821286665284
0.755865840419
0.759842114342
0.777968626775
0.790607245551
0.716554053086
0.806951853971
0.818775795985
0.790905663768
0.781483674522
0.751163344269
0.801116673758
0.816277321554
0.848789390835
0.748186073532
0.796040811793
0.786921685699
0.791809095537
0.776359429854
0.717103317932
0.782913053308
0.808976054728
0.791744195535
0.794997091455
0.822553195784
0.779277724265
0.782227119708
0.817161045626
0.806734832839
0.839936185239
0.765560285038
0.746233126582
0.724287837016
0.734717652132
0.808508268246
0.830251784519
0.789583126497
0.710954978118
0.743443332884
0.712425246727
0.85373856785
0.821266979783
0.798001548188
0.719075583126
0.826124816632
0.766360774205
0.807336700105
0.775867446384
0.822653474404
0.781021414195
0.803797947657
0.750036770759
0.768588932893
