0.813064234732
0.797178818144
0.770240725067
0.742289782228
0.683566920192
0.676321657695
0.710689434586
0.683465889921
0.701784199604
0.604634832524
0.583011606071
0.662195929723
0.704559664213
0.730016767176
0.682772058125
0.647463028799
0.664216083366
0.665602192742
0.630889250412
0.487780543167
0.397673879499
0.325815280269
0.252758117543
0.284568094315
0.0974811366589
0.094120619176
0.0856136629421
0.103423230361
0.189426886508
0.163545693745
0.106327775308
0.113047897141
0.180422023814
0.0968010129763
0.118267050526
0.131696754897
0.0687804775247
0.102523055944
0.316152783325
0.186846534863
0.281557552893
0.414325023339
0.543786222089
0.461113274841
0.471223029894
0.448192649385
0.548806492946
0.62238732675
0.571978260256
0.422449558286
0.423350484011
0.504311412986
0.453755041721
0.302524319365
0.44421921353
0.395977369479
0.434895398816
0.44543022001
0.370213793248
0.346136860245
0.252013033044
0.231723630848
0.309018576767
0.386194272071
0.367457400418
0.382446270931
0.276651352591
0.277255039597
0.300563013942
0.369692040362
0.376388043358
0.357508316593
0.291167553582
0.301430680067
0.29660505117
0.331472318336
0.308002300978
0.32023955049
0.342690610231
0.213758110422
0.0766817997058
0.104827993269
0.256500333182
0.19317832782
0.218305614931
0.185439632716
0.0937049099611
0.109546058277
0.163574365469
0.0913246953744
0.114085414827
0.112911508269
0.0600121876667
0.049826330193
0.12560373786
0.109610648979
0.0365584875429
0.0830337417958
0.12651060422
0.0653108734043
