0.812215622924
0.802069378102
0.802414121811
0.765132429142
0.755651110112
0.740334006229
0.731666509704
0.634759186267
0.579706208932
0.663008558148
0.603469897102
0.520899396294
0.468952804893
0.496572327563
0.643335893605
0.584778983991
0.521540660289
0.481650052617
0.362976061034
0.512544271863
0.361321916794
0.184365036791
0.18072942406
0.209289922536
0.259648104525
0.20818162889
0.0786121075119
0.0751082658002
0.069901696592
0.0541256299338
0.175355194693
0.0962595786201
0.0839337620473
0.161300453186
0.127042576813
0.0876841738008
0.0547902509606
0.111286950318
0.175655749583
0.469428171849
0.289477954163
0.157320817899
0.143523232917
0.256772395427
0.323209652751
0.256306841775
0.384910319299
0.203230259029
0.0489495892445
0.0949810202063
0.0718400661077
0.0895668152992
0.128094320638
0.081175664676
0.123737939368
0.156118229032
0.199258849092
0.158234849266
0.262255173641
0.430262879938
0.364062673396
0.375398754576
0.320458191065
0.354781458
0.312587398816
0.462331462187
0.337887373029
0.350630557944
0.310528403808
0.374949063208
0.548498278801
0.337471700419
0.229920558018
0.190669706595
0.296713568002
0.514673849862
0.381976995288
0.307082801025
0.310121497578
0.245808918336
0.259256958424
0.285158784893
0.228854954209
0.212002342394
0.174170925421
0.244279953254
0.355100738347
0.39420750571
0.395873141634
0.407452048916
0.338630161695
0.354968697372
0.326140191552
0.320772130787
0.357314424559
0.415480753655
0.484949412153
0.475750138689
0.500159129795
0.497110412341
