0.298047701889
0.369226941699
0.456581328191
0.40256990416
0.305913931578
0.392405188703
0.472046455036
0.348592411091
0.303005935181
0.473485712315
0.523675068463
0.490156681583
0.532174563258
0.485906025795
0.489680122827
0.485631496997
0.44433235455
0.373326765628
0.47779640259
0.564736777241
0.463905605915
0.385114175397
0.399941920852
0.459285049891
0.420284114068
0.383457853002
0.456111602143
0.529651672298
0.525906468661
0.535769096791
0.513308072491
0.579154581131
0.555620698082
0.494100872132
0.578434114227
0.586535742771
0.564262718656
0.504560726669
0.568787057876
0.547545882089
0.568430963614
0.480363530993
0.575238859217
0.556263503077
0.594689991929
0.60037277642
0.57314500418
0.615158102908
0.615321296539
0.543751328518
0.528893269511
0.509020074145
0.491712837747
0.443820704582
0.451616807067
0.45465931362
0.404365233821
0.49715049314
0.512803136129
0.461883140263
0.556753569196
0.524965799619
0.612992534143
0.612187656117
0.675534978071
0.652040153729
0.54240973467
0.581980853647
0.552985064565
0.57630068383
0.615219297568
0.526209526713
0.498940019116
0.49996227377
0.542803273711
0.439625093217
0.551199945346
0.48724228425
0.472151654225
0.560284868133
0.580724060332
0.498219211369
0.442554504626
0.451785619402
0.470852879738
0.452248324618
0.504411288613
0.547001396364
0.579301183203
0.526047638765
0.465185889749
0.498466490229
0.362530461148
0.412087605002
0.519458167458
0.525820818034
0.476479407589
0.433796146263
0.551492221289
0.547139497312
