0.668413909248
0.783201866317
0.946794507841
0.979358075405
0.975499101514
0.984999795796
0.984999996834
0.984757823686
0.984999999999
0.984999999999
0.984999998717
0.984999995727
0.98499999913
0.984999999993
0.984999993606
0.984999999803
0.984994794916
0.984999408312
0.984999923066
0.984999996834
0.984999999533
0.984999999642
0.98499999998
0.985
0.984999999999
0.985
0.985
0.985
0.984807362148
0.984999973998
0.984999999576
0.984999954997
0.984999999961
0.984999999364
0.985
0.984999999999
0.984999995286
0.984999999997
0.98494332208
0.984998968451
0.98499984503
0.984999992621
0.984999995889
0.984999997843
0.985
0.985
0.984999999999
0.984999999581
0.985
0.984999999884
0.985
0.985
0.985
0.984999716864
0.984999986662
0.98499999938
0.984999999951
0.985
0.984999999866
0.985
0.985
0.985
0.985
0.985
0.985
0.985
0.985
0.985
0.985
0.985
0.985
0.985
0.985
0.984999999995
0.985
0.985
0.985
0.985
0.985
0.985
0.985
0.985
0.985
0.985
0.985
0.984999999999
0.985
0.985
0.984999987542
0.984999999821
0.984999998741
0.984999999992
0.985
0.985
0.985
0.985
0.985
0.985
0.985
0.984999999942
