0.680258884113
0.783201866317
0.946794507841
0.956701625337
0.983060245376
0.980439534525
0.984350281417
0.984948557802
0.976896068569
0.984999998044
0.984999136827
0.984998834372
0.984999528844
0.984999999743
0.985
0.985
0.983096765694
0.984999857276
0.984999167062
0.984977334273
0.984999223873
0.984999961363
0.98499999992
0.980991962154
0.985
0.983198288079
0.983380146712
0.98498607293
0.984336730204
0.984655266085
0.983922858454
0.984721091418
0.984571219917
0.977671264372
0.97869816389
0.967679941124
0.983631553236
0.983989463081
0.979637643308
0.984999727564
0.984618054248
0.984671091878
0.984699825359
0.954934559117
0.984999871621
0.9849997306
0.984985823409
0.982861069614
0.978241482225
0.983193892765
0.975342439867
0.975362927034
0.98418811661
0.984999883279
0.984996207009
0.984999990373
0.984990237194
0.984999983369
0.9849999992
0.984999966349
0.985
0.985
0.985
0.985
0.9841
0.984972568137
0.984699496376
0.984999988006
0.984970199516
0.984999999056
0.984999999992
0.984986400178
0.984997161286
0.984998045229
0.984999997981
0.984999999969
0.984999992031
0.984996141095
0.984999999989
0.985
0.984999999998
0.984999999944
0.984999999985
0.984999402249
0.984999995712
0.984999999928
0.984699895777
0.984985697899
0.98497612705
0.98499979419
0.98499999789
0.985
0.984999998297
0.984999999982
0.984999999977
0.984999997346
0.985
0.985
0.985
0.985
