0.68873917319
0.861259556794
0.814091036769
0.932793811724
0.785250428804
0.855084346463
0.898237777985
0.906114621
0.877695339972
0.978320849159
0.98
0.979600056776
0.949187361952
0.98
0.98
0.98
0.98
0.979708314097
0.98
0.944165733499
0.916400079505
0.98
0.915298677667
0.98
0.98
0.904031344012
0.960010774398
0.705406823899
0.98
0.98
0.97864961642
0.935988846822
0.674751102901
0.87006565978
0.922394751923
0.98
0.98
0.98
0.98
0.978800000043
0.98
0.98
0.98
0.98
0.98
0.966600100303
0.98
0.979600000881
0.98
0.98
0.98
0.798826638162
0.975320849159
0.98
0.978780613688
0.907602762793
0.953600001608
0.979800000771
0.98
0.98
0.98
0.946728680709
0.98
0.98
0.971600024595
0.970446657773
0.972676019302
0.98
0.98
0.98
0.98
0.98
0.949133466707
0.98
0.98
0.96960000001
0.98
0.98
0.98
0.98
0.98
0.98
0.98
0.98
0.98
0.98
0.98
0.98
0.98
0.98
0.98
0.98
0.98
0.98
0.98
0.98
0.98
0.979772431669
0.90511777442
0.885567057533
