0.722939287092
0.98
0.866651857885
0.938408419287
0.979365286398
0.98
0.98
0.975081971531
0.946680249328
0.94896386102
0.98
0.98
0.972169280112
0.98
0.96200000566
0.971699856831
0.766602415584
0.740202968035
0.979385824167
0.98
0.98
0.86550058486
0.949128300136
0.98
0.932929370784
0.9490000036
0.9588
0.98
0.978522315259
0.98
0.98
0.924436994366
0.98
0.98
0.98
0.98
0.98
0.98
0.98
0.98
0.98
0.98
0.98
0.98
0.97220036722
0.98
0.98
0.98
0.98
0.98
0.98
0.98
0.979755459972
0.98
0.974001069136
0.98
0.971
0.98
0.98
0.979000244821
0.905565236624
0.820750161221
0.98
0.98
0.98
0.98
0.976407226132
0.98
0.98
0.98
0.98
0.98
0.98
0.98
0.98
0.98
0.957215865508
0.922797869091
0.98
0.815335601967
0.761337491326
0.943432252409
0.98
0.82616708713
0.801731394769
0.943039887428
0.98
0.98
0.98
0.98
0.98
0.98
0.977600381405
0.933335982539
0.960362770985
0.879673875997
0.98
0.98
0.98
0.98
