0.582624901234
0.822406823899
0.881453611144
0.771923435003
0.808178512646
0.826144068195
0.954372069513
0.930589825665
0.812745982538
0.9797124353
0.844070242465
0.914234578686
0.896812442399
0.872858309782
0.915950767187
0.895936476072
0.879401987585
0.879138506692
0.915927875721
0.899320443908
0.882797729971
0.843779713674
0.880198148695
0.9614
0.899913174792
0.935264997424
0.98
0.890629169239
0.953811116218
0.98
0.98
0.98
0.98
0.920000000309
0.834008816465
0.876910875863
0.828876588477
0.98
0.965253741116
0.94384966775
0.967823986823
0.814973284023
0.906691144902
0.98
0.951640626803
0.90543146583
0.98
0.98
0.98
0.98
0.98
0.955829570352
0.98
0.98
0.96513980479
0.98
0.970823986823
0.967823986823
0.873392709227
0.98
0.98
0.98
0.962
0.98
0.98
0.938329073105
0.965600000011
0.98
0.98
0.9732
0.98
0.975407226132
0.98
0.98
0.98
0.98
0.98
0.98
0.977624112218
0.98
0.98
0.98
0.977
0.98
0.98
0.98
0.98
0.968802240944
0.98
0.98
0.98
0.98
0.98
0.98
0.98
0.98
0.98
0.98
0.979600056776
0.940801203753
