0.595624901234
0.784130324224
0.98
0.98
0.869600908204
0.697624901234
0.456406823899
0.363624901234
0.698788481592
0.912619614361
0.800448570057
0.754576062084
0.938765428595
0.923261358886
0.866678356446
0.903375031702
0.794363676427
0.911931668182
0.929212766304
0.947000115785
0.946085974428
0.897618532997
0.797355864743
0.895430484484
0.785485415202
0.436828916111
0.789723482058
0.837607849966
0.930427202074
0.877810665457
0.870400000027
0.839085956596
0.82737971653
0.928788469805
0.947233731456
0.853078225585
0.849082298257
0.816482876565
0.866821757803
0.900735586087
0.868967107094
0.936625922101
0.938789529418
0.876132560325
0.813262610595
0.914650218053
0.877945488486
0.817962453061
0.821190335128
0.545418334777
0.872557934779
0.930950547044
0.894266364899
0.962083524682
0.974067418541
0.760069997187
0.529742295567
0.78864253506
0.894752512649
0.878217446192
0.98
0.755624901234
0.930981988785
0.927367287446
0.94219886938
0.932615776933
0.720250428804
0.861055667757
0.892637316517
0.976320849159
0.98
0.900126738743
0.98
0.98
0.98
0.98
0.98
0.932004577867
0.896036869292
0.932282466654
0.98
0.938000003065
0.933145189023
0.976042494114
0.967891098918
0.968807950657
0.910938373501
0.98
0.96460617333
0.98
0.929748454479
0.98
0.928133466707
0.907265308076
0.958076527321
0.874751102901
0.927673619471
0.97962960944
0.978282726821
0.93719294289
