0.722325131461
0.98
0.959690329923
0.899629169239
0.98
0.968298191051
0.98
0.98
0.930800000017
0.98
0.98
0.98
0.98
0.98
0.98
0.98
0.98
0.98
0.98
0.98
0.98
0.98
0.98
0.914600113086
0.98
0.98
0.98
0.858018119857
0.98
0.98
0.961438776986
0.98
0.979602023473
0.98
0.977074881589
0.92217883577
0.98
0.98
0.98
0.97260000014
0.98
0.98
0.98
0.98
0.98
0.98
0.9796
0.964321933839
0.98
0.98
0.98
0.98
0.98
0.98
0.98
0.98
0.98
0.98
0.98
0.98
0.98
0.98
0.98
0.98
0.98
0.946265117649
0.98
0.962920948855
0.880331299047
0.98
0.973580434824
0.98
0.98
0.98
0.9788
0.921650660259
0.887585411879
0.913241969861
0.97909828355
0.87390340969
0.98
0.978072459662
0.98
0.98
0.98
0.98
0.98
0.98
0.98
0.98
0.98
0.98
0.98
0.98
0.971117036989
0.98
0.98
0.98
0.98
0.98
