0.98
0.899038406828
0.807472874494
0.684846715541
0.534470467228
0.668717948718
0.70483562753
0.663076923077
0.611794871795
0.652820512821
0.682564102564
0.513427204532
0.618437677006
0.577358164642
0.580864777328
0.502879352227
0.481528061563
0.426153846154
0.448974358974
0.517436218405
0.458717948718
0.385065139634
0.422701225691
0.36
0.388722398512
0.407435897436
0.49078402451
0.503632928475
0.431001460686
0.480112241696
0.56318974359
0.577179487179
0.631538461538
0.541282051282
0.461006758477
0.513122500638
0.415556078098
0.439373463562
0.498048262027
0.414709195025
0.498461538462
0.470638124764
0.440316329285
0.473689924089
0.418205128205
0.442918547582
0.450089964759
0.478471382649
0.474350804246
0.466068556005
0.535699748331
0.518511069774
0.489966546303
0.550399460189
0.576666666667
0.604814516541
0.50141754386
0.541251875357
0.462477295109
0.454346018893
0.418917897655
0.409383375278
0.308780355254
0.445641025641
0.477450791964
0.545384615385
0.560747010979
0.51548381661
0.585712280702
0.630423182697
0.585228609987
0.561213495277
0.545384615385
0.468974358974
0.492682591093
0.373996855965
0.418649023112
0.50641025641
0.481013016255
0.474102564103
0.436252589219
0.49247768173
0.476654426086
0.392934055166
0.510760408992
0.62950882473
0.642683809315
0.599743589744
0.642677462888
0.722820512821
0.604161447277
0.57819757085
0.58746672294
0.604515840537
0.62274925776
0.5639367108
0.486705009272
0.478218623482
0.442820512821
0.441354342196
