5.06658420585
4.97328571299
5.38114328278
5.27407000914
5.04133321612
4.85281589038
4.70273300694
5.17999318124
5.01505505463
4.83387317222
5.01339748032
5.44913032997
5.52784849357
5.19849097951
5.28165119357
5.14500450809
5.12016688534
5.09361378687
5.12455811336
5.14888403069
5.07244556529
5.09671292976
4.92616516849
5.14622290691
4.89070517011
5.38918052977
5.13753254241
5.13632025309
5.22415484425
5.37947957605
5.10663464008
5.2167901292
4.85350229549
4.86191759789
5.45113226666
5.31354493043
5.32174226996
4.80425678285
5.28967808031
5.23262011826
5.43684640682
5.03772598636
5.00491952257
5.07070655223
5.03736725494
4.9834985986
5.02714357068
5.39599029506
5.18082399046
5.50286498328
5.1386286912
5.16718054121
5.04971722806
5.08292487505
5.23006959963
5.16799005099
5.35372771165
5.47673142278
5.2519875277
4.85783270421
5.15640836823
5.30109501001
5.30075142682
5.17951867485
5.35955480491
5.09374056358
5.12832630507
5.17895736102
5.02049798289
4.77037432172
5.04460636534
4.97599910143
5.01665214845
5.38707479774
5.02563569443
5.11371159073
5.37634297283
5.02465767035
5.12460411542
5.084702884
4.90813573178
5.29917187669
5.25662677588
4.96708064822
5.55483471836
5.56225086714
4.61445875971
4.95855383368
5.31797075077
5.27348683688
4.98219623391
5.42766597921
5.10803336513
5.24762002949
4.91104678519
5.09398703923
4.9841548994
4.94435228827
5.19660733262
5.06611946156
