4.63279733268
4.95282637911
4.86148717953
5.03933408843
5.03810174918
5.11705174314
5.11417017612
5.18006678584
5.1086503686
4.91474206141
4.86109452807
4.8382538249
4.83610075209
5.12325727489
5.02909878486
4.9785173613
4.77767210959
4.70732729953
4.85673578775
4.70237202076
4.82644976297
4.54479119737
4.83441399418
4.74893536694
5.08130578573
4.94521194608
4.80320135629
4.79440762029
4.65093152129
4.64399111048
4.89242754785
4.6826001463
4.58548453076
4.64705448848
4.50730678438
4.83409762115
4.87430581985
4.50076822953
4.81644201867
4.5854362001
5.15053598394
4.4646680006
4.62279561612
5.1122522996
4.76924003041
4.70626201505
4.88056248923
4.88656138703
4.76709888769
4.58982770211
4.76179087188
4.76246487601
4.80509376845
5.09381435365
4.8167935222
4.6520493034
4.74062485896
4.96482552662
4.71496190241
4.65052474561
4.88089232143
4.98858240372
4.68787562286
4.65538523533
4.71235327378
4.62538352105
5.41271508433
4.93239056855
4.64625344346
4.75705219829
4.91187479931
4.92416695759
5.11947615505
4.7938666657
4.48391400342
4.96751573443
4.47453707235
4.91144535482
4.78552564619
4.79285384339
4.65040476795
4.53185063293
4.65072299342
4.52539712994
4.70176739599
5.16724888191
4.6957454714
4.50348135385
5.03019224122
4.46294433889
4.97275955731
4.52952620018
4.24708715113
4.58245569566
5.0410301193
4.93271661385
4.81598098229
4.85068384524
4.78457961778
5.06814323817
