0.266792267175
0.48820348074
0.50424202802
0.541315773186
0.573110953511
0.496621976412
0.582816201685
0.512790304264
0.547274207334
0.617820630553
0.656604121399
0.703597256501
0.653733328716
0.576096414399
0.57757022919
0.63649266878
0.614362434881
0.631685000503
0.712893004309
0.637553322926
0.655412661456
0.654133267734
0.607341830413
0.651799848905
0.698306716264
0.663560621141
0.706635343523
0.727521226062
0.707662964795
0.760448308989
0.746956825404
0.710465419661
0.68662725585
0.697621580403
0.693243622966
0.752498593591
0.756103891511
0.757717773495
0.769254209418
0.778091360561
0.71537085618
0.761298066541
0.779109381533
0.702426775771
0.735599321642
0.734562548352
0.732880836776
0.717645500322
0.783881525526
0.725258456295
0.709253006951
0.650384575067
0.742611294754
0.776947575215
0.728649953162
0.742648426654
0.710472141663
0.637392658494
0.580068896788
0.613019678623
0.673007597823
0.72146900648
0.682002791547
0.674414052937
0.683548038484
0.750946154721
0.751532948683
0.746296356255
0.777458530972
0.763508293654
0.752689732999
0.710618049129
0.714300353713
0.676646103031
0.707285464633
0.643725142417
0.744634952998
0.718143116982
0.731447357949
0.756638094728
0.744175285562
0.789828799636
0.727490192399
0.665123334545
0.640923668213
0.668573745067
0.715271567252
0.731703790036
0.693927926726
0.678820009929
0.643647885411
0.709423809677
0.736584622134
0.690788189973
0.739026647525
0.728898043743
0.750238556946
0.712390085614
0.757424009377
0.730629717017
