0.263738461016
0.503569025549
0.544141839362
0.66304793299
0.654010884488
0.698820836513
0.685972202508
0.663614339871
0.671402533194
0.690509999065
0.710749279711
0.653230899551
0.676580703623
0.691453248559
0.712964255852
0.691755583513
0.653191848747
0.673520189499
0.625492271631
0.698621285156
0.74792612531
0.772610811817
0.76735824418
0.764492061444
0.751599870646
0.764410322098
0.719826080676
0.683459596941
0.624245867411
0.678373657078
0.736620700832
0.760678229508
0.788313662746
0.812916628422
0.698549604838
0.634481355483
0.642812714919
0.618465979566
0.595446777396
0.692225902341
0.665560107218
0.702656091102
0.71408589351
0.754606710198
0.794062043488
0.756569727213
0.774886186998
0.725485223467
0.736534368122
0.704623660916
0.721709757062
0.742529159404
0.703471610314
0.680975248083
0.657323591394
0.679496375681
0.693739373568
0.637606484136
0.719818086047
0.721044451409
0.798766524741
0.733130794896
0.720347252672
0.687337527337
0.73778694522
0.689456329293
0.773591763412
0.762240799436
0.784155553473
0.791662577504
0.779023976307
0.798075390565
0.784936850874
0.741992766239
0.748191977736
0.739162808211
0.700145859997
0.739667698071
0.737765237879
0.74356190294
0.757866173697
0.762616569467
0.761574485894
0.745130463909
0.716246586721
0.688429749689
0.733505589535
0.675996172541
0.747835609069
0.751997019042
0.743787332939
0.773559384099
0.799081126811
0.779763986003
0.766312849709
0.754921883279
0.719189060066
0.7021708406
0.772547157058
0.733062411666
