0.257190410536
0.417463900446
0.458155921528
0.584273412437
0.613848979091
0.658068630789
0.67422552889
0.655760837829
0.745810126998
0.74488081459
0.774199127553
0.72287295034
0.724929060239
0.721228426705
0.7298702305
0.710643156768
0.724756411375
0.763109396373
0.780901947294
0.755966081283
0.702820070535
0.659976892652
0.672124361184
0.687451134195
0.684499615065
0.736943570039
0.710225152964
0.735809365997
0.794473431226
0.751241598495
0.754705210917
0.748839630453
0.666303683587
0.640337295296
0.714188742649
0.744784876415
0.773745036825
0.745467683953
0.771867546663
0.766238645161
0.702038050072
0.706236377001
0.709260982752
0.67197935762
0.614011828065
0.629609989955
0.647657541563
0.60647875035
0.695084602703
0.739411675264
0.790790643068
0.836672495698
0.804013434321
0.767104940824
0.7422787326
0.715609755267
0.79508171224
0.747228884582
0.758384975392
0.711631730084
0.7058157477
0.667330641314
0.743580300545
0.731362472921
0.738390551192
0.691636922879
0.752167290002
0.703057955069
0.683468335335
0.720503753127
0.697687003795
0.654388594468
0.715510609211
0.735111806187
0.781492948176
0.730922802239
0.727097106423
0.743521224412
0.728650804059
0.648006522188
0.666182053668
0.727729391219
0.765482467403
0.804740144402
0.784805846145
0.776120645501
0.729608717917
0.77259203223
0.733914385088
0.767014625976
0.744445913368
0.686809029266
0.691841420776
0.723297656657
0.730237473202
0.724755571389
0.756490410875
0.752550383135
0.760345734741
0.725670708451
