0.245781889469
0.512811947566
0.511338972644
0.60308185127
0.583535636017
0.5664749481
0.612820298358
0.665961823524
0.615806964081
0.625608510414
0.599662943114
0.614320762348
0.625405776068
0.680505946353
0.662865246936
0.716820183524
0.680970941862
0.707466473372
0.607701833471
0.686127425871
0.678175115548
0.664534902621
0.670490881205
0.683050266481
0.604868404826
0.672103434753
0.742329763937
0.742358966569
0.742081061653
0.73492013082
0.673262252814
0.703503374326
0.670879391763
0.743008543385
0.78083005646
0.746741123977
0.708995154734
0.653834485751
0.670564496848
0.69790028189
0.735771652895
0.742597392305
0.751067273384
0.713742901379
0.777450831977
0.753457750409
0.646512762292
0.677295650341
0.663985632399
0.708462862449
0.716270127748
0.700971944268
0.722191573423
0.794352705545
0.792834071322
0.762408988792
0.705061992575
0.7061620131
0.70818821318
0.712372877033
0.734139001249
0.72516841821
0.69984373668
0.71659114086
0.73598791487
0.740299190873
0.764156940049
0.775503970083
0.732590583886
0.781730565293
0.764982895363
0.788506657359
0.737407839602
0.69868623929
0.647644416461
0.666907372436
0.726001891673
0.705334016838
0.722787865766
0.733898850927
0.622616876389
0.651129398015
0.667375057955
0.72417703493
0.746061315355
0.746859170875
0.786516362835
0.784991764071
0.778818016052
0.790673506343
0.761085007097
0.769957830277
0.754397764568
0.716127102545
0.774314343562
0.741479790854
0.750568770828
0.73138980868
0.723038986352
0.690858447503
