0.989997009721
0.948277257056
0.842126654024
0.803780767005
0.727983448513
0.711044231142
0.652395929664
0.643407049917
0.549265320294
0.371185919426
0.199063366456
0.21674410065
0.120514655806
0.102927667372
0.102907334145
0.0868751628807
0.091437440665
0.0771547574011
0.0622182218484
0.133361578664
0.109161911874
0.105479490771
0.0352148981757
0.0813171164302
0.0455420252667
0.0621165082287
0.0783706931479
0.0324333199472
0.0806496251035
0.0395826057146
0.0833290057672
0.0649473368464
0.0893061864906
0.109670659118
0.121332845153
0.0534330103948
0.0412080513639
0.0440652797483
0.0894364213875
0.050448362664
0.0765489302067
0.072999293216
0.130470877924
0.124909451493
0.0899301887376
0.0393094332904
0.0647950858565
0.0178624314202
0.0171128427614
0.0536636468416
0.0175651181839
0.0126253054784
0.0105813571196
0.0511971056777
0.000601045296167
0.0
0.0197367418126
0.0375196285355
0.0238793518949
0.00981572655554
0.0396561679788
0.0145256373693
0.00971213272763
0.0237973785667
0.0422932558293
0.00982670588702
0.0416894392173
0.026645784864
0.0
0.0126424689287
0.006913439575
0.0302383467939
0.00806341140886
0.00754571906781
0.0331547189874
0.013734915654
0.0131777648783
0.0157886034769
0.0326561827536
0.0549199862746
0.00701947418976
0.0319376782417
0.0168121885164
0.0161780831534
0.0142009528632
0.0187002285398
0.0372414783979
0.0434159085215
0.0260229247328
0.0445188961745
0.0326211942056
0.0323924576726
0.00257843504568
0.00338237687313
0.0
0.0100809965535
0.0151760579948
0.0163508560213
0.0610004495302
0.0350549535748
