0.744665221236
0.925584059445
0.98
0.98
0.98
0.98
0.975646590615
0.97344733999
0.98
0.98
0.98
0.921312907029
0.955504684604
0.979988806811
0.98
0.975477339982
0.98
0.98
0.977352725137
0.98
0.97845506181
0.9752746954
0.973417979773
0.977291258341
0.931412985743
0.878574869595
0.97928992803
0.968764760979
0.98
0.98
0.856999575563
0.89112506561
0.965519396216
0.868756886731
0.978491593198
0.945638876967
0.892480958572
0.978297394425
0.95298790231
0.967364712115
0.979699504249
0.947618780808
0.98
0.98
0.969318389281
0.98
0.9782746954
0.98
0.959952264566
0.98
0.98
0.973384184401
0.973794287778
0.98
0.98
0.98
0.98
0.98
0.97401004897
0.979600749185
0.830399434391
0.979780930107
0.867779429979
0.864836654048
0.92674893469
0.98
0.944434460014
0.9782746954
0.924852366968
0.978448071709
0.978182851594
0.98
0.98
0.95747852806
0.975960821352
0.970207833702
0.98
0.949366113618
0.90645927228
0.974129425303
0.960579050274
0.799418884056
0.882686306819
0.869298914275
0.98
0.98
0.98
0.932167242029
0.98
0.98
0.98
0.977098163942
0.939659817087
0.796116042947
0.98
0.95938304199
0.96472216471
0.917535815671
0.98
0.98
