0.810180283186
0.98
0.98
0.98
0.98
0.896830443239
0.98
0.98
0.938534155348
0.98
0.98
0.978762176325
0.98
0.98
0.874701079862
0.98
0.98
0.918051645045
0.971335064256
0.848011874603
0.957763751164
0.871561754502
0.98
0.98
0.98
0.979295938081
0.876313605018
0.907201011927
0.98
0.98
0.957389692695
0.979779443195
0.910387276409
0.941906709854
0.92847222402
0.98
0.972047339988
0.972456485583
0.975435621317
0.832503215816
0.851640841306
0.98
0.97736434012
0.970155656146
0.976912021582
0.92345484961
0.98
0.98
0.97452587544
0.894896418463
0.907221224408
0.977323544051
0.98
0.978609771282
0.965068742754
0.975344438301
0.975540527959
0.970211673764
0.967129425303
0.976147352241
0.966304143893
0.979695835743
0.964689851661
0.98
0.98
0.977400724908
0.965845361997
0.98
0.973380162566
0.905462214529
0.97716550509
0.978293678786
0.961179125451
0.936884746274
0.98
0.896830443239
0.98
0.979200000098
0.98
0.976622752968
0.93952719288
0.98
0.95373865233
0.98
0.98
0.840390621421
0.967763751164
0.92606388176
0.856546913636
0.98
0.910903332957
0.967763751164
0.978764596646
0.98
0.879861853065
0.923045322035
0.956520764868
0.972138739048
0.98
0.95966512645
