0.840642022555
0.960817582704
0.98
0.977616080797
0.98
0.978741533916
0.925017612555
0.966648044195
0.916678191371
0.931882964275
0.848924652287
0.8819615233
0.845623645904
0.826888290582
0.968664638402
0.98
0.95790838776
0.98
0.98
0.98
0.959349730322
0.901613893313
0.97818297643
0.98
0.930154333738
0.947677336545
0.838323754382
0.877512798369
0.972245114228
0.95442181626
0.98
0.975525682205
0.976244330708
0.853157131011
0.98
0.959541796076
0.966151489389
0.979832030161
0.965154244932
0.830275061923
0.811713581673
0.962671560112
0.963968266577
0.98
0.957926460095
0.950727084944
0.98
0.979394397838
0.98
0.974115745405
0.973099655462
0.98
0.975886062689
0.98
0.923432623932
0.98
0.78383303781
0.977385119371
0.98
0.85960316152
0.9658356164
0.919379170817
0.98
0.845283235104
0.98
0.972327179108
0.973803023548
0.98
0.98
0.966682926976
0.96141999829
0.914990538704
0.98
0.98
0.98
0.98
0.98
0.954073540972
0.928342136642
0.881614328097
0.98
0.975641584999
0.976221944717
0.98
0.947829728717
0.979482284343
0.98
0.98
0.98
0.976862996431
0.98
0.960270817433
0.968095404531
0.919773712523
0.98
0.960968674282
0.98
0.98
0.98
0.940253140343
