0.813363396139
0.790828460568
0.76586997473
0.731565533588
0.719022958516
0.72794405508
0.740102001916
0.736156808253
0.724052638639
0.71066293446
0.701899034109
0.684276832757
0.614571212153
0.574270054153
0.599228563285
0.622608800566
0.657935438123
0.625439807349
0.618918430426
0.621523885345
0.640000655893
0.616438040229
0.540118775587
0.534643947481
0.59116729341
0.654111983782
0.646756169705
0.631321641973
0.619343038593
0.59964097568
0.537785374785
0.492416124475
0.471934159254
0.411283076325
0.433808834114
0.489945232334
0.547764400553
0.468452759189
0.517781762843
0.488793056585
0.460734250686
0.442972283247
0.456228812829
0.428123045005
0.45930179134
0.498858460078
0.48953317667
0.488126542223
0.517317323223
0.53604997071
0.521923838394
0.534360791897
0.583032266399
0.57725742768
0.556604750012
0.536418971441
0.622415356732
0.529077951176
0.517904336995
0.52190855721
0.525718757538
0.491057295655
0.451045850737
0.456794633193
0.426251286328
0.454870624787
0.464521805795
0.492305916166
0.526899590611
0.515378688653
0.528916218167
0.432659577176
0.505347261207
0.546790120501
0.468537375772
0.472864386464
0.435095383882
0.431156466159
0.433115936204
0.461472759368
0.464834586723
0.477642959598
0.456161899969
0.424847143623
0.471066328861
0.457965936242
0.427258859212
0.400501593654
0.374254539891
0.443401706905
0.474072114483
0.503422383374
0.521366555993
0.534707813292
0.546536616986
0.51261543052
0.531311558381
0.509076106243
0.533225053463
0.531207004601
