0.252694416579
0.260845439408
0.341325666715
0.311944841753
0.38069468765
0.327634879485
0.360939840636
0.408083027673
0.405387266556
0.3990788041
0.324112727066
0.248083308759
0.309759259821
0.415779938597
0.383106864991
0.349636022708
0.356831390292
0.328455641833
0.34253213548
0.333466245717
0.369347056925
0.355146691008
0.258832817324
0.290269612138
0.24994787044
0.297348471574
0.25227062419
0.340792019356
0.301264824572
0.277499618155
0.48147076889
0.502188180889
0.388953084293
0.240341054532
0.369051295037
0.542675440872
0.438800499557
0.318176969245
0.305699446392
0.30929342496
0.279279530337
0.507904454967
0.53148210303
0.512887487873
0.450683689703
0.448164248238
0.419534898094
0.493979127833
0.499040220636
0.478206602492
0.450242857383
0.559972899761
0.493516945634
0.50308982634
0.563258324655
0.572847962281
0.454794523314
0.472627019146
0.51129944707
0.503320402814
0.458518121442
0.451393510393
0.345071920607
0.354631739336
0.437573306344
0.511251515187
0.510165503812
0.482581997065
0.375262355768
0.538103208357
0.442802086564
0.364083279409
0.295301534438
0.355555349958
0.350387012323
0.425948184693
0.612528948421
0.625862611427
0.502260949982
0.592289913747
0.461312624432
0.427401691433
0.495478391716
0.361918509405
0.344748889665
0.273915527187
0.317879452828
0.359220432104
0.301896697477
0.286393058077
0.249660465928
0.229420561983
0.386733651796
0.590181786471
0.372697895715
0.419010919474
0.323980640544
0.352522557342
0.406145238667
0.492019332923
