0.236676387543
0.261132465457
0.391156659166
0.37662223797
0.375592528571
0.476612235112
0.408233103411
0.437924992691
0.471993770805
0.379419872722
0.423471829641
0.396985695016
0.389666679629
0.379069548027
0.466520467488
0.530733536404
0.553750420518
0.355573797903
0.257629204106
0.228261110634
0.446319469934
0.323736007275
0.330640962489
0.283179488615
0.249991011033
0.402978318803
0.491648726982
0.379402431975
0.38208051395
0.415515781786
0.389887456946
0.306456030054
0.337838486943
0.428090154142
0.581308130614
0.525984034981
0.387561364785
0.483760260769
0.545564855925
0.418236868103
0.388187188322
0.361515628032
0.480232738784
0.428987568449
0.262753910889
0.338458159545
0.282750808312
0.338833659294
0.408337350645
0.452102416694
0.422145958904
0.480104718379
0.57420932345
0.399137416617
0.478417835355
0.431627719647
0.371217809534
0.395224170905
0.511018710053
0.340661625093
0.298605389822
0.529982114025
0.481454681751
0.394670817941
0.349557765153
0.326661932856
0.339376046808
0.579418986487
0.46087673794
0.543936177625
0.566950162519
0.569440937451
0.466777608784
0.505030523861
0.530032130222
0.478135233121
0.492868644635
0.408239954669
0.440937167521
0.335836185685
0.378654420856
0.427990240067
0.33008298846
0.395806300192
0.346698642447
0.393153813452
0.338185120836
0.3722286271
0.405939860601
0.38041392176
0.304191735163
0.395634910332
0.453912585791
0.38813511451
0.334831742934
0.611776111354
0.615653577228
0.534620361685
0.405146920861
0.422910506292
