0.274023580671
0.344454500002
0.425485668269
0.358372935683
0.418809389398
0.51171825406
0.458530917212
0.354693119697
0.343978342122
0.273081674046
0.273607721847
0.245701278553
0.285127776803
0.285259605979
0.275195136865
0.277375513026
0.344099700401
0.336564989806
0.44526320249
0.486965364945
0.502871364019
0.473625224604
0.256991285154
0.409015484794
0.470691128499
0.309134775133
0.313927932105
0.383446115621
0.300476750454
0.294894086151
0.454753742406
0.550058504634
0.480786436948
0.424530667343
0.546384130049
0.44273764425
0.387508365849
0.41869418921
0.305596112167
0.319788341175
0.459251269094
0.656307957878
0.584455566425
0.506229675475
0.570721347333
0.545565945165
0.487355942602
0.526396776389
0.553861073022
0.514914954014
0.482329927556
0.498583880831
0.501669962678
0.44049490683
0.35183548459
0.376482943383
0.328791572895
0.36528477649
0.369855875966
0.40114572686
0.425627567285
0.352911208426
0.324233401116
0.386462050568
0.468294137684
0.527729027253
0.57415231407
0.552500254418
0.502754865212
0.461052685937
0.517171952172
0.507493013575
0.512890279262
0.598233078223
0.522532502795
0.559705229289
0.554605145826
0.547628465698
0.529162926383
0.447837810908
0.495542583129
0.532041323779
0.529403585382
0.492903851819
0.487039967856
0.505287710122
0.43780436887
0.447869917169
0.412173735685
0.494039655243
0.533747010803
0.506051773375
0.473753949482
0.411101574362
0.264315905348
0.277115830808
0.339210102995
0.400686109911
0.497669502928
0.533541618985
