0.856785875536
0.98
0.98
0.98
0.98
0.98
0.98
0.98
0.98
0.976646083533
0.98
0.98
0.9766006287
0.960211612038
0.85761467838
0.722939287092
0.73482390765
0.244624901234
0.390497890786
0.949389957683
0.978320849159
0.98
0.98
0.98
0.98
0.98
0.975787334422
0.98
0.98
0.894915805054
0.98
0.98
0.966516751347
0.98
0.965252711682
0.970370605784
0.967216960109
0.98
0.977195135934
0.98
0.949187361952
0.98
0.98
0.98
0.98
0.98
0.98
0.934200615745
0.98
0.98
0.98
0.98
0.948972190316
0.98
0.797847141995
0.98
0.871566577051
0.860092624787
0.837375383768
0.913241969861
0.903305412799
0.818146990219
0.967847689254
0.98
0.98
0.926857404982
0.970475316464
0.98
0.969775803637
0.98
0.98
0.968987355153
0.98
0.882450760163
0.98
0.968954722551
0.927069194961
0.884553593143
0.870088347007
0.98
0.98
0.851888240893
0.968114321365
0.98
0.98
0.907910478734
0.979762081774
0.98
0.98
0.98
0.98
0.963157535277
0.940126142089
0.98
0.977624112218
0.969246941308
0.966568469316
0.875976588692
0.98
0.98
