0.00373247810963
0.165404559967
0.821961567085
0.973252824859
0.977201301499
0.977923602219
0.978053222494
0.979999181715
0.979999947689
0.979999987313
0.979976924081
0.940340967155
0.977690282843
0.979999999803
0.978216218555
0.97210960122
0.979999987313
0.979999999803
0.97998266204
0.979999281315
0.979999614757
0.979999897986
0.979999977189
0.979996947592
0.979999999803
0.971341982274
0.975861344444
0.979025058264
0.974607330989
0.979174267393
0.979267163379
0.979958517031
0.971831667218
0.972679489861
0.927248585397
0.953992652654
0.937991280605
0.967851263622
0.947865433146
0.9099631794
0.824411708384
0.826521214372
0.910586430422
0.976620838013
0.979722478269
0.979964657701
0.979999987313
0.979992944348
0.979999452277
0.979964878509
0.979746344131
0.979982048367
0.979994582458
0.979999181715
0.979625161353
0.979488537915
0.97996143426
0.974821437581
0.979881124175
0.979555679511
0.979491349086
0.978784411834
0.969002270274
0.979904277358
0.979864878667
0.977766711091
0.979783554567
0.979838808613
0.979977491874
0.979999999584
0.97999999957
0.979992634731
0.979999363757
0.979999987313
0.979943392845
0.979999999997
0.979970523302
0.944304111045
0.978676727794
0.978412757563
0.979947226535
0.961999184011
0.95764799873
0.928521779495
0.979556454767
0.979839378542
0.979948206821
0.979064910603
0.979636286428
0.979948825874
0.979446225648
0.979999987719
0.979994607212
0.977322122834
0.978451794122
0.97999774371
0.979976077911
0.944269657609
0.921642876635
0.873084735818
