0.00372712030552
0.165254121078
0.754739386265
0.96097674125
0.940929100508
0.961792766771
0.949602208081
0.95579803545
0.893500099889
0.603972819804
0.729710358366
0.931199924883
0.963947949028
0.979947226535
0.979999181715
0.95200776922
0.965932924296
0.977676643171
0.976253042265
0.965189705558
0.915748926859
0.803797415061
0.57236698895
0.821875201943
0.957786425102
0.868185271673
0.884893236624
0.976001102989
0.979312209896
0.977857362311
0.979956528171
0.978410465402
0.979977004581
0.979999514137
0.979999996014
0.979999967616
0.97999999924
0.979999999975
0.98
0.979992745887
0.979999999838
0.979999999944
0.979999999988
0.98
0.98
0.979550156633
0.979999987835
0.979999932106
0.97999987283
0.979995763303
0.979599755601
0.962774438273
0.962835785631
0.977263746246
0.979947226535
0.979997664857
0.979775945945
0.979990638602
0.979994957719
0.979955883606
0.979982191286
0.979999861383
0.979999632416
0.979999993495
0.979999970067
0.979982102971
0.979999732068
0.979999994218
0.979999999972
0.979937206852
0.979631630043
0.979999516966
0.979981104408
0.979999181715
0.978242161144
0.977717401125
0.979999181715
0.979999836608
0.979983428037
0.979947501098
0.979999850034
0.979999987313
0.979999999803
0.979999999487
0.979993847186
0.979981023368
0.979998136928
0.979994643448
0.979999248171
0.973519090567
0.955745101028
0.975137768761
0.97209440735
0.977715037542
0.979619911137
0.97961734553
0.975885004083
0.979576479923
0.979442615431
0.979995242387
