0.737751102901
0.98
0.98
0.975341737211
0.98
0.954641458432
0.918163913554
0.98
0.928133466707
0.860039393235
0.910162906867
0.972337366967
0.975775221617
0.98
0.906180121883
0.932520670613
0.98
0.98
0.970698739142
0.98
0.98
0.977247952803
0.978708314097
0.950481117124
0.872149226652
0.95336416693
0.754356247589
0.898078957846
0.961853741312
0.98
0.98
0.98
0.969321538478
0.912184576641
0.964252711682
0.98
0.98
0.98
0.973257057285
0.977853220794
0.98
0.98
0.98
0.98
0.978803908651
0.963905967141
0.923813472968
0.925704113299
0.912915415765
0.98
0.968936336628
0.98
0.977692925525
0.939768199658
0.98
0.977067285594
0.870401339779
0.98
0.97099024039
0.98
0.973657110959
0.96910551405
0.967025389431
0.930770157945
0.977584360778
0.98
0.98
0.98
0.959454138796
0.98
0.978551814615
0.906475282601
0.814375829085
0.948636851617
0.922194518021
0.979391543098
0.98
0.822538224988
0.98
0.820581748888
0.730341508727
0.973695625346
0.814375829085
0.98
0.98
0.956236747922
0.825332967694
0.90239655861
0.977700706149
0.978724491866
0.975261323736
0.979742872486
0.925781083777
0.974459637186
0.851197701458
0.962461040555
0.98
0.941378346057
0.904958282058
0.774965363605
