1.9492014472e+232
7.66125327762e+029
1.91966162008e+064
2.61790779108e+063
3.29845494134e+061
4.52627480513e+061
24.1101805227
7.04111654098e+061
4.72799073036
6.10468747338e+012
9.92928811301
16121.1233502
7.9143322386e+236
20806502572.4
5.62898218462e+036
15.4199476325
897094037873.0
6.89314270817e+024
3.62355348765
2.34198473615e+047
2.32450316324e+250
1.56958172173e+034
18.0807876492
12.7261199505
14.0705212997
1244.74244325
559982.37273
46.9461867134
1.90081916441e+012
4.37518155018e+015
1.35384713651e+017
3.38935030988
2.04505404953e+049
11.1636720732
9.54542955542
8.4174438385
9.48045710454
98047524.6527
8.74856693705
72650613.0949
6.17752999228
4.26614230379
2.48735923692
2.98257125826
41.0987170698
124802.383681
4448537.31155
8724146.54937
8.5059197424
898700671.525
7.16666271717e+013
4443311023.04
71061551.3036
448119082.763
2405189.39087
4.55579157638
1.65787190482
1.71659558357
1.73961383996
2.55959345736e+052
5514932429.54
86.6046513177
2.10107958815
1.48335923973e+037
2.55975694459e+030
6.84508282294
3.04054572472
2450.07439931
5.43426751763e+057
6.46694825892
3.35919123018
2.16557518968e+077
1.77312619472
1.91814895255
3.47357465072
3540.07955535
7.26625597294e+020
1.66014318843
1.64814168057e+253
8076.42305492
34.8930467689
492840606.642
1.30662805592
1.36264639179
1051.80599085
3.12978849214
3.61101295765
124599970505.0
793811664165.0
1.52782348217
1.99318203097
1.66688536836
40.285613027
1.36097937858
1.31832666511
6.11268514761e+072
2.64623423437
8.60370590127e+254
1.33925606856e+012
421.258560086
