3.06173319652e+303
1.33797704766e+099
1.91416980869e+303
2.75496087844e+303
4.61445595784e+294
11429466.1106
1.87916277452e+031
5.78319395525e+034
2.41227683078
4.33542398608e+247
9.44686071258e+026
5.93230761659e+270
0.412338491365
1.37794961973e+025
0.0231874010943
3.09250079244
68776.3873839
0.0178743483677
0.0850876669587
0.00674958974464
11.8491902624
0.128199826582
0.397133864238
0.163026042639
0.0265265887204
0.00266007205785
0.138965268986
0.0927445599638
0.352096137733
8.69283823117
0.469241123987
0.157560847663
0.00694897244721
2.18879431461e+019
0.236968380528
8.75533370502e+032
5.07941570271e+031
0.624020680285
1.2406233003
1.50481443957e+302
1.39645589232
0.171263508185
0.140781028465
0.158100633028
0.119601919593
0.164370030007
0.048974743732
0.0703836815596
1.13890045889
6.94922415575e+020
0.28299304106
0.149659508643
0.565381123722
0.345622447967
0.397714689342
0.141677197898
0.0421188995717
0.0388420967999
1.1015979096
0.0972160300277
0.0778688901484
0.997948526169
11.6292763053
9.77554193239e+071
10.3224514154
6.30031636577
1.97121585313
1.20030593106
0.230902907284
0.612769916386
0.0855018556744
0.241437204142
1.22575171349
145090.115788
0.642457009104
0.393056822511
0.494423743271
5.62647426522
0.249534130407
0.175274308632
0.199377155652
1.22640055934
0.063385136569
0.101564016122
0.465737646265
0.428500108698
0.0867772437062
0.112640659304
0.604855595482
0.177952845549
1.74787893869
0.194518343146
0.396970149671
0.0478805821998
0.239734573191
0.180241055148
0.0805001535166
0.0573265275329
0.0903141555527
0.857528972286
