2.17325818167e+301
9.55912124239e+053
1.60366524768e+063
1.56038751265e+068
4.69527607387e+236
2.67293376355e+303
2.95690086839e+301
1.50027331316e+287
1.95399539043e+292
6.72570966682e+273
3.10506750129e+282
2.31626632341e+304
1.17675557729e+066
1.13562983317e+282
2.09988864908e+260
1.28216374103e+273
8.39335523126e+252
1.60785589763e+301
2.27863432389e+256
6.51703252577e+283
1.98544514549e+253
2.75463094755e+262
4.10382984421e+253
1.05558952306e+304
1.99597406824e+253
7.40993034793e+276
2.35934977586e+252
1.66991282673e+253
32.7859706055
33.862984073
1.36069613002
1.95245201675
3.8049603957
37.237582102
3124972606.19
7.22701356818e+022
4.33121397872e+047
5.20672963498e+227
162.856720076
192.142934939
0.0562964590558
0.0
13.7187148349
1.24620659444
185.253431512
10.2690509378
3106825.10185
7.6095972289e+013
2.02090868175e+020
25676.8474428
5.68603758236e+015
7.28344297385e+248
2.4506180353e+252
1.68215457371e+233
9.53785006553e+048
4.12020309772e+061
5.26590999253e+130
9.93345911455e+017
1.93037200669e+198
11.3026423403
0.000929815678022
9.75852327841
16.768278125
14.6194848083
364.573679014
60.7481239046
28.2506198069
27.0259101765
61.7543013898
34.329381869
1.10416136346e+016
1.05268802181e+014
34.594524777
57.207915643
57.4980588712
2.28931903873e+121
4.13190101622e+023
1.97195714432e+024
1.13207234947e+056
1.37963104077e+063
7.7736959854e+039
20.0440652137
9.59660836356
9.56112358811
524643.55404
9.47849084339
8.89211704461e+053
57.1347620797
63.783443805
6.8442211261e+047
46.5767786307
24.9486856249
41.9469877672
52.749324928
53.0748610215
16.9749583876
0.316658116577
0.064278289098
1.89319189941e+087
16.4401845515
