0.744922918413
0.804588021651
0.97442194196
0.98
0.98
0.98
0.98
0.98
0.98
0.98
0.98
0.977686165376
0.903996794964
0.860192440084
0.98
0.98
0.98
0.98
0.98
0.973417613791
0.98
0.879068287286
0.949394304623
0.802707621888
0.977290314882
0.98
0.977487694954
0.98
0.98
0.98
0.954199139254
0.978820981831
0.98
0.975060364326
0.98
0.98
0.98
0.98
0.98
0.950288209258
0.978000000025
0.665266769298
0.98
0.98
0.98
0.971255405725
0.979441528047
0.98
0.977749947079
0.93749508844
0.966939085405
0.98
0.98
0.98
0.978654405697
0.971202320342
0.98
0.98
0.98
0.971344677899
1.0
0.98
0.98
0.98
0.900329195044
0.890326840683
0.98
0.98
0.98
0.98
0.98
0.98
0.968150529273
0.903137945951
0.974457871654
0.960650279183
0.975180640192
0.946704726271
0.98
0.98
0.98
0.977375416195
0.98
0.948605741169
0.969336689224
0.914873741834
0.979176529592
0.75325867954
0.912984779494
0.98
0.98
0.98
0.98
0.98
0.98
0.98
0.98
0.98
0.98
0.98
