0.450037264321
0.98
0.98
0.979756344446
0.98
0.98
0.98
0.98
0.98
0.98
0.931876482687
0.873043270533
0.98
0.98
0.98
0.98
0.98
0.98
0.960400016423
0.979998623095
0.872253451213
0.98
0.98
0.98
0.971644412239
0.98
0.98
0.98
0.98
0.978092531648
0.976469616073
0.98
0.98
0.98
0.98
0.98
0.98
0.98
0.979218781627
0.98
1.0
0.98
0.98
0.97998112527
0.98
0.98
0.968073504569
0.98
0.98
0.98
0.98
0.98
0.98
0.98
0.976132631111
0.98
0.951166871491
0.98
0.98
0.98
0.98
0.98
0.98
0.98
0.98
0.98
0.98
0.98
0.98
0.98
0.98
0.972560495335
0.98
0.98
0.98
0.98
0.98
0.98
0.98
0.98
0.98
0.98
0.98
0.88502114313
0.98
0.98
0.98
0.98
0.98
0.98
0.979453795226
0.98
0.98
0.98
0.98
0.98
0.98
0.975822732745
0.98
0.978397142094
