0.725718433694
0.979857376926
0.979390836189
0.971949995488
0.967340708813
0.972457996501
0.98
1.0
0.98
0.98
0.98
0.98
0.98
0.98
0.98
0.965888560337
0.98
0.98
0.98
0.965166398983
0.98
0.98
0.98
0.98
0.98
0.98
0.98
0.943997968508
0.905177922121
0.977897134132
0.963271790876
0.910604859069
0.98
0.98
0.98
0.98
0.98
0.98
0.958782461534
0.98
0.98
0.98
0.98
0.98
0.98
0.98
0.98
0.98
0.98
0.98
0.98
0.98
0.974553868346
0.98
0.98
0.98
0.98
0.98
0.98
0.98
0.98
0.98
0.98
0.98
0.974460257616
0.98
0.978478910872
0.959658645851
0.98
0.98
0.98
0.98
0.98
0.98
0.98
0.98
0.98
0.961560980774
0.98
0.98
0.98
0.98
0.98
0.98
0.899688255431
0.912626986329
0.973734476459
0.98
0.98
0.98
0.98
0.98
0.98
0.98
0.98
0.838480093808
0.98
0.98
0.98
0.98
