0.85005196027
0.98
0.98
0.98
0.98
0.98
0.98
0.888258408188
0.970600150667
1.0
0.98
0.98
0.968253995574
0.82351055538
0.98
0.98
0.98
0.98
0.98
0.964466429839
0.538587721559
0.963887310084
0.963428501388
0.98
0.98
0.98
0.971565623709
0.968578897229
0.98
0.98
0.98
0.98
0.98
0.977293612808
0.930261680567
0.98
0.98
0.954805308264
0.918341411059
0.98
1.0
0.945725891385
0.98
0.98
0.98
0.98
0.671477250415
0.958039101456
0.98
0.98
0.98
0.98
0.94764799973
0.98
0.951256570065
0.98
0.977409660968
0.927673141539
0.98
0.98
0.974621864409
0.98
0.98
0.98
0.978000744973
0.98
0.98
0.98
0.98
0.98
0.98
0.946893967735
0.919964061146
0.876479630672
0.974326137375
0.98
0.98
0.98
0.979807171488
0.98
0.959365766604
0.916840726617
0.97771936727
0.930672383719
0.98
0.98
0.914157680098
0.858227404908
0.968528558103
0.98
0.98
0.98
0.98
0.98
0.974425190643
0.98
0.98
0.958133007572
0.943521452901
0.908507670616
