0.775292040108
0.954601158046
0.98
0.98
0.98
0.98
0.98
0.98
0.963064428987
0.971198757877
0.789117758794
0.970022239463
0.98
0.855716406715
0.979571559494
0.91138074956
0.977775907769
0.802311107695
0.934795838965
0.98
0.98
0.98
0.98
0.98
0.98
0.98
0.98
0.98
0.963687725265
0.975003191602
0.98
0.98
0.98
0.98
0.98
0.98
0.978400000019
0.98
0.98
0.942254468962
0.951633907951
0.719480855769
0.930476928697
0.98
0.98
0.98
0.97850780966
0.98
0.979356383787
0.941377088101
0.864364879576
0.98
0.98
0.98
0.972028167228
0.98
0.98
0.98
0.8944709331
0.98
0.98
0.9647481998
0.961621410034
0.949685148777
0.825712094343
0.960649959569
0.893600167699
0.98
0.98
0.98
0.98
0.98
0.98
0.98
0.98
0.98
0.98
0.98
0.979593652514
0.919471010779
1.0
0.98
0.98
0.98
0.97189913332
0.978718299143
0.957493390786
0.949976585561
0.978463684469
0.978594049739
0.98
0.98
0.971696238828
0.97750913688
1.0
0.952560991594
0.98
0.98
0.98
0.98
