0.805895462771
0.760042979838
0.733692486885
0.71334784776
0.696640271848
0.690632680954
0.665957734003
0.713375546242
0.734326286557
0.748234448711
0.704262229142
0.694234877684
0.709028072358
0.709112277921
0.712904313643
0.740891709059
0.703319832473
0.748106836943
0.746137810195
0.749759064764
0.7543513713
0.741227542743
0.709489357554
0.704391829226
0.7360460223
0.714965410116
0.674309778809
0.658351316812
0.616665701394
0.636910269453
0.652488032514
0.631891146533
0.678531170794
0.626981053824
0.689463793718
0.631884105438
0.605636331714
0.644814116429
0.639309121265
0.654775094924
0.655354152474
0.647869532781
0.689219393184
0.639662884604
0.574238378228
0.602709414391
0.580427656821
0.593263320892
0.637155919206
0.630310595683
0.624363312515
0.622133625683
0.610631877584
0.597303478184
0.569388265625
0.547300896867
0.544328985807
0.559911965657
0.55487895773
0.549147064731
0.556227504441
0.539882219164
0.515938231435
0.568969747705
0.536555473933
0.529816370253
0.558287811815
0.540243434643
0.46420923587
0.550021721956
0.492414106364
0.503456417207
0.52548016208
0.510272560882
0.469251464593
0.522861295947
0.553007651411
0.551613646388
0.581544938712
0.601119467387
0.586673504557
0.626381929666
0.581781612383
0.623104081756
0.641971629734
0.626048014235
0.657359137572
0.621728687827
0.62247359303
0.58879780713
0.586235041554
0.567557721982
0.604767885687
0.595427556533
0.572622961213
0.538921455452
0.536224472992
0.470682923052
0.330747754979
0.332411310606
