0.811975387295
0.789664845537
0.796909698351
0.787597826354
0.764616192193
0.722911116025
0.676477520254
0.664391516809
0.646479201572
0.577429956687
0.527299187008
0.471893765255
0.446611167919
0.504618533657
0.541688138816
0.590763068748
0.566102226515
0.592111504752
0.600124691876
0.620548534835
0.626059313968
0.610025266659
0.622505249169
0.577230304159
0.588612467319
0.608222303374
0.622364648779
0.647353625131
0.65147342475
0.63907324123
0.674629447744
0.633193012307
0.667733965256
0.65933919452
0.614103054323
0.546754426998
0.55788289315
0.493448898329
0.504629300652
0.418706030984
0.40397779556
0.344916854829
0.258383965347
0.314606433889
0.19312056448
0.198744150987
0.284461260486
0.245522184123
0.333789356604
0.254125021912
0.299087662894
0.316165269523
0.365809945182
0.3289935031
0.354742101961
0.458807786861
0.4787216705
0.510378248517
0.497935445933
0.532208175229
0.501124034758
0.452133175366
0.478603966476
0.486844639544
0.479632234606
0.532500933963
0.49320139
0.498013429229
0.497934941499
0.45866280707
0.340377936596
0.379206038805
0.312557070202
0.345791027556
0.353042740342
0.36598972779
0.333479913226
0.28118448345
0.260672392694
0.239375884592
0.244012234544
0.218995774655
0.286033202712
0.31882969628
0.305378766159
0.346130275311
0.291425025515
0.334715617994
0.261285327081
0.223102442079
0.238373842608
0.224451999543
0.225599766619
0.240832113163
0.235647677101
0.163178785902
0.191873977084
0.151634900466
0.143572315675
0.0984648717036
