0.810414408365
0.796266809858
0.787715615891
0.765752393789
0.781102295913
0.797877651287
0.776348751539
0.809246853885
0.793162516538
0.778741718364
0.695281178638
0.644859088499
0.662536319101
0.655743832435
0.568347253609
0.470724493654
0.531850522392
0.512379231002
0.402204161387
0.303716431231
0.40688309604
0.393840643365
0.401057306056
0.361459916442
0.470726542422
0.512940607118
0.536002495369
0.489926105226
0.448958055603
0.545580814177
0.610194767268
0.642255092726
0.710908912085
0.692562717707
0.660717706357
0.643610793395
0.624047919728
0.451893864643
0.378740502743
0.352125306817
0.302854701519
0.294376187732
0.324171812421
0.24315056456
0.294170439877
0.235959739835
0.149652604599
0.137690217338
0.106526143964
0.111156579003
0.141838974786
0.142922844582
0.177213383873
0.231347610986
0.260202347614
0.316067753857
0.306344823776
0.289313348561
0.273684770165
0.252112423514
0.264468977428
0.250044668248
0.235292477629
0.202793417635
0.20013752176
0.180272663826
0.208741976084
0.244672350343
0.28879594565
0.248616938368
0.268424138888
0.383933714117
0.405175720194
0.429842603346
0.41586956423
0.445309971497
0.392706960378
0.352476057221
0.363876818185
0.387884744696
0.427339235138
0.398974551255
0.417370443153
0.412139998756
0.415969913819
0.433376128832
0.441969095233
0.464619399908
0.474670906466
0.438910026449
0.384042419926
0.362809083601
0.32070303093
0.26381981681
0.331003178053
0.225480350627
0.235067479372
0.270988396598
0.300668755194
0.293381286764
