0.00373635042163
0.165404559967
0.826521214372
0.976620838013
0.979730705104
0.979970765372
0.972738941299
0.974454768275
0.977280773194
0.979189587996
0.951562202964
0.978170970459
0.979264983821
0.979993845433
0.979999460553
0.979999987313
0.979999999803
0.979999999997
0.979999999962
0.98
0.979999999996
0.979999999986
0.97999999973
0.97999999999
0.979999999998
0.98
0.98
0.98
0.979999999999
0.979999999993
0.98
0.98
0.979999993339
0.979999991126
0.98
0.979999999999
0.979999997403
0.979999999951
0.98
0.979999958345
0.979999999912
0.979999999637
0.979999999803
0.979999999997
0.979992022618
0.979999353401
0.979999996388
0.979999999803
0.979999999997
0.979998548941
0.979992453737
0.979999980317
0.979999999803
0.979999999759
0.979999999803
0.979965807551
0.979993376816
0.979999349563
0.976932357575
0.979999991413
0.979993655625
0.979999987651
0.979999999607
0.979999782758
0.979999927616
0.979998981845
0.979999318992
0.979999987313
0.979999811158
0.979999627863
0.979999930758
0.979999994199
0.979999996922
0.979999996277
0.979999999998
0.97999999164
0.979999994305
0.979853486568
0.97994355723
0.979976576408
0.979998785066
0.979999697465
0.97999991264
0.97999999149
0.979999999803
0.979999999997
0.98
0.98
0.98
0.98
0.98
0.98
0.979999999994
0.979999999999
0.979999999998
0.98
0.979999996455
0.979999999971
0.979999999967
0.98
