0.0037136327836
0.165404559967
0.826521214372
0.970682514975
0.959528572659
0.978234679129
0.979972852971
0.979999181715
0.979999990973
0.979999999803
0.979999992846
0.979999998544
0.979999999997
0.979999999998
0.979999781132
0.979999816352
0.979997055748
0.979999999807
0.979999999999
0.98
0.98
0.979999999997
0.98
0.98
0.979999999999
0.979999999998
0.979999999998
0.98
0.98
0.98
0.98
0.979999999998
0.98
0.979999872573
0.979999650378
0.979988363115
0.979998837934
0.979999999997
0.98
0.98
0.98
0.98
0.98
0.979999999983
0.979999999308
0.979991250686
0.97999717374
0.979999987313
0.979999999803
0.979999999997
0.979998234297
0.979999999997
0.97999999438
0.978725207536
0.977952106018
0.97970174254
0.97907443833
0.976646895883
0.979958807772
0.979995856022
0.979999281268
0.979999999368
0.979999962567
0.97999999473
0.98
0.98
0.979999999999
0.98
0.98
0.98
0.98
0.98
0.98
0.98
0.979999999939
0.98
0.98
0.979999999575
0.979999999989
0.98
0.979999999897
0.979998925487
0.98
0.98
0.98
0.979999999996
0.98
0.98
0.98
0.98
0.979999999924
0.98
0.98
0.979979036797
0.97999999888
0.979999901994
0.979999997711
0.979999999824
0.979999999997
0.98
