0.00374097671564
0.165404559967
0.816915056593
0.956038270054
0.976756059278
0.979961253562
0.979745777149
0.979954713968
0.979717443144
0.979999867851
0.979999998417
0.979998571629
0.979999181715
0.979999987313
0.979999990823
0.979999995836
0.979999654294
0.979999591665
0.97999999557
0.979999999994
0.97999999996
0.98
0.97999998248
0.98
0.97999970429
0.979999995712
0.98
0.98
0.98
0.97999999995
0.979989894538
0.979989808206
0.979999955284
0.979924689069
0.979999827271
0.979999987313
0.979999999108
0.97999999486
0.979801601917
0.97999999986
0.979999999997
0.97999999779
0.98
0.979999999993
0.979999999999
0.98
0.98
0.979993056166
0.98
0.98
0.98
0.98
0.98
0.98
0.98
0.98
0.979999999998
0.98
0.98
0.98
0.98
0.98
0.98
0.979999959751
0.979995978885
0.979999463803
0.979999999984
0.98
0.979999999999
0.979999999954
0.979999999999
0.98
0.98
0.98
0.98
0.98
0.98
0.98
0.979999999923
0.979999999999
0.98
0.98
0.98
0.979999999999
0.98
0.98
0.9799999997
0.98
0.98
0.98
0.98
0.98
0.98
0.98
0.98
0.98
0.979999999981
0.98
0.979999999983
0.979999999803
