0.00373077087367
0.165404559967
0.821910910053
0.954251361499
0.979202852341
0.979885408822
0.979968661948
0.979999406812
0.979999994487
0.979999721248
0.979999999614
0.979999999999
0.97999971677
0.98
0.98
0.979999951028
0.98
0.98
0.98
0.98
0.98
0.98
0.98
0.98
0.98
0.98
0.979999986726
0.979999962269
0.979999924166
0.979999278978
0.979999987313
0.979999999254
0.979999430435
0.979999994186
0.979999999834
0.979999999997
0.98
0.98
0.979999999999
0.98
0.979999997374
0.98
0.979998869275
0.98
0.98
0.98
0.98
0.979999978837
0.979999997844
0.979999997021
0.98
0.979999993339
0.979998572788
0.979999992836
0.979999999809
0.979999999955
0.979999999631
0.98
0.98
0.98
0.979999999959
0.979999999901
0.98
0.98
0.98
0.98
0.98
0.98
0.98
0.98
0.98
0.98
0.979999999999
0.979999999999
0.979999998589
0.979999999961
0.979999999998
0.98
0.979999998189
0.98
0.98
0.98
0.98
0.98
0.98
0.979999999973
0.97999999996
0.979999999969
0.98
0.979998395147
0.98
0.98
0.98
0.98
0.98
0.98
0.979999844151
0.979999996346
0.98
0.97999973796
