0.982051282051
0.909361786476
0.836455337929
0.826417550129
0.817932232692
0.798514070838
0.775770714985
0.755590377016
0.70862118474
0.691584300227
0.693554408447
0.696333796049
0.706312833874
0.705070968505
0.690953602996
0.693830432092
0.692532661057
0.683536568379
0.67064137822
0.673848784122
0.702559221031
0.678801468518
0.6775200339
0.655605476215
0.666801671108
0.676709892378
0.686543385491
0.664807896137
0.650985252624
0.660492127635
0.645165610731
0.624360709078
0.604020381198
0.611985716085
0.582719786173
0.62434029932
0.639086097799
0.657225823394
0.664275493307
0.667180023797
0.65285271158
0.652338451787
0.62111564585
0.63035362488
0.608791135394
0.6034790191
0.628864799659
0.678356922615
0.697842645009
0.664249554679
0.678670381059
0.642141236545
0.657459612615
0.654762867579
0.660906816812
0.680782834911
0.679554582923
0.688518207159
0.65293592646
0.623073474543
0.6280142568
0.640664725841
0.642148768357
0.641975708502
0.639541367477
0.638976414316
0.64570913019
0.644555055854
0.63886670224
0.635314391314
0.638720137141
0.635200763011
0.624539961229
0.640386608472
0.640181785689
0.608029106973
0.596016875175
0.5849133017
0.560903337914
0.552077456002
0.556468712693
0.581911777364
0.569532726908
0.559835607812
0.569580093496
0.592191693718
0.601256346361
0.563639185419
0.558113340585
0.580587859114
0.55520906886
0.514839702652
0.471655786269
0.506669352268
0.541360184623
0.542318318727
0.578721438788
0.604220222768
0.596629078605
0.583894015459
