0.65689856534
0.98
0.98
0.98
0.98
0.98
0.98
0.833270336801
0.89559907258
0.956236747922
0.943400000098
0.969971623567
0.947682415047
0.969344618393
0.977624112218
0.98
0.962000221117
0.924941025386
0.98
0.98
0.941710463912
0.98
0.979400000772
0.98
0.977862429395
0.98
0.98
0.948040329757
0.958907347167
0.976587208102
0.925792611093
0.958432252409
0.939993932898
0.98
0.98
0.98
0.98
0.98
0.98
0.98
0.98
0.98
0.977102971233
0.98
0.971600000381
0.98
0.98
0.98
0.98
0.978800002795
0.98
0.974067418541
0.98
0.98
0.9476
0.972282594193
0.978600000348
0.98
0.933140172317
0.973605230426
0.829752980692
0.943326267706
0.98
0.98
0.98
0.98
0.98
0.966202304685
0.949187361952
0.877724794035
0.976277682727
0.948808391021
0.951296124381
0.92067269923
0.944022191311
0.956361843819
0.967401970791
0.978416389637
0.98
0.98
0.881000000253
0.973973440336
0.98
0.976
0.978811404752
0.98
0.98
0.9776
0.98
0.98
0.98
0.976000000003
0.972520559396
0.979603597242
0.98
0.968925594326
0.919438638492
0.910232976859
0.98
0.954627629091
