0.756773583382
0.928233281192
0.925416972539
0.901988725546
0.964014793455
0.89813963718
0.961204347958
0.947315146556
0.98
0.98
0.977600381405
0.98
0.98
0.979762081774
0.937203567966
0.936000214966
0.940612678706
0.966830980379
0.98
0.98
0.98
0.971402990129
0.973666548714
0.9792
0.950516473464
0.98
0.98
0.945246227038
0.941882190117
0.971567427216
0.98
0.98
0.98
0.979636485105
0.98
0.98
0.98
0.929991674698
0.967665984075
0.977600005915
0.98
0.98
0.941461043707
0.953767658422
0.98
0.9746
0.98
0.98
0.98
0.979603597242
0.979600000014
0.98
0.98
0.98
0.98
0.98
0.922766626392
0.98
0.974801204298
0.966745121981
0.976000672991
0.978888436605
0.98
0.963606522352
0.98
0.956003156878
0.98
0.98
0.978600000164
0.978143246792
0.9774910087
0.976
0.979728366809
0.943710837103
0.974157535277
0.979708314097
0.968940893954
0.98
0.974157535277
0.978770837426
0.955005458226
0.9786
0.978522315259
0.977510904932
0.98
0.98
0.98
0.98
0.978282726821
0.979653788284
0.979765967275
0.98
0.98
0.947748454479
0.98
0.97594221309
0.979358994092
0.954395437619
0.944250993881
0.975676019302
