0.820100118196
0.98
0.974708307948
0.98
0.958000081455
0.967192783748
0.969936559572
0.98
0.98
0.9430326067
0.938789529418
0.974067418541
0.955578051331
0.98
0.98
0.98
0.98
0.98
0.962606644963
0.922103237371
0.890823383135
0.900654788155
0.968488258908
0.923354531747
0.904367914967
0.98
0.98
0.98
0.965622912884
0.957950255676
0.935037549202
0.977203417777
0.978811404752
0.942276517601
0.918976202434
0.978602628124
0.979600000024
0.979776159416
0.98
0.98
0.98
0.979000033301
0.98
0.979179727549
0.98
0.954617805633
0.98
0.931602013027
0.965831068298
0.961485106632
0.977164875091
0.98
0.98
0.976000672991
0.98
0.98
0.875124962541
0.965002312137
0.959454138796
0.87880078154
0.726123911414
0.90239655861
0.889169415745
0.98
0.953892089285
0.941829434152
0.978800180195
0.931278120291
0.98
0.931031344012
0.98
0.98
0.9380001977
0.98
0.956180763957
0.98
0.96377353324
0.817601839778
0.953368998301
0.909149419187
0.98
0.971617542386
0.976343315322
0.98
0.948559196661
0.878689564496
0.936649098575
0.942516751347
0.966377037606
0.886813932741
0.940721351838
0.98
0.976320849159
0.932956177199
0.842223106573
0.930744038771
0.904600000094
0.949000000001
0.888190444686
0.44510675844
