0.709201489038
0.974157535277
0.98
0.98
0.98
0.977164875091
0.98
0.98
0.956211218307
0.974100913254
0.98
0.98
0.98
0.9536
0.98
0.98
0.98
0.98
0.98
0.98
0.98
0.98
0.9788
0.9704
0.98
0.968239215258
0.974601585805
0.98
0.935686881681
0.939991473341
0.94089187679
0.98
0.98
0.975320301819
0.98
0.98
0.98
0.98
0.942475332466
0.98
0.98
0.955600306499
0.98
0.98
0.98
0.979133184697
0.98
0.98
0.98
0.98
0.98
0.938000000001
0.846804247602
0.978260233416
0.98
0.979570915533
0.98
0.98
0.968940893954
0.98
0.98
0.923822303913
0.98
0.9788
0.98
0.937101663502
0.81817662327
0.970685246672
0.98
0.97920063955
0.976951199693
0.98
0.878311712625
0.531406823899
0.877691336107
0.641901139007
0.792972853859
0.84528818099
0.964562636939
0.98
0.899457008331
0.822290048109
0.920169349654
0.942589202557
0.958926004568
0.892795702041
0.978308377961
0.98
0.970263722711
0.98
0.98
0.962476551089
0.961509471157
0.98
0.98
0.98
0.98
0.98
0.95645872212
0.98
