0.752086414629
0.945899606561
0.858392784238
0.98
0.912806517852
0.98
0.979603597242
0.952998627711
0.968940893954
0.98
0.98
0.98
0.98
0.98
0.971200001053
0.98
0.98
0.949002779323
0.98
0.98
0.98
0.98
0.958
0.92481553535
0.97836810636
0.950983095018
0.973075817979
0.976063754609
0.91480415697
0.978086652644
0.935416972539
0.936236066763
0.861987870805
0.765081460907
0.953600001608
0.98
0.98
0.972282594193
0.978601445634
0.963748652224
0.98
0.98
0.98
0.955360765107
0.98
0.98
0.98
0.98
0.98
0.98
0.98
0.98
0.98
0.978800180195
0.949322481927
0.98
0.979181225484
0.98
0.975000000257
0.974157535277
0.98
0.98
0.922622847044
0.926240968488
0.957619883128
0.959916919425
0.954017361933
0.978704040926
0.98
0.98
0.98
0.98
0.98
0.98
0.971800007848
0.98
0.972898204553
0.98
0.98
0.98
0.972046979531
0.952381993956
0.975558423359
0.979410258239
0.967298066776
0.98
0.98
0.98
0.98
0.98
0.98
0.98
0.98
0.98
0.98
0.98
0.98
0.98
0.970169280112
0.954615556031
