0.705760937202
0.943730256396
0.934067181841
0.894915805054
0.972940893954
0.911128944652
0.98
0.98
0.966205920102
0.98
0.98
0.98
0.929600002639
0.921650660259
0.978282726821
0.902007036653
0.98
0.98
0.98
0.98
0.98
0.98
0.965165258792
0.98
0.957500021862
0.98
0.973823986823
0.98
0.9494
0.9776
0.98
0.98
0.98
0.932036869292
0.971600212338
0.98
0.950275003684
0.98
0.98
0.974157535277
0.98
0.98
0.979802792861
0.965252711682
0.926386245378
0.98
0.979600000957
0.952184114447
0.898928980849
0.921516918908
0.973600030354
0.965791739763
0.98
0.98
0.98
0.920601215511
0.98
0.98
0.98
0.98
0.970600692606
0.902165738116
0.931604524399
0.959299633024
0.93751520928
0.978282726821
0.96642259377
0.898095394045
0.978806969533
0.98
0.98
0.772900450654
0.902917989162
0.98
0.959574529565
0.98
0.98
0.98
0.98
0.944453100383
0.976000000003
0.973035879884
0.959454138796
0.974327035155
0.974001069136
0.915698460503
0.98
0.971200000813
0.98
0.98
0.98
0.971200004256
0.896752135124
0.959454138796
0.971327299251
0.979695835743
0.944098153944
0.98
0.98
0.98
