3.93001902191
4.54789614554
4.04066433409
4.40403129011
4.59578375149
4.69565796977
4.23219178273
4.4719040553
4.77981545878
4.08335555593
3.72601308468
3.77481518285
4.06294200028
4.60611676788
4.81278880382
4.27747367947
4.7469698021
4.24543823128
4.24760760135
4.28695642333
4.3212067682
4.40076735434
4.53854045302
4.31835652337
4.15510563931
4.46987915935
4.16370994826
3.73862465664
4.16424369522
4.10856175714
4.24066812674
4.22192446406
4.5023658327
4.38306619822
4.62080893227
4.2692531483
4.29115199435
4.42422698502
3.62159367659
4.37609226731
4.36221423276
4.03869829969
3.82887005759
3.64016911984
4.00628847571
4.45369365642
4.28646697471
4.34155139278
4.45369125966
4.37706308766
4.17269282429
4.35938450727
4.43720925939
4.34497824322
3.88616749351
4.48488832309
4.06173540392
4.18667901191
3.8459733454
3.97792400538
3.96338656614
4.17154788133
3.81253990067
3.6182146131
3.66662614498
4.28304913952
4.03663353872
4.14439868818
3.94491194025
3.77314787734
3.91547805012
3.90989692647
4.19402625421
3.9516355513
4.43266769508
4.08476471646
3.81859644912
4.26876019716
3.81968579462
3.82145535823
4.15081445144
4.27839689674
3.97512755747
3.76691917859
4.30965083036
4.46706067417
4.24533887305
4.48489689706
4.41512080326
4.12915029064
4.0195808666
4.01506229255
4.43509045635
4.51499016219
4.03120789899
4.58179175339
4.81726774271
4.83762951017
4.67136319593
4.56983750144
