3.58358732041
4.05256920123
4.59295390799
4.63952458604
4.7592018929
5.07374478005
4.90164722501
4.60609014567
4.50988519435
4.85126476557
4.81965998482
4.8682341533
4.42491341886
4.66670471233
4.64187047905
4.93138826024
4.49120286089
5.00836278913
4.3899630844
4.6313105809
4.91644541676
5.00111916706
4.46198998635
4.38646938221
4.40757998648
4.9517369182
4.9338327448
4.6473690378
4.49726257328
4.41961855712
4.6739488347
4.68612121665
4.37726074542
4.47579311501
4.58599839042
4.19252331914
4.50784551027
4.74178897549
4.66028135773
4.53854965027
4.84060619319
4.45701288804
4.577362039
4.47682008877
4.68389631113
4.44574220709
4.75599112928
4.27503534843
4.25022422102
4.86702279914
4.49245925935
4.52188032307
4.34195134368
5.13786576493
4.99884173264
4.70349493596
4.90673881564
4.87988978287
5.06618868693
4.60118211365
4.69001283592
4.12767691401
4.59598492841
4.54544576049
4.9738770751
4.69957532153
4.79295539012
4.46253493116
4.86044542809
4.72164775398
4.79672853931
4.95640558072
4.63704631778
4.35440247458
4.78052694112
4.88796952683
4.73505122765
4.34753705018
4.78562312117
5.29143639104
4.73216465719
5.23980934993
5.03821376566
4.91462300976
4.75333643988
4.77249577886
4.7157211838
4.35530286314
4.77431832674
5.0552888841
5.12652546653
5.0791233642
4.7849278409
4.72524108901
4.66068485711
4.72770703908
4.70036715207
4.96573239981
4.8373174685
4.79537395803
