4.10325564868
4.45422175569
4.65997193562
4.6948073353
4.41232886887
4.51491267637
4.26778815229
4.53857681477
4.89430819317
4.7782706338
4.6220948627
4.77561277665
5.01835075729
4.81799212537
4.89600951567
5.22484614333
4.67632040398
4.56926214423
4.51887317574
5.00266410604
4.60854372229
5.15295228383
5.15108254754
5.28266062351
5.26451501024
5.0920716841
4.72006300686
4.66620811409
5.16235253659
5.03081807748
4.77913205923
4.80349328602
4.92565869909
5.03470121367
4.93915951168
5.19609713241
5.27790764822
5.07382184466
5.27551387496
5.08045471818
5.24687272922
5.13923158518
5.03964161899
5.09560993558
4.84775299074
5.27335705801
4.59696354901
5.26942605434
5.14423576998
5.71494932229
5.3259873751
5.70691728878
5.56711425366
5.90602105841
5.89786608172
5.30980362072
5.59549154346
5.5213493784
5.72082174621
5.82288684896
5.55486281179
5.54899000708
5.56004457724
4.95500297638
5.51560615536
5.70179957807
5.57862196649
5.65360918817
5.50159706119
5.77473187088
5.73417122578
4.85056690506
5.66962163436
5.36138413217
5.11540544096
5.40283947249
5.37053343124
5.37787157781
5.65123465589
5.07052792162
5.05209754142
4.81962856202
5.67783600542
5.5255584907
5.67897599082
5.68329767265
5.28966150192
5.36546257119
4.92314259675
4.28127365003
5.18073125175
5.23827764905
5.45634755196
5.16389634466
5.38224642244
5.34390624171
5.4304768791
5.01448764953
5.14244942283
5.34230555647
