4.28923612149
4.98705719456
4.96917348303
4.85932419176
4.82090009071
4.7777173559
4.44104745332
4.71893534637
4.75084749247
4.96537522622
4.71382100165
4.66463329541
4.74834013961
4.81281281246
4.59914391791
4.46340780885
4.11806030821
4.12691496958
4.49151690227
5.02165244829
4.51426044358
4.99355201151
4.59855975506
5.31491130128
4.84377679509
4.71983289733
4.13084061962
4.34978106319
4.75851656123
4.89625632752
4.65606004557
4.59646444993
4.70136164084
4.99224328954
4.73197494272
4.51549218524
4.79643717061
4.52141970576
4.89155323688
4.73725652079
4.71690076853
4.631176871
4.88298161668
4.92547186283
4.99745734912
4.56479051037
4.88045902936
4.96696703576
4.45204159926
4.66954472143
4.81120749783
4.25663580139
4.71954472393
4.47097400119
4.57555435526
4.62784260355
4.48574644782
4.74760405758
4.74367285437
4.3689954352
4.52288852593
4.72776274993
4.41020478098
4.73124570041
4.7208962349
4.55738915309
4.66449578095
4.55627640471
4.57103401641
4.1102704646
4.55621194885
4.88271146755
5.03858890536
4.57567236348
4.64868251201
4.7121183267
4.72213903289
4.6317887637
4.74653656004
4.73024498183
4.78631756679
5.10233388991
4.79155090877
5.04838245705
5.09292743856
4.91189202658
4.94078985721
5.13145915062
4.86437488125
4.66102473944
4.35598223553
5.09513267179
5.15893579352
4.94000015305
5.22069613759
5.08123474681
5.00268278505
4.99472969325
5.34576034842
4.97257358407
