3.69151825931
4.26120302861
4.25003325461
4.27542708652
4.11023454504
4.29287735909
4.04015615538
4.12211907259
4.22288373146
4.4935527094
4.78596810001
4.55382763635
4.52252838632
3.82990094038
3.70613512989
4.22864491535
4.33937244173
4.60558025604
4.07279377747
4.1158233138
3.7237291932
3.6765874477
3.86222424765
4.24780467965
4.53640010863
4.14066089548
4.65048989143
4.03378249266
4.31994521226
3.87884877007
4.30399806344
4.1174721593
3.97003684625
4.43737857103
4.24657373179
4.25397300916
4.57003733633
4.93526067336
4.3265728798
4.37486586733
4.26804227739
4.5085274424
4.58587957982
4.2603374985
4.28491262876
4.63735085801
4.32295163866
4.35874405329
4.82542479459
3.92878199974
4.75118385694
4.44537536788
4.31011423246
4.23006872229
4.17808056641
4.18902443692
4.54969230525
4.63911572015
4.95050749794
4.57863040391
3.83406077923
4.54079894547
4.27646940314
5.12785273595
4.44283168018
4.93753677814
4.93795503381
4.9079371815
4.38188158289
5.02480429731
4.98304083337
4.82450118952
4.98321029681
4.75676331855
4.6682187339
5.1477488592
4.19569649015
4.44059112094
5.12164363429
5.03612165606
5.01066114736
4.12260615318
4.38636405354
4.99401750231
4.58594127847
4.97942438979
4.30826073909
4.70718550817
4.43907266922
4.14674135332
4.83769774599
4.89530196067
5.01050638438
4.53945727336
4.73002622939
4.9343025103
4.47182913865
4.53280243814
5.08109945988
5.21551396782
