0.00372153945745
0.165258717015
0.822324912516
0.931639202811
0.957892512239
0.973144813587
0.963719326429
0.979898639036
0.979999145447
0.979972204811
0.979966960044
0.979998821438
0.979999930446
0.978865815043
0.978071405494
0.979778926004
0.979999793059
0.979999509877
0.97999997855
0.979996307369
0.979999577733
0.979999968606
0.97999797542
0.98
0.979597382968
0.979999996691
0.98
0.979999991692
0.979999775912
0.97999966488
0.979999999896
0.979999638796
0.971974222924
0.979995714458
0.979999617574
0.979984243989
0.979997696344
0.979999763233
0.959441439724
0.979752810055
0.976882992928
0.979243401734
0.978977277582
0.970039455321
0.979999877508
0.979664692695
0.979973228179
0.976399913126
0.979833723912
0.978534598983
0.979998200709
0.98
0.979999999993
0.98
0.98
0.97998851156
0.979991903615
0.978322152685
0.979999999955
0.979999966978
0.979999989609
0.98
0.979948589901
0.979999460802
0.979999370014
0.977227244017
0.97999999778
0.979999999981
0.979999994658
0.979999974569
0.979985126856
0.977599774353
0.977104374728
0.979999934247
0.979999913343
0.979999988596
0.979999435421
0.979999994901
0.979999997546
0.979997260436
0.98
0.979999996975
0.973122591034
0.979997809722
0.979998721326
0.979445027015
0.979999999536
0.979999999965
0.979996662256
0.98
0.98
0.979964973584
0.98
0.98
0.98
0.979999999971
0.979877864768
0.979999999425
0.979994846704
0.979999997957
