0.0036749819245
0.165404559967
0.822809761905
0.927014024454
0.92404715927
0.97706372604
0.979947226535
0.979877352395
0.979999987313
0.979999999781
0.979999999997
0.98
0.979999999006
0.979999999933
0.98
0.98
0.979999999991
0.979999985171
0.979999999978
0.979999995809
0.979729298818
0.979999999552
0.979999999995
0.979999875191
0.976478186643
0.979999914662
0.97999948768
0.979999877129
0.979883528405
0.979999998888
0.978765693209
0.979999840776
0.979999999903
0.979973225903
0.979999999993
0.98
0.979999999957
0.97999999999
0.98
0.98
0.98
0.98
0.98
0.98
0.98
0.98
0.979971281956
0.98
0.98
0.98
0.979999999993
0.98
0.98
0.98
0.979999997423
0.98
0.979999648148
0.98
0.98
0.98
0.98
0.979999999999
0.979999999999
0.98
0.98
0.979999999656
0.98
0.979999998539
0.979999999999
0.979999999998
0.979999999694
0.977199997323
0.979867569354
0.979994516851
0.979999594037
0.98
0.98
0.98
0.979999999966
0.98
0.98
0.98
0.98
0.98
0.98
0.98
0.98
0.98
0.98
0.98
0.98
0.98
0.98
0.975561456986
0.98
0.98
0.98
0.979999803671
0.98
0.98
