0.00364937741619
0.165404559967
0.825351282413
0.908099051765
0.968403012857
0.979200954065
0.968352902889
0.979882103382
0.97993194796
0.979141628139
0.978646677616
0.979727265574
0.979999992818
0.979999999984
0.979928229769
0.979999999778
0.979999999921
0.979999998412
0.98
0.98
0.98
0.98
0.98
0.98
0.979999725019
0.979999993762
0.98
0.979999999997
0.979999999997
0.979999999997
0.979999999994
0.98
0.98
0.98
0.979999999976
0.979999563669
0.98
0.98
0.98
0.97999999933
0.98
0.98
0.98
0.98
0.98
0.979928868552
0.979996112701
0.98
0.98
0.979999999999
0.979999999999
0.98
0.98
0.979154513869
0.978343401727
0.973149452477
0.979811970412
0.979996365388
0.979985041565
0.979998137185
0.979878823925
0.979999993802
0.979999540732
0.979999877791
0.97999999897
0.979999998163
0.979998935593
0.979999974244
0.98
0.979999999939
0.98
0.979999999953
0.98
0.979999999963
0.98
0.98
0.98
0.979999998935
0.98
0.98
0.98
0.98
0.98
0.98
0.98
0.98
0.979999999479
0.979904762024
0.97999988091
0.979999891989
0.97951631612
0.979885223916
0.97999778203
0.979999987313
0.979999998782
0.979999926519
0.969999997374
0.98
0.979942280612
0.979999314703
