0.809919877162
0.786461994827
0.74974622152
0.664617447245
0.58437668591
0.548828328558
0.566217307133
0.589457928032
0.570891514079
0.576882799582
0.481717595812
0.379520420222
0.402415880424
0.318148871816
0.272674069135
0.263746360906
0.257008399206
0.371511594567
0.321425760532
0.219685712415
0.137486203994
0.086891342924
0.113584821815
0.0158480159157
0.0419862166818
0.0580112454538
0.0763902282482
0.0567608883546
0.0429307134245
0.124570291531
0.0903335242191
0.099526748977
0.038664334677
0.125620728293
0.0937437951625
0.0812696886006
0.0373949719206
0.0515192171276
0.0300094968332
0.0573558489068
0.0652012398429
0.053050898697
0.0132109436413
0.0612755681189
0.0356769611807
0.0596240638633
0.0912468784608
0.0860447167853
0.0144949163625
0.0188862799346
0.0748738721393
0.0372205323169
0.0739991179875
0.0738156935249
0.0271755054811
0.0799272033896
0.0559275967847
0.0642092887445
0.0805226463046
0.0290044304668
0.105128555682
0.0228840713752
0.0310563766069
0.0564106089761
0.0352662392541
0.0648670561517
0.0923518116632
0.0729838609615
0.0496863623213
0.0779522194845
0.137848769185
0.0785576047957
0.0850679327594
0.127505153524
0.143314734733
0.164244203923
0.18740003485
0.164234832548
0.166523285343
0.16610689136
0.150468715567
0.163279983055
0.102112465415
0.189309332174
0.168335932023
0.153759854808
0.168597421995
0.14364272516
0.137053954124
0.217056187851
0.23218634193
0.200219367407
0.124290832886
0.12282559952
0.183715030175
0.0272602511157
0.0088513769663
0.0109456705472
0.012524524496
0.0
