0.812438684482
0.7878708338
0.779861401566
0.735765589592
0.674932162158
0.656042593674
0.614978396322
0.636517360466
0.606387037197
0.600172681901
0.577315621265
0.541875582647
0.507872681305
0.535821243775
0.539917017571
0.438802797254
0.480045992622
0.497248447338
0.559076361572
0.549493406176
0.490304186042
0.440175599733
0.362814694619
0.520251082271
0.482561188179
0.431284001019
0.383295231396
0.35112174657
0.401933270813
0.370012384121
0.35420051346
0.324696450171
0.371411121555
0.393317603099
0.436196754786
0.440155878433
0.403353647295
0.421854197621
0.450915563876
0.434953085914
0.460021071959
0.506779736548
0.453488287244
0.463953703545
0.431289966284
0.433729851903
0.45206728945
0.446117295935
0.431585326866
0.444302882279
0.510285891768
0.529580842285
0.553518986069
0.576127090765
0.581557103713
0.530930546081
0.550397651703
0.590146152655
0.607747828795
0.581780038659
0.544136054073
0.482610229965
0.523621217688
0.502626297419
0.483732647415
0.528667485443
0.562180835495
0.581969225672
0.586248505799
0.555530424578
0.586161478531
0.592245629022
0.606604326095
0.620201928574
0.613534709709
0.612444136573
0.631467190386
0.574348062849
0.516943652862
0.507267587853
0.555467646779
0.535336853767
0.540589589789
0.60254870402
0.554657984914
0.586086108348
0.507930373733
0.591261758466
0.519268366008
0.469072362705
0.472021517836
0.460782024891
0.47383493644
0.382427520428
0.362289110164
0.487344212066
0.467158607737
0.401452393544
0.37248538379
0.339004894021
