0.810496613835
0.786363003392
0.764554895101
0.724595295647
0.645393733619
0.5442587581
0.471113334862
0.53591613586
0.526962987958
0.537118233762
0.527907956786
0.453503929481
0.510403772441
0.59445824381
0.487599471786
0.47749565753
0.484331080621
0.495983683873
0.466612188297
0.308581874943
0.415015753306
0.340639374423
0.302449186322
0.250796178556
0.225980724277
0.38082166751
0.430802561627
0.370510676195
0.288228531212
0.20473039798
0.293079659701
0.374262158088
0.347619411897
0.296107305702
0.292303235802
0.319646704287
0.282819979807
0.300753587649
0.275193504881
0.286953088373
0.311947123097
0.206836975691
0.228349208257
0.241650773239
0.292074011057
0.305447051523
0.306116151345
0.379813877126
0.3363725815
0.322997258724
0.348538993706
0.338639215403
0.352235443335
0.291110969617
0.24903952956
0.32903413369
0.311735207072
0.347854103188
0.342251791457
0.291393482172
0.254228742664
0.326928227917
0.2589264486
0.141235601733
0.197929908933
0.208762484617
0.23721039161
0.2261784848
0.294079692346
0.298516093137
0.248928752425
0.253467340531
0.259383595035
0.191580201811
0.0792573595392
0.0
0.0
0.0
0.0
0.0
0.0
0.0
0.0
0.0
0.0
0.0
0.0
0.0
0.0
0.0
0.0
0.0
0.0
0.0
0.0
0.0
0.0
0.0
0.0
0.0
