0.816050411725
0.769129070557
0.754295637834
0.740323883991
0.697969185042
0.707376734791
0.70776801304
0.703505866331
0.660940943998
0.680366947293
0.694619330038
0.652347855191
0.576107444985
0.607389098763
0.688889402136
0.537451372049
0.394264099758
0.369878969434
0.34580369566
0.286884523953
0.194429261207
0.200053907113
0.198441227301
0.352918536034
0.285093550487
0.26052891137
0.174030625348
0.227560960944
0.349194531137
0.499001629111
0.527460909233
0.3818662573
0.280792344045
0.182709016133
0.203914666547
0.185303008017
0.248577606488
0.191750380743
0.23775639556
0.195003551081
0.282858365532
0.263991753342
0.295310200114
0.0771302825018
0.0946573795581
0.0860793809208
0.112536878628
0.0614599238249
0.0505157918976
0.116683613597
0.061400548911
0.039975864454
0.0699661637047
0.0859306270717
0.195290169187
0.279885825359
0.157374572474
0.150904749849
0.0829220918479
0.119933571157
0.071318713827
0.0678018660877
0.0613188678351
0.0544231608164
0.0712523506298
0.132691686613
0.134504259166
0.18804866035
0.279962303886
0.127525272246
0.0844316443175
0.0536727490721
0.0603767708755
0.129187203284
0.123111824817
0.140434570926
0.219459740342
0.239179400139
0.179607243833
0.182894303315
0.36423885449
0.205300099381
0.11129063447
0.108461739307
0.121464606183
0.193368033465
0.0737719713065
0.0852156161102
0.0744871483735
0.0908160198952
0.0946963274578
0.0833533859604
0.0672323121011
0.369091735444
0.31869570297
0.197610063334
0.130273145412
0.0652454527447
0.10288573304
0.168758189922
