0.981178124007
0.941154332039
0.886142561287
0.856615066578
0.830888524864
0.783589653185
0.755990327106
0.709440566355
0.702792750528
0.641974593494
0.687703597809
0.659996711018
0.703439592925
0.612500538358
0.63843536935
0.610610313956
0.663019774236
0.665927803824
0.669421508072
0.667860752306
0.687459375937
0.730646299755
0.748826589128
0.728469148169
0.654548863731
0.651545403122
0.624216568604
0.638517040596
0.625277548495
0.630553319844
0.628294165062
0.653940137943
0.60888827712
0.623025644632
0.613987453268
0.686579310029
0.700275656343
0.68812179619
0.672815247549
0.676777182762
0.700572975209
0.715541579188
0.719468139766
0.711168938656
0.725424338803
0.727096294763
0.728764468331
0.721090233842
0.719386163275
0.704975478083
0.721305113921
0.716693306596
0.714073007253
0.713650542385
0.728172843161
0.73547090219
0.760201089687
0.761811665295
0.755744013331
0.737831259352
0.735266450122
0.690967517235
0.741621970569
0.698274011699
0.728192841807
0.692817649283
0.685425296981
0.647077362229
0.637289721403
0.605486773986
0.64292748975
0.677931891645
0.675252737553
0.691662156325
0.697717940554
0.731830670494
0.741972349264
0.752251604368
0.763639839114
0.744722468948
0.743787691399
0.745372765623
0.7243618113
0.721641428374
0.706789932584
0.708209107261
0.751341839457
0.728804165051
0.721298281913
0.695985267202
0.720707841649
0.702060563427
0.692683498474
0.673207817305
0.642822913248
0.661143594582
0.650722953288
0.683416453392
0.715805173426
0.730666742569
