0.980904094464
0.930578012724
0.867185878477
0.876330160786
0.846445477434
0.789666604346
0.717817994157
0.644126506988
0.633033816841
0.651008251775
0.672281644869
0.659465752112
0.636713916799
0.612924598778
0.617272687455
0.595665171285
0.603596789701
0.619797355517
0.656487884684
0.656241701262
0.658314502032
0.654804059625
0.636052818615
0.653421555868
0.689368105488
0.685620459456
0.706497826396
0.697597033479
0.712512955268
0.729338248224
0.728216766382
0.728782210927
0.725072579538
0.705436348235
0.709618965358
0.707400903434
0.705525796371
0.725505896357
0.691937225199
0.71605762761
0.733679572044
0.743218213696
0.736451417374
0.732423242715
0.739489335181
0.74231054981
0.733257770678
0.727756721423
0.706573375705
0.704619635726
0.69720943527
0.699306333156
0.64544126329
0.653614075325
0.639233646608
0.60734991255
0.603628842415
0.626734075804
0.558219471985
0.573147758116
0.573041507703
0.56552077752
0.585632438049
0.563875351638
0.529805394367
0.574765346056
0.598981980101
0.592832555735
0.561703272438
0.595988937714
0.615339599346
0.633257383729
0.65512303571
0.720545188767
0.689373969377
0.651820309204
0.686129334383
0.730662204864
0.69747305201
0.698750193128
0.730183451298
0.743330497003
0.72572968609
0.737697010523
0.730741732762
0.745949518127
0.742162884952
0.665260187317
0.684287700455
0.644033416612
0.621376959995
0.708370116922
0.706442822386
0.704431265523
0.64311191947
0.669368395058
0.656641506779
0.675425179032
0.694312048628
0.6825039462
