0.979513732358
0.955436695096
0.922022924208
0.877124380591
0.856644437439
0.814749858993
0.778654377212
0.687059070323
0.634560298749
0.64737214488
0.595792074773
0.593456490387
0.65355281639
0.677834875088
0.710434127042
0.743824550825
0.749836708765
0.725197924171
0.74758605898
0.744464607084
0.729696489351
0.76841190826
0.759027121
0.729740981938
0.71951143283
0.708061338349
0.697580690839
0.679144324895
0.63310328244
0.6509011956
0.664966444293
0.687239351576
0.678871239272
0.681153700009
0.723220319948
0.712516308141
0.718515846048
0.709097551531
0.716433829992
0.726038460372
0.738363453353
0.721417688839
0.717433342043
0.699800916109
0.696401512596
0.686691763708
0.726675407241
0.733895212345
0.727383866794
0.762574651935
0.759856979193
0.715184201061
0.661479995925
0.644113906518
0.668074035775
0.6891985693
0.685651440547
0.707046433573
0.726170853757
0.73578608189
0.735980096969
0.732999762556
0.737196286853
0.719244851257
0.716309699017
0.704216644438
0.703701037206
0.67916122501
0.659522022184
0.686131621888
0.686911780436
0.697594706424
0.682269924256
0.673429300964
0.656827484557
0.683600430849
0.685215302484
0.697927204865
0.659895885759
0.687469851027
0.660489135229
0.667933029356
0.634331551609
0.668079380986
0.667229605428
0.692256811134
0.69237816364
0.652029711022
0.62998735137
0.631948803094
0.639366254417
0.662624866373
0.653557928044
0.662156993711
0.639122854341
0.66426245163
0.646987251578
0.659231776103
0.65642125603
0.648928397126
