4.82649797548
4.95777424097
4.91649725079
4.99468212392
4.81257103412
4.68258558779
4.75733970936
4.67699200222
4.94213009777
5.00079333448
4.90478287381
4.60460223819
4.66224736486
5.02920513096
4.61413115027
4.81799610894
4.79527215315
5.04890784352
4.53904845345
4.91291377668
4.99696825177
4.50444760839
4.79961376655
4.76375878524
4.56834916861
4.5746351818
5.02061203302
4.7838216313
4.67341390164
4.69085590252
4.32135118781
4.60974066995
4.6433644276
4.55759443158
4.43207136961
4.71471791494
4.5161284497
4.65199331003
4.52607214888
4.5795684999
4.89315916962
4.51825797822
4.77309054494
4.783020079
4.67079833887
4.64721067984
4.41612959215
4.55058780197
4.42432389799
4.51111797417
4.36600431656
4.78253976439
4.6303076655
4.39929348865
4.37377874923
4.50570924438
4.73785925753
4.46167246479
4.62894054267
4.32477099014
4.60716243431
4.46910208107
4.42217220469
4.79765995032
4.59687231785
4.36645486679
4.44947928517
4.7493081758
5.03747645553
4.87111805665
4.95500174315
4.39773453246
4.55781760496
4.86214471964
4.66507227621
4.33587136881
4.50465704672
4.4991974806
4.77593931514
4.49237257713
4.54395000539
4.55427121414
4.80232896188
4.52765522877
4.8941592979
4.82310148279
4.57927598502
4.76663857612
4.70654260058
4.67859166259
4.65763154458
4.73191505684
4.61080816479
4.38354943632
4.51278185592
4.47318293383
4.78924569712
4.28006564025
5.29084336912
5.13366386309
