5.0547063298
4.83909185263
4.68519958296
4.80235537723
4.69425397045
5.0467474892
4.76391724484
4.66095071342
4.75256976868
4.67225199112
5.00923803392
4.92460095491
4.73545034648
4.50520309004
4.55442721194
4.80632193934
5.25375303213
5.10204291785
4.90245387763
4.94984637132
5.07490747787
5.01963625308
5.14470995848
4.92971664872
5.21929841899
4.57086961573
5.04353476135
4.95001837951
4.78865982936
4.66882841025
4.68494927462
4.85897275514
4.97844224241
4.9730391803
4.5944617542
4.71816680028
4.94155211566
4.81459037683
4.53375142135
4.42568471951
4.67902670311
5.07128008327
4.76170505391
4.77940302968
4.65838247145
4.85049523443
4.38250866466
4.64481245793
4.54494340891
4.43141151548
4.3842206526
4.55982005083
4.72317817036
4.67559124017
4.75149492187
4.68541528023
4.80695444304
4.77752079895
4.48271970869
4.61361988471
4.88477160238
5.10728472086
4.96238995684
5.464203215
4.86636073622
4.95774270604
5.08318891448
5.47813585543
5.11970738159
5.06517215743
5.36719781607
5.3652572759
5.09200632999
5.03057381568
5.21769414147
5.25971890532
4.9151138725
4.70711444001
4.85550616973
4.96704000243
5.18404802027
5.20681495534
5.01684606729
4.45954773219
4.86399628
4.69777712673
4.60602275089
5.09747206281
4.99187160824
4.90263737961
5.19281098014
4.83726231446
4.85389156656
4.86175461076
5.15601357025
4.74753543168
5.07341318516
5.04917737952
4.89379577304
5.02131522178
