4.33086413862
4.29993815985
4.36976523564
4.51270861441
4.61097269498
4.233894225
4.51032527402
4.48044770318
4.26898537898
4.32090494181
4.54856776454
4.80001479463
4.7180249386
4.75267960526
4.48766496942
4.56042659246
4.78244548992
4.76756946278
4.74177413012
4.80912779717
4.71919685634
4.67246760402
4.78188766276
4.79547452706
4.31903885094
5.2317825664
4.62356921919
4.85048163832
4.79447713667
4.64778228803
4.7193499173
5.0712085306
5.1195075642
4.99548174168
4.49650441176
4.88016943279
4.94846006148
4.79158301593
4.82667662946
4.83421974415
4.7752283657
4.50112891632
5.03162827162
5.17687295518
4.59389056936
4.77532875471
4.65440972344
4.6684291942
4.73284468556
4.63130628844
4.47795182729
4.31073362465
4.64380902669
4.35086157281
4.11191519359
4.18565615984
4.17727698039
4.55281868649
4.07761118794
4.11998529312
4.4280153844
4.41800227396
4.38886025291
4.52535557982
4.49933068748
4.39796073821
4.76006817981
4.45090883934
4.49306613884
4.31578455076
4.67341554758
4.26545748574
3.80426991254
4.863413714
4.46404198676
4.5676747715
4.47856051503
4.15768702783
4.47551411145
4.19744259043
4.19052620937
4.32908944696
3.89937620352
4.3037202846
4.16447002926
4.20542321459
4.51724246243
4.01316108843
3.72499597069
3.51181232781
4.17138548245
4.23589434914
4.18735244208
4.16028994819
4.53976093481
4.5507086016
4.61861192234
4.35745909983
4.65623250354
4.17522835112
