4.52964904289
5.17009930984
4.86176378036
5.19185562947
5.24518163483
4.99007756139
5.07080294378
4.92395463698
5.22340596934
4.61932190479
4.98033866898
5.24297334568
5.118960085
5.07214045695
4.96772633106
5.17327036986
5.16926294134
5.04099311539
5.24658343963
5.21598253636
4.69811813939
5.00242353435
4.71420244197
4.59737092865
4.72615021789
4.87081432129
5.29521326145
5.10227985582
5.05475917885
4.98861087533
4.75273771278
5.01275255635
5.13377366774
4.87548875827
5.05780208791
4.86686211694
4.99763262838
4.68574786545
5.08578755756
5.01643355946
4.90430081924
4.67369177664
4.74132677731
4.83167776187
4.62175945004
4.5329830077
4.72496303885
4.69767227055
4.94491691089
5.00657741004
5.0785705216
4.66165950365
4.98545609621
4.94211277121
4.40142722035
4.91682345093
4.56372173635
4.86078375238
5.17241416377
4.65463642658
4.63884968684
4.70404586009
5.05810578384
4.56585086888
4.71766197782
4.35751365207
4.27582009035
4.90855810336
4.72231984982
4.5685630531
4.64181020051
4.72705543085
4.30766927993
4.74053101443
4.73449261636
4.60694332987
4.6991351046
4.68918306857
4.6960063765
4.69687690108
4.48379454014
4.11884161873
4.32194150973
4.61575952433
4.43248213143
4.2251742236
4.43677842957
4.45343783982
4.45672088607
4.64473443448
4.36933842125
4.28284527442
4.77757124975
4.64168252218
4.50794006051
4.60458261045
4.25961183424
4.44322122509
4.76943464508
4.7904671804
