5.30542687532
5.49989593334
5.17494043285
5.06846487846
5.23543951036
5.32958397488
5.0251665083
5.13699842776
5.05891363943
5.33673819638
5.40856384274
5.10216879866
4.77873663466
4.98209208343
4.9878184591
4.94340920188
4.73560230743
4.85027124394
4.61048130046
5.40681093021
5.22914788406
4.9075433464
4.55614558252
5.36602466298
5.24113580346
5.02606418503
4.97567199646
4.89993764272
4.9940228778
5.29903830007
4.89147420674
4.91757114194
5.29312819393
4.82650326108
5.06422965471
5.24765168787
5.05607477469
5.11281285166
5.25134623893
5.27451883124
4.83807945924
4.97447424827
5.20388829482
4.73726650963
4.87259903911
5.69294952971
5.19296591342
5.20075943203
5.3554552593
5.24655470145
5.2613449032
5.40324190843
5.60473415173
5.24162220798
5.72791531012
5.45902970193
4.9257197514
5.01984976912
5.46015998815
5.50768253829
5.48256783138
5.86998866931
5.21801916292
5.19670252542
5.18081310583
5.42941692361
5.0335777913
5.34163762667
5.3603039573
5.46454881016
5.71233483715
5.29248674884
5.30028360681
5.22215338991
5.54361948694
5.30345907013
5.4569554734
5.45555379577
5.03449703057
5.51583486866
5.4749576466
5.2972919513
5.17705237339
5.02528175536
5.14871052071
5.32402995297
5.43414644584
5.08894486326
5.12366249128
5.35595702966
5.26366072887
5.03132637221
5.40079970553
5.16727956614
5.02615140901
5.15852045707
5.39351015202
4.8967365896
5.39757455971
5.10138575529
