5.46264489074
5.33721629726
5.22700845272
5.1800378882
4.90601788051
5.51560812983
5.14091141077
4.92320568088
4.90520106639
4.82368126199
4.94110608731
4.94759598754
4.82283351301
4.92927005259
5.008942542
4.83197170613
5.04017207428
4.62402448562
5.11218078447
5.20571885691
4.96487957788
4.8717732033
4.76887256679
5.0148386549
5.04050364273
4.98108356896
4.91311401519
4.88319491226
4.85913579722
5.07247502359
4.85320137189
4.90209767121
4.73660156252
4.43226348349
4.83326341624
4.72872978089
4.81003712459
5.00729717511
5.20589496814
4.97636539412
4.96646171827
5.22107659654
4.82146285426
5.15056556571
4.98237601153
5.04093234205
4.69382961625
4.94197294713
5.14749964902
5.25498744204
4.80686575914
4.8236768897
5.14852925739
5.21411558857
5.16547557788
5.00945830143
4.68817764769
4.83849145896
5.15784537538
4.99582543182
4.81885851569
4.975978211
4.81664037247
4.95204670784
4.8810819801
4.91703605106
5.27693173638
5.14136121514
4.9262096169
4.92603939353
5.28185760479
4.81255172386
4.67779209136
5.06571353495
4.93330205234
5.08423491881
4.96854360022
4.95641635538
4.84796146151
5.1341039798
5.14137629468
5.0171947175
5.01863972804
4.85968489099
4.9276522539
5.15493053011
4.90721773183
5.10422006586
5.11678799501
4.86865710009
5.08957960494
5.12000601139
5.19956167584
5.2821771549
4.64156020385
4.62174578735
5.09632649054
4.58950591275
4.88620978412
4.89035244928
