5.21613441693
5.12368240144
4.93042902095
5.20244786069
4.91903586968
4.87638978318
5.12987345635
5.07148623906
5.02412735504
4.79145809238
4.78003590012
4.77526189038
5.57933740002
5.09950156636
5.07603108082
5.11451810468
5.07721887551
5.04093870085
5.2866125007
5.34398003909
5.26677811629
5.4654352916
5.14761787286
5.0603832692
5.09731451653
4.94916579183
5.12287079414
5.33259982451
5.43774419139
4.92416252036
4.57946115147
4.64677558545
5.17921412989
4.53716274074
5.20272307858
5.12253499646
5.08345751122
5.03317273637
4.93247508616
5.40813760853
5.29711251443
5.11773691199
4.95072392207
4.99626435531
4.75257814931
5.27451065442
4.68605547203
4.78175808871
5.08412547775
4.93190511555
4.60110637658
4.67806681063
4.98452640409
4.73727935863
5.00092812152
4.79789148663
4.85208610486
5.147143416
5.09473144068
5.13585809934
5.06061759982
5.02701076632
5.25607350222
5.04053986757
4.93425922565
5.05421013213
4.94237410142
4.89693386767
5.00188289957
4.86228016513
5.1525114581
5.06855498552
5.0453904055
5.07483561185
4.89191554948
5.09896990651
4.72059877001
4.79572630113
4.95245687093
4.77083518439
5.03597251457
5.04097007516
4.870504987
4.65173374723
4.87989227088
5.13552773297
4.83082861418
5.17716697353
4.86970821639
5.06899848109
4.85822958771
5.12308277621
5.14055715401
5.28164141876
4.78679254379
5.09355351407
4.72710414487
4.97511987898
5.24669783348
5.15312199155
