4.70768312595
4.80653206339
4.46570462811
4.72377017775
4.75794592874
4.73076025405
4.64487545855
4.53979716277
4.50742617012
4.66944019428
4.59459164189
4.57984228878
4.8432523421
4.46922880198
4.47628802963
4.75197437341
4.92449495817
4.54803986033
4.52192044965
4.86928520133
4.34306563687
4.29806175309
4.32063647278
4.67730771933
4.58206586124
4.4824493536
4.61093481458
4.78824468777
4.63328120814
4.68465225772
4.59371283978
4.38558299668
4.58495930862
4.55041295052
4.43589394534
4.98629619269
4.85218559478
4.65546511974
4.97132037873
4.74121675071
5.03231165351
4.74514710502
4.46698355124
4.10091407726
4.4576459395
4.73727899885
4.27903624971
4.24433700014
4.48371286187
4.73866333517
4.82341090252
4.63060578548
4.48376076124
4.31541902044
4.49590580998
4.36547434001
4.4006153002
4.57556227645
4.23314010174
4.50253720673
4.44698958471
4.68388500441
4.69251550685
4.4313033401
4.98824397895
4.67707038258
4.46874153777
4.36087442979
4.70835618311
4.29708558857
5.01470555413
4.68922594084
4.69586373627
4.77844102406
4.61315312692
4.66571057247
4.54754865389
4.40152110461
4.5458326393
4.60019534455
4.31282199841
4.34659295345
4.87578466883
4.45570633896
4.22534414661
4.83676180857
4.53551248475
4.56379348302
4.69328714526
4.40933919276
4.40645280155
4.72463425011
4.52847007321
4.64507135193
4.48845325952
4.84453157672
4.43451030412
4.67142346713
4.63672558186
4.37197550032
