0.289215367971
0.381236183608
0.378635526069
0.42402041487
0.437982432398
0.464385115921
0.433940696731
0.353359205892
0.453976995016
0.505823040094
0.510951817959
0.557676922991
0.443250079731
0.512801538535
0.482072389916
0.560825866708
0.65546482718
0.596756434976
0.576299116854
0.569192635086
0.50492643649
0.418831197634
0.277925802715
0.25783859071
0.344257397391
0.370635074492
0.321003444861
0.34947694549
0.223408920116
0.41519803458
0.558961997763
0.566971198202
0.585749864219
0.513642609618
0.422281444376
0.366099560352
0.389333356321
0.496709766236
0.366612520253
0.337909751112
0.396669398671
0.448023009111
0.293092454392
0.401367061433
0.401628680816
0.396114060151
0.539823545761
0.461301999202
0.560262316111
0.619767522525
0.617695223227
0.688037386184
0.630278874614
0.611782079021
0.611950519763
0.576982415023
0.539231636446
0.540414163879
0.515483255926
0.461464421347
0.423614206215
0.518423260962
0.6313845373
0.707148994607
0.670214280417
0.627734633864
0.639953707786
0.589277874677
0.6043231387
0.60199566257
0.654953358461
0.709966353152
0.642291481113
0.638080956979
0.619474457733
0.663415586628
0.674292550462
0.624421780417
0.637162464915
0.581313584081
0.65680525211
0.628889016116
0.599354970573
0.577657074704
0.668331766437
0.654894146878
0.594608438157
0.590287247507
0.595575680395
0.617229959286
0.593904159736
0.606342485097
0.611068018349
0.602136572134
0.634215154167
0.572118641798
0.628843869462
0.592891565766
0.643243961705
0.63533716216
