0.270424239783
0.397161835269
0.469544081773
0.485726813953
0.535094507957
0.57646130641
0.590537207966
0.656729240039
0.623507934413
0.57651061633
0.628798415761
0.647461258199
0.658125820958
0.587000765964
0.591247303775
0.590843843763
0.62131809938
0.58204926219
0.523511338596
0.557034583116
0.527585600647
0.498853079957
0.467376954943
0.563989325155
0.494912823928
0.401928252499
0.395909173876
0.397050671021
0.315265469026
0.30741692929
0.276970584918
0.386887156397
0.402065600143
0.520587617788
0.514230386601
0.643166448742
0.645487777523
0.670567581522
0.552239659347
0.592392731893
0.579891367643
0.58803276353
0.661160250765
0.625782451854
0.607874653673
0.615777891102
0.5896065013
0.592517004745
0.583034652726
0.641671983975
0.604134534519
0.621645375879
0.467545780945
0.426224026084
0.510054674555
0.490147155319
0.529556022193
0.599929774736
0.533090451999
0.589874510552
0.600388281663
0.477332366794
0.564982606625
0.561718948806
0.49580859702
0.475924789922
0.634051380683
0.605551156213
0.540120919698
0.539781534864
0.618364894429
0.607601730184
0.560431523926
0.589412360696
0.614079769542
0.668421255145
0.664464123752
0.702562165694
0.695250655776
0.693224762722
0.620008619349
0.552275701263
0.481498720162
0.557483027049
0.57757959244
0.596145735705
0.590081427811
0.55262396191
0.589488359279
0.690756032188
0.648143536947
0.679767108636
0.676352842966
0.637604876623
0.602207539704
0.485887748869
0.46568020037
0.429869079368
0.339915417336
0.334677134478
