0.805387800334
0.978863676094
0.962029587405
0.98
0.979647491606
0.98
0.98
0.98
0.98
0.98
0.98
0.98
0.98
0.98
0.98
0.98
0.98
0.98
0.98
0.98
0.98
0.98
0.98
0.98
0.98
0.98
0.98
0.98
0.98
0.98
0.98
0.98
0.98
0.98
0.98
0.98
0.98
0.98
0.98
0.98
0.98
0.98
0.98
0.98
0.98
0.98
0.98
0.98
0.98
0.98
0.98
0.98
0.98
0.98
0.98
0.98
0.98
0.98
0.98
0.976042494114
0.98
0.98
0.98
0.98
0.98
0.98
0.95872620975
0.98
0.98
0.98
0.98
0.98
0.98
0.98
0.98
0.98
0.979272016561
0.98
0.98
0.98
0.98
0.98
0.98
0.98
0.98
0.98
0.98
0.941342524204
0.98
0.98
0.98
0.98
0.98
0.98
0.98
0.979368355831
0.98
0.98
0.98
0.98
