0.813394694917
0.775352689221
0.749132488709
0.7397575744
0.631672912354
0.530932451718
0.518747545643
0.48314650835
0.379815421945
0.350371655229
0.424544229287
0.314127427563
0.246472523271
0.299779004106
0.27466374359
0.131501092927
0.133721187972
0.10393900223
0.176887818496
0.216158465374
0.13310224637
0.0974281535028
0.133480751122
0.0789084346931
0.107587253724
0.142619276713
0.0844713619053
0.113214812978
0.138865529876
0.0692650526308
0.152705683524
0.120930333182
0.112303168758
0.116503210017
0.145486741675
0.367530222298
0.195605383617
0.0936130292147
0.115897600788
0.190990953639
0.120206944314
0.0804463207167
0.0845439657147
0.0484974093095
0.0353657225153
0.0650181095954
0.0958309641908
0.0412201818877
0.0664039279141
0.0530384957844
0.0987676100621
0.10517692864
0.0239452960342
0.0664377111055
0.318758334357
0.172331073674
0.164452034288
0.211446672232
0.0920181802727
0.342918199825
0.288611635208
0.248738960971
0.129458485449
0.171803268845
0.166250099841
0.169112770849
0.101606534875
0.0691884049358
0.120671427804
0.178478652554
0.0571377249862
0.0885064695249
0.134204906749
0.106291907278
0.275261468546
0.107608077831
0.0914268896837
0.059892953117
0.0857985856863
0.0582040824913
0.120766177019
0.13020926357
0.110528787901
0.0740551313432
0.0942695239109
0.111346303883
0.156010547512
0.0941827365768
0.0946834065895
0.0539852987525
0.0821069570721
0.136309319765
0.176437691166
0.0397986640035
0.0324780823319
0.0630133836542
0.104782047228
0.187734972901
0.0954225338333
0.11544453841
