0.818961134751
0.798051951792
0.75493399213
0.694289903666
0.654709877347
0.55467575793
0.584476193385
0.583969655158
0.537976744203
0.503459556686
0.527776625367
0.500967967805
0.42083540327
0.371953851762
0.346667138148
0.361768492537
0.305483480054
0.267636465378
0.275624256058
0.298888330722
0.315610375455
0.519817204828
0.416952157138
0.390718087504
0.425663794851
0.403713787066
0.420410768887
0.399263891727
0.413886537221
0.352816676166
0.35663290384
0.333046212079
0.352786971307
0.423304511262
0.460220374391
0.39257463211
0.411927620641
0.383576936147
0.468320419639
0.526191961608
0.401371384817
0.373383833105
0.35988047819
0.367808192659
0.369781521132
0.376570968644
0.37499452575
0.372463245203
0.308197926114
0.353824395428
0.397265903883
0.347294792963
0.328712864586
0.396588189256
0.352749420585
0.491379405504
0.358026402397
0.274407051394
0.118482354879
0.0822899637925
0.168086365228
0.193134888426
0.213638226423
0.217045500523
0.265704172922
0.195829352102
0.0803950780042
0.112749395658
0.130420296322
0.144667587017
0.221319649003
0.194512120619
0.148149744225
0.164462365993
0.175592005082
0.205943594473
0.312799493631
0.245345000838
0.151950135706
0.208082168113
0.275241512559
0.249336802835
0.331655543891
0.308289560494
0.0645522182378
0.10857916895
0.0474329085046
0.0441920333455
0.0860526278636
0.10349081464
0.125559747048
0.228627709025
0.147552546684
0.188975029849
0.312597704558
0.349744900023
0.316047355201
0.49181936547
0.420319359277
0.319135614288
