0.979458806658
0.934202165057
0.912040740187
0.902769789158
0.897973731041
0.881429460825
0.879822144219
0.87802992338
0.876171292167
0.882761133309
0.884098566952
0.884324068005
0.889122630048
0.886619400616
0.885686612835
0.882714181866
0.873873407519
0.835531689101
0.829092175848
0.813779093476
0.775280290832
0.757190727626
0.737960384693
0.76468869633
0.74580911586
0.74908432639
0.754874693548
0.736585889597
0.725652328841
0.723542892353
0.730211509184
0.732474198506
0.710361509387
0.683969808558
0.708784461786
0.712670034841
0.711216567076
0.724200868645
0.732520520189
0.750271126055
0.741824906169
0.743473118747
0.744616652911
0.739954266313
0.737739537841
0.725814924917
0.727180913221
0.727732389525
0.722665341061
0.711064677813
0.72248758723
0.715108744432
0.709571503447
0.720787676043
0.735226620795
0.737667201113
0.738743127252
0.754741501003
0.744983329969
0.722421474224
0.722819619078
0.718329108827
0.732875123888
0.740710212675
0.738502529783
0.729897012452
0.741363413756
0.748847403364
0.764203565048
0.753793937746
0.763591408891
0.760242639575
0.758642915942
0.755662687228
0.743360205384
0.777653814071
0.790848412819
0.795466911199
0.787850523234
0.784774513197
0.801396564393
0.798288199921
0.795538029636
0.790938519741
0.776654479512
0.786046315718
0.774057598961
0.771983063518
0.778230033873
0.780571734447
0.756931364772
0.753536349189
0.745530676416
0.744196488439
0.764588054419
0.770422605783
0.774321774109
0.775167842531
0.766052056247
0.745968922595
