0.980096470042
0.919211036784
0.891235291258
0.878596419384
0.818965891851
0.812359721115
0.790524384697
0.788245904939
0.768009276362
0.766294903978
0.761373904277
0.7655105163
0.79422074602
0.807170398892
0.832685973917
0.82179445562
0.8365169803
0.844919070506
0.842225599996
0.842911046049
0.837835653308
0.820792673991
0.820347653491
0.815138674192
0.81413813788
0.811354404183
0.80222618726
0.783910991952
0.819033159395
0.828353271931
0.82735213554
0.834361992748
0.82882163739
0.824316220108
0.844620223073
0.8443895119
0.842570461215
0.849884651698
0.849368424411
0.840902434008
0.843195559855
0.83083481618
0.827644874253
0.831601434045
0.827104423645
0.815889093268
0.800935020145
0.771383858771
0.76205840463
0.787814027364
0.771355576527
0.765665626369
0.774222553387
0.787948472973
0.794031027588
0.788016101105
0.784910422051
0.799757552368
0.81379824003
0.808337512131
0.799003381497
0.798659401805
0.779809325565
0.776371300983
0.76812899183
0.770542122595
0.78767446491
0.780446266096
0.773773964779
0.77745724717
0.769171805569
0.799417005613
0.795865178167
0.796819912312
0.786789343585
0.793531620448
0.792998524247
0.782167353369
0.745414355246
0.74732021588
0.755779086321
0.754610638964
0.758674659656
0.752562716197
0.74610224155
0.747487089212
0.739596399855
0.746565260016
0.762300593596
0.774849636399
0.775235471807
0.776898920373
0.77672549782
0.767725325178
0.77659238775
0.765952406432
0.772564832096
0.76883273228
0.775067775786
0.77650497059
