0.978713838573
0.932880000836
0.90799129219
0.893849700259
0.886826554786
0.85943207358
0.849287163838
0.832017830219
0.838697512926
0.820230783867
0.822489413248
0.820015090718
0.804120097521
0.806705740828
0.813298173521
0.799466599018
0.788030110505
0.772862682668
0.762373408446
0.777224678994
0.760004639897
0.750206092975
0.734990936119
0.690625344218
0.717198031229
0.734765190887
0.717112718599
0.734698898258
0.750116336334
0.746518380143
0.764363879351
0.765657762334
0.756555077685
0.761810966948
0.760899295217
0.768760027589
0.764742783941
0.76126233521
0.779847145915
0.764765121358
0.760041150735
0.764743007847
0.735846105119
0.720139311249
0.713205378806
0.703752909857
0.720181583591
0.770925098316
0.745566563608
0.757320258294
0.731567207839
0.747842757863
0.756228373317
0.748073536316
0.75307537425
0.760407720013
0.770474521943
0.787283940716
0.792906557147
0.782676179629
0.779734875527
0.766948057678
0.765260634164
0.770142379982
0.773569925218
0.772306153854
0.772328306685
0.773911171367
0.77733415296
0.777660079863
0.770602703728
0.757865934258
0.76569823346
0.762432000943
0.767630517789
0.762010565214
0.754079427134
0.750699669777
0.740430949786
0.712420974158
0.711801379482
0.733719789042
0.751058473218
0.744717516031
0.748425376604
0.748584338712
0.733540473396
0.711055679356
0.711419133032
0.733343961668
0.743210734772
0.720644173814
0.716771556982
0.711377176907
0.722351097428
0.734499696931
0.72104611316
0.726729653564
0.719901795794
0.71501467661
