0.277554024378
0.353332074797
0.410634919049
0.509167626523
0.493234572104
0.480553329278
0.441491495932
0.502190396725
0.353522538561
0.470798471452
0.558652385191
0.564586258667
0.595908615291
0.593054614895
0.630445794554
0.657633108961
0.699674742916
0.67486130067
0.506308928934
0.581421483813
0.629763690951
0.660994521909
0.560098707845
0.566404143318
0.555225695297
0.57954687997
0.567498768279
0.498295216653
0.624999574835
0.601600523907
0.596904113507
0.58723317148
0.569689299433
0.647622097229
0.584654437069
0.484970807166
0.577683455916
0.533653295356
0.476417572848
0.470608690241
0.531419112932
0.538042791203
0.459837242901
0.493413568618
0.462630877867
0.541269986895
0.490570319054
0.440542618303
0.526131398724
0.430717641099
0.422752179859
0.446417960172
0.529899624817
0.576796825146
0.545339043728
0.65606146129
0.651102966111
0.6505778831
0.678659508732
0.599917102941
0.478795244818
0.501078027808
0.673659623173
0.574901126615
0.547704211795
0.621665990256
0.660643903532
0.6305334444
0.537304392146
0.529503276623
0.589611261379
0.524854717638
0.513219941511
0.466797601724
0.406784490234
0.419976392997
0.416960534751
0.603064483787
0.582873081482
0.509414367095
0.555271743898
0.540704484183
0.563363791868
0.613689790817
0.587217754289
0.568926696882
0.6012377981
0.60839673223
0.576226145321
0.513682295904
0.580355453956
0.544063417125
0.612974619967
0.645964374348
0.515063909058
0.647105044615
0.665399550505
0.701669830442
0.502656487885
0.60352017321
