0.809450536732
0.772774076781
0.734827549099
0.73316823079
0.703554080687
0.684497403619
0.672667889981
0.659142142546
0.623229434812
0.652212964522
0.604001646726
0.630036889862
0.647646344415
0.677001873453
0.661606441777
0.61709192909
0.620227253928
0.632507718712
0.633647679215
0.640886629574
0.685060390775
0.68617881818
0.68311878523
0.663847967696
0.686943111094
0.642851172918
0.633746395428
0.636551231657
0.663962343251
0.646033135431
0.655799670369
0.643791255499
0.613594779177
0.649946735892
0.65091927421
0.651180852793
0.659897572944
0.638014797394
0.602388822237
0.596560300939
0.638298106099
0.627659589939
0.617879118285
0.635887514355
0.617562495423
0.620916641093
0.621017203136
0.586946868597
0.570988404114
0.579668426006
0.588170525665
0.557289763495
0.621508730839
0.593481584798
0.556417589305
0.530489567193
0.472091812665
0.490965786805
0.424890034756
0.436552779704
0.446877580693
0.357871005777
0.23877967122
0.238692406994
0.290626221787
0.433205866717
0.446519622867
0.520569700592
0.419434221506
0.401694451394
0.413775389851
0.393767138276
0.383196153971
0.418908928258
0.41441682308
0.535018006406
0.539096162061
0.522193694356
0.454519630018
0.494542018551
0.453880259675
0.400194281357
0.471608886636
0.362300327397
0.408388820862
0.384905105858
0.361704281873
0.295909846894
0.387455235681
0.383140154789
0.390984838686
0.374238860145
0.403123221701
0.383674971368
0.420575470295
0.41275177178
0.481639671485
0.480816252331
0.504287623658
0.506968676937
