0.811382490492
0.755333595622
0.733944867351
0.718497861774
0.75134015391
0.739381626676
0.732065341963
0.719794052921
0.698908062498
0.677490928026
0.666061383273
0.667071201785
0.609965286088
0.601946097878
0.571736559035
0.583910121431
0.53994170092
0.557401733495
0.592776607764
0.606304301213
0.614844945613
0.587905762796
0.532739545926
0.56632658868
0.596664946215
0.626790989751
0.593672390235
0.594395729465
0.586085036197
0.585663015136
0.600678770974
0.567746292145
0.488458828881
0.526340665007
0.587774138167
0.593852734141
0.643482039451
0.614207823888
0.568556643889
0.600506084259
0.597155952159
0.614262972962
0.589251498852
0.605578556551
0.60190999817
0.608405779615
0.619574599016
0.607899482792
0.636868643969
0.630998839388
0.623862375614
0.642520965127
0.60063193762
0.570641921411
0.573801742856
0.568688708165
0.594964375636
0.591069933701
0.56849106207
0.53097552537
0.566576017758
0.557153263002
0.515874280852
0.513915795063
0.51977398228
0.513458788605
0.495084493944
0.476340813044
0.547715939216
0.560868202537
0.570045742684
0.542394972212
0.482405239595
0.540422679842
0.551999408353
0.562173609036
0.552034506026
0.572681933063
0.563126866419
0.605132733831
0.568570162635
0.557697569619
0.517661810008
0.600240657808
0.598238289584
0.603638055693
0.597091647063
0.633067100689
0.646708151025
0.650657174404
0.663067637305
0.670871070673
0.656938709549
0.684774213304
0.675724617713
0.671272804019
0.687106960018
0.682369293717
0.653965818502
0.665126985657
