0.823989198408
0.792474852988
0.800743742848
0.81851224245
0.755583457307
0.656237149109
0.524834003031
0.403502169102
0.403034271376
0.418276649422
0.416462720023
0.364624869483
0.349425558877
0.30400720916
0.313112557826
0.256912379288
0.265021059898
0.275057501689
0.279922085663
0.240330708136
0.216158610928
0.230693868557
0.333297853591
0.192594082612
0.318023736299
0.520434568925
0.48420337954
0.473229756467
0.421322094103
0.463305651112
0.265162521381
0.422579335421
0.516743514532
0.586139186777
0.524783887832
0.481864212912
0.402672064075
0.3636323017
0.458633257672
0.327021832105
0.409077295806
0.333564280858
0.265733233758
0.193826485318
0.190976428004
0.150147656122
0.146145608069
0.117877199199
0.150447402439
0.188602992754
0.264798671982
0.206488713788
0.17562714903
0.230350651595
0.3187238539
0.242728189856
0.238380234764
0.186400616554
0.315862431644
0.296587471319
0.374923430121
0.423996513087
0.322323707781
0.388910895724
0.378996499528
0.446093458441
0.414911402276
0.529974331023
0.536998390484
0.452077854716
0.447298836151
0.341359524977
0.291435658761
0.333979122321
0.263294556427
0.320469688552
0.308546912522
0.31020801224
0.377569580604
0.391905422078
0.364882403704
0.340016734248
0.41294681087
0.352758387196
0.30020872948
0.288904435086
0.342026784453
0.413440789781
0.324108888246
0.340481706955
0.355255367238
0.352321431928
0.32377453606
0.307879833462
0.298477677093
0.344486120351
0.266520465197
0.277730335234
0.386583201721
0.414656496568
