5.01138691697
4.950176517
4.72599119969
5.16245157517
5.07110627006
4.76881189724
5.17724566961
4.53383749195
5.01379776881
4.96481423991
5.02188921054
5.18870504765
4.72647518227
4.74757896658
4.63005667903
4.74113710477
5.3318053087
5.1091923496
5.33994774141
5.02562257803
5.308868018
4.7196304538
4.73777705038
5.13162976903
5.02670018069
4.97928807947
5.21374940485
5.50012097098
5.20963377704
5.48474578709
5.5229678887
5.49577478157
5.34487269573
5.05081372739
5.3348340388
5.69136456287
5.55479360345
5.22016786137
5.24427356004
4.94442852993
5.05475928124
5.25365826354
5.43150160669
5.24753817374
5.34607460069
5.29457454175
5.18318160531
5.33488196243
5.40198831261
5.52478434883
5.01356545438
4.57152472679
4.71384382916
5.11878753588
5.09529287126
4.98142590143
5.06371795888
5.20355622336
5.16411143798
5.06886885482
5.16591612728
4.90494474713
5.07264098398
4.95166112705
5.21563497223
5.31411990044
5.3844959861
5.39649371316
5.30012752771
5.21190326883
5.20539963904
5.27095109287
5.04387465842
5.2498054766
5.24100972331
4.84224661036
5.18237035857
5.48382528534
5.67754917362
5.58508465117
5.58317041743
5.08491694172
5.23552986091
6.07191636607
5.64871934804
5.70081051067
5.3504278536
5.02647303677
5.3176836101
5.76806295709
5.32806262034
5.16425566279
5.40017835197
5.66793485316
5.50779647701
5.72340035909
5.52832437202
5.41754896687
5.09230286617
5.39325343077
