5.25800971955
4.91282497503
4.70061907889
4.86278163519
5.00436203313
5.19665589418
5.12564535767
5.09022909758
5.10448923317
4.91432315474
4.90605816971
4.6565792652
4.54884392984
4.74379645338
4.69167541132
4.88372645432
4.73895988298
4.7162412196
4.72650321917
5.01626732905
4.82407189667
5.17323195884
4.75115442702
4.64079383423
4.72399477638
5.20266763098
5.37664081912
4.83985562023
5.15332202142
4.50473068272
4.54340525358
5.04453726177
4.84021524549
4.91919900026
5.31620921844
5.039136764
4.77095961283
4.8769969162
4.78184602312
4.969875463
4.95344932826
4.92250067642
4.77401410385
4.75724391613
4.77728012778
4.92342167338
4.82749107729
5.00223482444
5.343086294
5.01009771737
4.82238921593
4.80379147916
4.75658277933
4.44274845763
4.35278270298
4.5260907502
5.090674156
4.80770792528
4.79879726421
4.21340694835
4.75931858582
4.8724435564
4.64195085317
4.73003633077
4.68436823572
4.70856869593
4.50591192516
4.94760836976
4.66548707952
4.98819350697
4.92160337198
5.153330623
4.56556579507
4.76674820688
4.25733191863
4.42026109341
4.54365484369
4.85618259869
4.21248375653
4.36937707253
4.48181743475
4.21815004282
4.33559944386
4.17026957877
4.2017935891
4.81523800581
4.3663456026
4.41382774272
4.599762906
4.69324502497
4.98750246699
4.79565399415
4.39882367847
4.83007993795
4.8565357384
4.52778146246
4.82843397818
4.77107570577
4.89466491055
4.90890988089
