4.73158142917
4.90505292801
4.9406109687
4.75478501935
4.79424182661
4.83298707609
4.9393221757
4.94083625616
4.86229203209
4.70684686813
4.91379243058
4.74035114472
4.64138652184
4.38406253711
4.88100191273
4.81023062077
5.54561308114
5.02255393221
4.91592511363
4.74456182391
4.52436897688
5.06855519977
5.29074266437
5.26516695422
5.19043814851
5.50850388171
5.51312434073
5.44727383854
5.56217344324
5.37165634934
5.45729686271
5.61959006668
5.55314675593
5.36904690092
5.4165789008
5.63286509476
5.55356892942
5.66958821366
5.65590548777
5.32691892995
5.76902187167
5.46803295503
5.61804863239
5.52574248765
5.49692952497
5.72148010988
5.5359134964
5.66771742202
5.43787691509
5.71733956207
5.92110088708
5.16975238296
5.16976186139
5.47318518945
5.6960210028
4.73222179104
5.08405866788
5.15738836097
5.63276654512
5.36909603196
5.33069690054
5.12293726166
5.56608368055
5.18702721783
5.23297569466
5.27323537766
5.10208073647
5.22075014276
5.1003068717
4.9038262747
4.8223424506
4.7377811875
4.98494411284
5.15518878222
4.8760928612
4.88860531396
5.21199499803
5.19593142577
4.98636951803
5.19721438046
5.38136843352
5.13746670186
5.35438756852
5.19619690451
5.14006010829
5.30262776635
5.25883126766
4.53105784822
4.83018767558
5.07980504785
5.17495014715
5.26310247479
5.01692884812
5.19392994099
5.27559108246
5.10712605379
5.33647290858
5.28647755418
5.75575147099
5.18948147809
