5.29459040493
5.27799978269
5.37282466303
5.67310762118
5.8873337772
5.61528907071
4.9842377268
5.28392398349
5.46583095659
5.52919973341
5.27640641036
5.27434897424
5.68217169782
5.46933206919
5.36966903498
5.48070925522
5.2179615313
5.34620696672
5.02859026282
5.26985882789
4.70567283957
5.09973505382
4.80094252976
4.73586091566
5.01989067497
4.95507882361
5.17652528557
5.1028862767
5.1696269128
4.99226270665
5.37923038149
5.15830146332
5.00750325882
4.93074205542
5.17793093765
4.71315781977
4.68952068009
5.42578856313
5.08105662094
5.35794884995
4.77948597085
5.21796171529
5.03910378265
5.07392399823
5.16324196432
4.7970869849
4.74983100594
5.07920300427
5.08074144079
4.87649433011
4.97358430177
4.83006598626
5.16356223894
5.25923224479
5.09783916002
4.84002756412
4.65549815981
4.85805317232
4.95456065699
5.28595047276
4.92809500538
4.60231061908
4.73975469295
4.89201100328
4.97802193508
5.10619559838
4.51219024897
4.93073816188
4.48981183238
4.73523226058
4.43299414739
4.64255919727
4.97177792952
4.84594915704
5.01353199023
4.87636931708
4.79191395827
5.1434608986
5.13773545674
5.02718231253
4.9960560927
5.24304450646
4.92762080901
5.4196712667
5.28490056188
5.36394990984
5.10176561255
5.29694071857
5.47401902154
5.29493673939
5.17036316822
5.03898936793
5.17241316667
5.19637937011
5.41318581855
5.16051755205
5.46533759176
5.25226780255
5.15683242256
4.85169393597
