4.76536724356
5.36029541787
4.945257529
5.03392593181
5.6252759601
5.27212013516
4.80079243976
4.82783875329
5.20318439116
5.13801935211
4.79039342289
5.63320778316
5.03157409349
4.38910196341
5.19492890307
5.08020276453
4.87188745655
5.01127247735
4.98482821291
4.6601648275
4.9874253643
4.53685610169
4.63624652154
4.74608520316
4.7506543418
4.88893832126
4.54296467205
5.12958393324
4.88138245222
4.81415312638
4.55485348915
4.41633806711
4.44354420681
4.39143561763
4.81273251287
4.50133399172
4.52304363167
5.18653030046
4.90430702321
4.58061947803
4.85442521456
4.8746190372
4.85891653653
4.25784012904
4.33916065109
4.28911809267
4.29981607058
4.65027148157
4.70154263235
4.41678097933
4.19937210718
4.7258371576
4.29434518259
4.42375996376
4.7732202803
4.98651301329
4.54676145787
4.88679803321
4.52262116665
4.64809168821
4.88700968745
4.67990969445
4.6089390627
4.36605500417
4.3041231658
4.29624649665
4.76548672145
4.66515712293
4.53869192708
4.83306409239
4.90372220014
4.94437969155
4.73202913355
4.1487605064
5.23537650146
4.46893289937
4.93591494087
5.13245971882
4.47729948297
5.03186166807
4.86777628663
4.62621450753
4.88166140406
4.88079536999
4.79885216881
5.14701682623
4.49940154915
5.05628275039
4.93106309581
4.63961894176
4.87171529151
4.6501806899
4.76915776389
4.35818264537
4.41777693181
4.95573892854
5.16402382531
4.77668984824
4.85117463719
5.15839230205
