4.57750054506
4.28140643482
4.32534433823
4.39928700338
4.42081285536
4.78259607231
4.50245165816
4.71669010426
4.63393635718
4.24924359194
4.59248874234
4.50293276793
4.42590952534
4.19823858673
4.44167447178
4.54642600944
4.16537660873
4.19255367646
4.38637697684
4.3895719298
4.66357428747
4.32953852262
4.52687883029
4.42249723273
4.44896362865
4.2595658735
4.25143898817
4.48981566065
4.69374013891
4.74301061482
4.73058544682
4.98302759098
4.33759878422
4.38615918648
4.54704750025
4.59604214512
4.48160529008
4.6304094784
4.20741173215
4.44530348643
4.33538266062
4.33686573433
4.44311789666
4.49710579863
4.32288937872
4.28348628004
4.9498744255
4.82957601918
4.58789579418
4.49518786335
4.08497851765
4.45391120231
4.39634572636
4.54963111265
4.54879374089
4.82401741563
4.6766531699
4.50992796816
4.42422102246
4.36873439912
4.54026820203
4.50684422999
4.56620923839
4.82878488358
4.51750293593
4.40269662489
4.66099865227
4.13399157515
4.57267081232
4.62712409367
4.69438121762
4.65133649023
4.64960817174
4.69303300458
4.55460316992
4.41696499955
4.65475418081
4.6659099508
4.70942747153
4.60453442111
4.48284659255
4.28512723138
4.5441763727
4.63635461788
4.4317737782
4.62923726746
5.35316682003
4.61209755565
4.74958401563
4.63936012113
4.8027128683
4.71063677005
4.85943089957
4.93572175735
4.89924860676
4.80777389673
5.16820732786
5.26650521761
5.06725299776
4.79687898284
