0.000883790111644
0.0274073158657
0.092515369804
0.231419868618
0.256283064064
0.211132400565
0.202185539999
0.281590502854
0.320869432835
0.180985986469
0.137121272058
0.206854705958
0.248064914659
0.221790414084
0.17853296025
0.256153596057
0.314967598837
0.29470439475
0.302624356936
0.295267829247
0.298571571819
0.312811758041
0.318753847281
0.269255841852
0.235139912061
0.182962584092
0.140905995185
0.116341691841
0.105378692492
0.269601690734
0.34885007383
0.259325012158
0.144104711978
0.121129654942
0.174764824779
0.176831256921
0.120473063613
0.116266179819
0.087283148164
0.0664322153042
0.0612976308481
0.107594482532
0.23312824242
0.304548386446
0.349659734899
0.406346377993
0.4924704387
0.331394359232
0.278101631316
0.355891554248
0.39165116439
0.31993540345
0.207727931702
0.230950403882
0.344725143233
0.308662059042
0.220362236279
0.20752255472
0.208195870482
0.18802695375
0.213142153811
0.237382616515
0.203997912238
0.209104782442
0.216316606629
0.273971320467
0.290025186306
0.301882210367
0.381045129967
0.427323618478
0.351823785891
0.273319960024
0.284927153064
0.387820135295
0.338553109139
0.310253283528
0.154642393217
0.166934085988
0.298641552283
0.257660957503
0.165323031701
0.13106810565
0.141482391957
0.149729233254
0.207903038708
0.255292584499
0.310799203182
0.204345543147
0.179334119656
0.289894995536
0.373367370471
0.375883692347
0.312572957937
0.268767809136
0.257226753177
0.359584263171
0.383610842577
0.240754807635
0.170251623756
0.147097374183
