0.00117284502012
0.031046771988
0.0756631235291
0.121163241154
0.204970128919
0.183217526598
0.188529937294
0.228467015985
0.284555793698
0.245482305925
0.109652751125
0.148112229044
0.205564028476
0.202724002935
0.118019788908
0.0713015999676
0.0860178466339
0.0459414641837
0.0798975236375
0.0806983848403
0.0817714495769
0.153116032052
0.216629283218
0.189265897033
0.138424232971
0.0776050684933
0.156110005325
0.304014374915
0.463837755762
0.419982975445
0.352576292281
0.296127430767
0.296908447336
0.30334719411
0.382257934249
0.373000736723
0.301257373737
0.294313096315
0.328137548399
0.327725783246
0.245569104886
0.253352873039
0.303823320853
0.309798340263
0.297716613062
0.323106805943
0.382319956853
0.295304452971
0.299566507063
0.326697497349
0.325762104303
0.331239892979
0.359366255753
0.395610143309
0.39459082632
0.450641108093
0.528789372858
0.404606499809
0.429633601171
0.484433204744
0.394823407172
0.420535662026
0.458852416797
0.49949776579
0.400042806698
0.286901993086
0.339411288322
0.361991697822
0.353395957353
0.360428157385
0.270607231952
0.269258452682
0.325482064267
0.353682682694
0.356862607988
0.314041538302
0.306876491849
0.24822464416
0.391260046346
0.395714232465
0.463473080152
0.405825285525
0.343565806609
0.344480392579
0.380036639471
0.432409484843
0.384816772102
0.38510469716
0.30333259947
0.346013898659
0.421483182199
0.460028189898
0.45128231058
0.437446562459
0.416251023476
0.481831575825
0.475998324875
0.465208532246
0.403386894433
0.418025852905
