0.989637784671
0.919274513298
0.809329165682
0.667454036944
0.627901932759
0.647580354967
0.646872282097
0.663787161852
0.599378565193
0.385478150676
0.243810107928
0.438088087261
0.0880022046181
0.0165895472164
0.0453363425755
0.0551592231535
0.0015960441206
0.0654037525121
0.102369168662
0.199883757899
0.117856062994
0.0309330658549
0.00740295199706
0.00359216310851
0.0
0.0035753421461
0.0761943659224
0.0
0.00352610980483
0.00732057975537
0.00884630564682
0.0285524574481
0.00491137911056
0.0072544557031
0.00129015673562
0.00895175884676
0.0718260400694
0.0192553841044
0.0
0.00155954545614
0.0298976641332
0.0
0.00358492184977
0.01184289867
0.0
0.00392137970506
0.050738459942
0.0450907879007
0.0301738381275
0.0791106051758
0.100467403001
0.0621176823626
0.0701054594308
0.0781336998255
0.0990615763833
0.0441502735147
0.107110845913
0.121893589651
0.0985050124708
0.122808962942
0.0904554610596
0.12129456416
0.0921014889702
0.174233145179
0.246723160142
0.31038557885
0.296925016054
0.39258893937
0.359789560453
0.330247685832
0.323242036762
0.332994620102
0.307420920699
0.372301239549
0.231267876993
0.231153241824
0.17347139716
0.126042140626
0.0917115594319
0.198274437074
0.193576526912
0.14253657704
0.0364575997664
0.0330963902668
0.0109143170429
0.00312468357763
0.00399143008134
0.039612450504
0.00801287843274
0.0467591613413
0.00405274399565
0.0
0.0
0.0593827365667
0.0851935216373
0.00357729266417
0.0855166527418
0.0113685222481
0.0218083222945
0.00365607303775
