0.984627665306
0.937616901575
0.829689454725
0.852180050235
0.761551911815
0.739462421299
0.584855904247
0.447394640467
0.485168978696
0.505586547032
0.573228374604
0.443516673
0.532534902186
0.538619234551
0.407919875153
0.352302679531
0.371231102232
0.369433991122
0.392441699652
0.40755300326
0.295801741909
0.341132587819
0.204440808897
0.215997785641
0.315338596016
0.424149747518
0.26035616077
0.256914132874
0.268384569129
0.0858701830019
0.115729749835
0.0822595488927
0.147536144197
0.0736473429025
0.041352175876
0.122661006209
0.214635613936
0.225403340405
0.117306612587
0.13612090803
0.084420358387
0.0924458147399
0.056452834342
0.0521470111751
0.143753601878
0.0796052817372
0.208592609177
0.166771861754
0.0635868167942
0.271480385334
0.210213239299
0.354178710362
0.414336217558
0.242871859091
0.236012969659
0.20841322427
0.159191957815
0.156231719622
0.139435556565
0.168034833629
0.150868760509
0.312607622793
0.319930469752
0.437368674295
0.418533236669
0.396129618496
0.422577486661
0.381494219578
0.290401336557
0.218696223324
0.27840530023
0.270424372472
0.377327844545
0.419202756297
0.521812934741
0.49420791347
0.407943262836
0.219292205603
0.426778535465
0.474587862962
0.551618260889
0.585432792953
0.480599695373
0.405250616737
0.462858726752
0.43657807131
0.53733729356
0.445157310511
0.647561788879
0.628007498992
0.472452578426
0.570003147696
0.562125007558
0.642455586491
0.652371637473
0.653627414365
0.656717506893
0.687262106141
0.691667662705
0.716887967821
