0.98986654199
0.937855831777
0.897294898618
0.825067224348
0.854696791348
0.832062808629
0.812497588748
0.776820048612
0.683018399366
0.731837189263
0.747656007622
0.757320605543
0.687435503915
0.597620414276
0.610985066352
0.589998228693
0.634855556262
0.469143071888
0.19054523791
0.400772251044
0.575905331626
0.625475904755
0.681383225381
0.562437977084
0.501215399253
0.38621107511
0.302069150538
0.169666911304
0.181363827114
0.216077601688
0.0717280744339
0.0745459661047
0.0492401024628
0.00824252737342
0.0550109554516
0.102836598034
0.0759098685185
0.0
0.0236739061312
0.10966042576
0.0692664283625
0.0921535316917
0.0944315950042
0.24857183699
0.256659741688
0.253039077961
0.244424433376
0.0824764083771
0.0779076332773
0.125055245468
0.184442143015
0.127468135038
0.0354104301616
0.0820642041505
0.0379170186251
0.120566610574
0.224978190062
0.419740111507
0.549206424226
0.60466770348
0.598839838403
0.707893539211
0.731856738983
0.754779779989
0.747851460001
0.772045340896
0.833696925647
0.821424698252
0.803125615473
0.787260882807
0.829030768944
0.859969014133
0.771318488285
0.703425261461
0.778909305797
0.78340475281
0.843063915756
0.859277678549
0.849175451973
0.853553943813
0.866536908528
0.835847426233
0.859498308149
0.819502833758
0.785590319291
0.88019904747
0.833271291227
0.831417158873
0.772977439561
0.76329647869
0.775283110069
0.751061386823
0.749371939354
0.774649187187
0.730241540141
0.753848821914
0.734151951778
0.835816826344
0.802308113589
0.767954658638
