4.52093103625e+301
2.99989366966e+303
1.41558871445e+061
1.38292939857e+302
9.8847585389
39.5644280511
3.68550569974
28.7879376707
1.85927153551e+054
24564190736.3
0.993040713121
1.85791599956e+074
0.835158923216
2.0687262498
0.285019110196
0.0029041383046
3.84523957003e+016
66.7737147862
9714.66082781
0.326189452744
0.0113149338249
0.0355600482679
0.120604627631
63.2049419806
4165.70176975
0.0547046836855
0.026348132331
20.3731144495
2.86844132491e+015
16.3856675175
0.001387097065
4.39769186355
0.0508877180815
7.40615413932
3.43554455815
0.00348143357741
0.00851291367894
0.0292229037012
2656.62876705
0.95677498581
0.000489114619116
833.328181714
0.274990165582
566.237839624
0.0234699471644
0.143257120799
0.00235170638539
0.000353761707572
0.0786356723987
0.0568054708953
0.0
0.00229618672092
0.000245821918954
2.69734860236e-005
0.0
0.0
0.0
0.0
0.0
0.0
0.0186329973932
0.0
0.0
0.0
0.0
0.0
0.044656703049
0.504433815089
6.98575089323
0.204513892931
0.198058823714
0.855252198003
0.56184392924
0.561551016563
4.34749862074
0.155931987879
0.580745277726
0.185743895387
693.545950997
8.73472384586
0.187954044939
0.245940571489
0.461623783
2.90004879262
107.972402616
1041.49277084
2.09311029542
194.154648708
681401.477803
1.08991391229
1.42986309321e+158
0.255184290647
0.398257735653
3.42369580262e+152
0.333936999421
6.02654016499
3.63524896831e+021
1.92028072783
17348.9284011
87700.1534271
