2.21645470167e+131
2.06416914715e+076
7.29934618471e+296
2.94288439295e+277
2.09016353414e+297
1.2864432547e+278
1.7175542788e+253
1.47491478646e+253
2.55469355027
10.360898247
133.972956444
9.40540942311e+140
6.84469531007e+028
1.00227491384e+078
3.34723636407e+075
68.9751566203
0.105806111484
1.32612141273
9.73322534499
4.22261132945
18.7557528312
0.249392884694
936.864848056
3.4398037099e+013
1.33180342122
0.691670910399
2.567796595
8.1935864797
6.31398183982e+253
238.168659469
5061369.27126
0.740137859598
160.081345911
22616.6245232
9.91161738842
0.573582053466
31.5749435485
1.88020953153e+018
0.323743644955
1.07072798623e+112
0.869780250044
0.734682868639
0.0418364282105
2.28963307511e+028
1.08288429968
1.39295777364
0.57487343779
0.146268736232
0.0851931684344
1.0070091521
0.47122798717
0.322785965057
2.35133298775
0.510430894058
728049778.982
0.377922599908
0.179173859348
3.10338557307e+013
1.08262992856
0.150311924587
0.170325633671
0.0581183358749
0.264111348808
0.729426423809
0.431192012418
1.00932335613
0.534783186513
3.69374066669
0.0361385191898
1.58383800282e+123
1.06469384751e+028
2.58862577757
0.462243770037
1013.79732761
0.0472364325478
0.131137338638
1.58450087485
1.48650528339
2.5465510345
0.0805221696314
3.59782092601
0.900290982922
2.48083256674
25.2466485417
10.4698594749
0.0903724530367
0.253696406707
5430451.39992
5016.61871915
1.49077018447e+154
1.1392421581e+155
0.553454478012
8.31066065494
284.482780286
0.3313200539
4.29293179649
0.616992332335
0.0683640501872
16827.8117901
0.151272478945
