0.808810440885
0.78252700137
0.766865384977
0.760961988884
0.778816908811
0.777234961188
0.758705525001
0.753143936987
0.761679397812
0.739765570971
0.726065428465
0.749960255651
0.671463038914
0.668753458073
0.629660746559
0.630758752529
0.669444322783
0.686694957656
0.653789000124
0.662908430349
0.638178106154
0.647260566992
0.66357501285
0.668500369832
0.646952675626
0.656795811501
0.664592125675
0.636999859955
0.598779521509
0.618686205676
0.523774956498
0.54494139918
0.565526742822
0.554745731253
0.519623326307
0.555216219093
0.584955412688
0.590060942735
0.598005355067
0.623329682201
0.58225144908
0.597009153076
0.571221353145
0.619622508848
0.477846523732
0.442822761353
0.504050481044
0.601318309248
0.624012688388
0.617209491257
0.60087801041
0.575613175697
0.566300582961
0.527753270511
0.527121674295
0.523914146182
0.573780568669
0.479933118836
0.520516074017
0.520152095888
0.495723517647
0.549833422769
0.554223547953
0.568533461374
0.566232888273
0.544354210838
0.510340209214
0.514077790588
0.459097198297
0.395289041935
0.451687548792
0.490114838167
0.522479929147
0.576781034958
0.558970810987
0.535771128947
0.510716117204
0.515623487577
0.499339806125
0.458768483738
0.452571597628
0.465032788852
0.483115728053
0.465228373885
0.455337245581
0.498402265872
0.443389198426
0.489248693653
0.554787994024
0.584437111378
0.584396638096
0.634532731891
0.58176798061
0.56405526405
0.495252282308
0.548508932312
0.560734361336
0.553566568313
0.536088403365
0.523195871621
