0.812144858667
0.799135708276
0.79478873147
0.77445988362
0.773533287831
0.778421404224
0.77266086771
0.789800136591
0.780483465421
0.760030495315
0.718999249549
0.714122966331
0.715215386611
0.714263645858
0.7237231792
0.711007021368
0.725918905709
0.715565331881
0.70904348309
0.633373433661
0.645015124875
0.72173451762
0.758874562676
0.752894027113
0.742385842048
0.704446736118
0.734573013192
0.756052140705
0.763882464977
0.735987504597
0.716831978405
0.738865961236
0.768548779772
0.726832010872
0.721471771758
0.745649237821
0.756732876702
0.763385475495
0.741047300526
0.739430570174
0.728454401441
0.678117487663
0.678912916579
0.639556727657
0.667033526889
0.673371276405
0.651933547313
0.647646821506
0.688865886292
0.712093694513
0.708665176711
0.705452438977
0.701156186645
0.705556398102
0.67758108053
0.679372628165
0.644481459246
0.666773237525
0.667392086229
0.623877997419
0.684724543679
0.6766269395
0.702950370878
0.724227595925
0.757590768955
0.734301389568
0.760094239899
0.739686529172
0.744902675841
0.751085868136
0.670066142852
0.624748248276
0.640733713505
0.682261415353
0.693623932373
0.646129313439
0.564723841014
0.523574032969
0.519205527425
0.517890481446
0.546382406867
0.530836026306
0.525897105902
0.515492490634
0.473903148687
0.464955754288
0.460756095726
0.424310910897
0.393035713298
0.383257068947
0.357693312771
0.408734415988
0.456368310862
0.381655532627
0.364014455411
0.353731779567
0.285294375461
0.342875366619
0.316650749457
0.290690518802
