0.814546762673
0.801308507649
0.793494280258
0.785811286698
0.782401138081
0.754206652306
0.764989569914
0.754777986435
0.753204001695
0.754786963379
0.754313163311
0.736906417999
0.751988934493
0.747506157595
0.731789668856
0.729334019638
0.748286733744
0.753038655442
0.745039982844
0.6873301134
0.691283110146
0.6764040294
0.672326190816
0.708075026705
0.690597435553
0.693109287877
0.702669274795
0.720241396458
0.698643179159
0.74192762867
0.71367516863
0.702917599668
0.741804490217
0.755282428579
0.756653261074
0.775234284415
0.786447028693
0.769491251832
0.743676074926
0.741780794392
0.705653099889
0.714087314281
0.715941027802
0.720325722654
0.678951890611
0.676549692204
0.680053203365
0.706901454934
0.692132629722
0.698599061272
0.696231265027
0.684851580051
0.695247901794
0.681156063017
0.714393190898
0.699948717585
0.701874319539
0.72401016632
0.721962207234
0.708136882585
0.657790374042
0.6656601271
0.658106484863
0.626927397856
0.575994449727
0.549914656062
0.586980333091
0.630699301549
0.642456845141
0.57077676664
0.532253460467
0.52703289408
0.494100434022
0.47576524372
0.508606267958
0.513026832958
0.503816749234
0.490937052545
0.509562909092
0.49475073307
0.528391551568
0.585908752973
0.550720867239
0.51628349349
0.467239578288
0.456646631142
0.489013018276
0.483502852023
0.507543602958
0.537780193463
0.554606069177
0.535520660473
0.518280163909
0.520357766719
0.567233581675
0.559949086811
0.581071429405
0.586902754379
0.605078135131
0.603917220751
