0.818845126856
0.809512106249
0.78542202841
0.784107536437
0.778978728519
0.747021603995
0.716395410319
0.711754510003
0.72255056525
0.71792566271
0.701396678829
0.673567483506
0.621410442567
0.630448211681
0.61850488072
0.571819215741
0.562394991827
0.500561646539
0.510208584722
0.440019818831
0.512306871099
0.638664250147
0.626662024141
0.643472597162
0.642422667073
0.650590967862
0.528470329926
0.59587854049
0.637114487852
0.596022966101
0.620013305251
0.623049188953
0.577165207963
0.543624791819
0.625203169451
0.63488644574
0.732451990165
0.660127342806
0.665799388541
0.666562391502
0.544010063367
0.475274548598
0.472847933385
0.458122210739
0.484696054716
0.489574989274
0.558680978764
0.498761439206
0.492504799812
0.509069447051
0.431356308341
0.396836252541
0.406436084173
0.44473454106
0.54544379625
0.552189911094
0.536776437045
0.52984052097
0.507463170275
0.542796900854
0.579315151678
0.575843900298
0.576837120643
0.576236546133
0.561710356801
0.565460177809
0.537696080147
0.530658464255
0.542185956872
0.501253460583
0.503182200242
0.505373631353
0.507647869628
0.531662295567
0.539031918417
0.537769125656
0.546325409185
0.541219505802
0.533541776037
0.542324149967
0.549001402672
0.560750845752
0.600902891298
0.64577753102
0.641495616609
0.664846427773
0.647779186178
0.62944366151
0.622747471591
0.644190931006
0.678509948771
0.675335160672
0.663820231831
0.62383425085
0.626850105722
0.59530260141
0.566915852688
0.568857627705
0.530176686029
0.486007728722
