0.814533135294
0.794751298371
0.773317300243
0.77269565244
0.768169621521
0.771775703343
0.754193513276
0.753822326039
0.744991836589
0.7437788445
0.708596770928
0.69521094673
0.713246405812
0.727332348492
0.716842580501
0.706523333171
0.70242233637
0.689698376549
0.664208268991
0.668603179512
0.678095438138
0.645631874417
0.636507212738
0.620844282339
0.617545910727
0.656948922191
0.61624715927
0.61932619592
0.62218352573
0.589776014082
0.656605455144
0.605999762922
0.62859819016
0.619137850274
0.625284495137
0.630623558694
0.607891008723
0.63507275625
0.626215083473
0.708645448716
0.681007009088
0.662037006577
0.698270956349
0.67828348926
0.677414846098
0.685404137701
0.705208332675
0.733829360832
0.733805820993
0.692079905126
0.629425164842
0.631648361833
0.693416921879
0.72169685711
0.720712712425
0.756492958655
0.750658181874
0.674189017203
0.730258939419
0.731032055665
0.738802352928
0.645106787975
0.693755740264
0.686998888969
0.632039605951
0.669151206787
0.69505925841
0.649015696095
0.655289926954
0.551892070585
0.640008507119
0.603611519556
0.62713805349
0.660493324589
0.653572588917
0.680558370834
0.66397120032
0.629393413928
0.621437556705
0.597015640765
0.614202087673
0.54521120996
0.571807010837
0.56142565751
0.538346931644
0.461679118707
0.379010454138
0.383840757571
0.244821066913
0.415214755049
0.50593954498
0.494198805859
0.556600701425
0.600470255154
0.591950071171
0.641607007682
0.642072316181
0.595506503171
0.49907550665
0.523149799441
