0.817200115951
0.799052741808
0.780253116304
0.769731068654
0.738904290302
0.745092891247
0.696519259381
0.731251578801
0.708001900956
0.677308893795
0.675953686669
0.7138061063
0.72364224161
0.721913936328
0.71609506644
0.653641279499
0.600807909847
0.680486308004
0.744071238407
0.737338464896
0.73016483835
0.730689963976
0.718926886956
0.708350632774
0.714509323291
0.714656943465
0.657223063995
0.620614905891
0.638044390728
0.648665972734
0.635678469525
0.620596332892
0.64608730285
0.618999896049
0.63003297203
0.645318545763
0.65153008385
0.587308905881
0.605797831878
0.591882517903
0.590717292569
0.596068217257
0.580278178366
0.580284462586
0.572442747514
0.598371187651
0.606696117305
0.571504757935
0.549831473718
0.555734789365
0.556312348843
0.532007301905
0.50549953136
0.459279195975
0.434889726065
0.396912258339
0.411840805886
0.397855519958
0.368123448796
0.395465257799
0.415555096386
0.427378100148
0.426138753914
0.421949587745
0.469539856828
0.478037433407
0.49118897799
0.489269834384
0.480344502775
0.491408087671
0.563938469973
0.474206661617
0.481013319749
0.490143821157
0.491945146256
0.529097808937
0.53029248345
0.629997368312
0.56490061002
0.537484281612
0.614652130859
0.59619042529
0.570999820035
0.451712676266
0.426780148657
0.485005040154
0.394625067331
0.451740559009
0.450413753443
0.405879488963
0.514752598617
0.494319629535
0.463404631235
0.419529066128
0.395752080668
0.399219999716
0.395087731101
0.456080327126
0.516858976978
0.547146454892
