0.351376053236
0.605635432882
0.672290509477
0.663697368158
0.594880927294
0.700624443211
0.789212409675
0.748700416356
0.677237939473
0.614838170338
0.653955122422
0.708126570866
0.740286889741
0.716746328885
0.680785408687
0.722583000099
0.610556166449
0.623658529093
0.726442438847
0.711556145406
0.736564753121
0.682050215017
0.624017118815
0.657291560925
0.720943391698
0.744079022994
0.742716855434
0.677527018815
0.685753736417
0.697906095224
0.679275790904
0.64591006197
0.757218474631
0.76549491146
0.663926557437
0.744617454139
0.805750522704
0.729385148791
0.621655465718
0.644198984784
0.683131221309
0.682438672111
0.782359885693
0.727630312794
0.602940113471
0.615724196604
0.760907139175
0.735876506536
0.638683355694
0.74960673799
0.765102874778
0.753605345704
0.765274128891
0.744634281303
0.779549297471
0.609762236698
0.724378448375
0.673481933124
0.738678676363
0.771989721595
0.673350490707
0.697824233384
0.696455354137
0.645025350792
0.704365920727
0.779317920277
0.748836470287
0.674507920211
0.744955907752
0.718015282698
0.652499365373
0.739495796341
0.716714283637
0.733635076029
0.643685092525
0.677400176799
0.650848157903
0.729481642949
0.706623410986
0.692771581216
0.712485125487
0.729463112432
0.773781653257
0.790087546309
0.693515010852
0.754270730354
0.769747739044
0.793209285063
0.736068923322
0.719873785551
0.677833115997
0.746460201153
0.750211765079
0.765471981313
0.759176323156
0.755331417846
0.748264888544
0.76654910827
0.732954606416
0.717023562486
