0.980229885057
0.930806526807
0.870709724503
0.873981435803
0.822162775715
0.761302283593
0.75998102536
0.708308766789
0.685221674877
0.704437764024
0.658143796283
0.650420640815
0.681507913491
0.653033837172
0.626199270768
0.578295691861
0.545209314022
0.600073928262
0.578358453398
0.594573236215
0.594302572084
0.550579821201
0.556869443649
0.632400814562
0.636337319692
0.618041770031
0.600807814408
0.601308183515
0.608137204374
0.636614832218
0.618577777778
0.617501733822
0.629503936676
0.626347411429
0.640330741571
0.644630990976
0.660808160799
0.678270388615
0.718603745936
0.714150702427
0.713057419617
0.699401301864
0.670916970233
0.641169906442
0.655504431234
0.632692142176
0.594727093596
0.596038855346
0.588730888524
0.596750758003
0.619342143051
0.646798029557
0.657501096656
0.631405218026
0.644345866139
0.635888820962
0.589538461538
0.573109550939
0.590344827586
0.590280104978
0.611285823755
0.614419547247
0.611968253968
0.606896551724
0.603231290728
0.60754551247
0.63690683059
0.619455099361
0.597936378819
0.608429073793
0.634022988506
0.631347199416
0.623757608522
0.593345792097
0.604926108374
0.611659246533
0.62187893826
0.632975781288
0.603897828863
0.576618707412
0.581913554236
0.595862068966
0.603514687101
0.609231953104
0.638450007719
0.649326765189
0.661898839347
0.654110991746
0.612695620395
0.620945433777
0.619089390476
0.65329792935
0.656951348941
0.647764753228
0.62750513017
0.643513957307
0.654429640711
0.659279891092
0.656860249533
0.672125515193
