0.821804511278
0.700753912754
0.571259597545
0.56899209881
0.495207173779
0.537110043396
0.534678210678
0.304563436563
0.372961038961
0.386433566434
0.267011464726
0.228007064364
0.216664288466
0.37686979687
0.319052281052
0.321684458399
0.271859603888
0.454631083203
0.398039979069
0.304235097548
0.34466058283
0.271860094681
0.406613209494
0.443201857585
0.402179632879
0.319068864469
0.370508546199
0.298897759104
0.32487994496
0.278805708518
0.298810931012
0.363265306122
0.274733243414
0.204281813425
0.208934398934
0.188315779459
0.0987074829932
0.122289408071
0.146090716989
0.0740685045948
0.121527976373
0.171785345717
0.148471779535
0.210084033613
0.160185168804
0.239144738548
0.239669775603
0.140759240759
0.0
0.196777352344
0.312285759743
0.433594976452
0.337970237326
0.263098284928
0.352200301566
0.344614197567
0.281318681319
0.281213872216
0.405336270079
0.286011512297
0.326291412882
0.269067224839
0.332418861904
0.254129984301
0.272856454863
0.3528196963
0.357891405091
0.482881768703
0.410466694702
0.168519871106
0.358641358641
0.422770562771
0.277367965368
0.376363636364
0.195079206508
0.233619082505
0.321378481585
0.203084915085
0.269029411765
0.178556968242
0.197444252573
0.250679320679
0.124826375305
0.141639055622
0.125629778227
0.13773215953
0.168067226891
0.0911483119564
0.144066239127
0.169342658233
0.246401160464
0.261153830763
0.229530926217
0.185714285714
0.105123396727
0.238545547774
0.172796346511
0.243153798582
0.235017482517
0.263230737516
