0.818045112782
0.782377622378
0.775336092479
0.671637695638
0.658263305322
0.647237115197
0.515426174518
0.474282723724
0.445781119465
0.405248120301
0.366156037152
0.484725386997
0.450875659738
0.277834763379
0.203769423559
0.177443609023
0.237744876088
0.28764185253
0.274285714286
0.156992481203
0.179293744164
0.110215597818
0.242812167674
0.223163664062
0.223446631284
0.201951348961
0.172202516094
0.176810034891
0.222100113028
0.155172932331
0.147088431864
0.209825460009
0.166750208855
0.158313234066
0.200241092928
0.175860877684
0.218808295248
0.17934483267
0.227245505922
0.167763624748
0.18509273183
0.187518796992
0.174436090226
0.170719150818
0.178947368421
0.202628571429
0.194760194604
0.184010025063
0.169080151359
0.219294707357
0.203164578112
0.156317460317
0.128681704261
0.0926276475502
0.177701331761
0.11259601946
0.0775788490835
0.0664623323013
0.12424695071
0.0471178338002
0.0928170426065
0.0395415204678
0.0606015037594
0.0204865497076
0.0
0.0428571428571
0.0612130325815
0.0443909774436
0.112781954887
0.0252631578947
0.020645751634
0.0829072681704
0.0439398496241
0.0814436090226
0.24962406015
0.145368421053
0.190106147722
0.178613199666
0.204963585434
0.215779001425
0.32753283208
0.315789473684
0.29955014497
0.213224138778
0.218686716792
0.244908152735
0.216654921618
0.166513882746
0.0607672612905
0.168298766524
0.203016084147
0.312674627746
0.156677743378
0.0958637476043
0.224486215539
0.197135696384
0.217012531328
0.139986485822
0.210045112782
0.133233082707
