0.804511278195
0.67356814614
0.584849673203
0.587519779842
0.582661173475
0.57694235589
0.463875571281
0.4795696103
0.4415209539
0.370514276779
0.295458636788
0.253381818182
0.27571352624
0.226725905673
0.236842105263
0.222666666667
0.229713678135
0.236090225564
0.181895523122
0.161082706767
0.163759398496
0.246165413534
0.227367045064
0.289896673055
0.34563230298
0.327304044425
0.309871423657
0.2460749914
0.241804511278
0.194184138217
0.131408821774
0.213579645191
0.241299887419
0.209174475404
0.411451034449
0.23862947565
0.233335004177
0.260447485661
0.402018085767
0.327296673094
0.403646930998
0.478182242594
0.472717741323
0.468715585756
0.414713077256
0.426015037594
0.446553953511
0.40845112782
0.277870499779
0.36876082199
0.37468403689
0.312230399528
0.276594918669
0.201799076122
0.123040601504
0.0871263845889
0.162835087719
0.0645675954592
0.120888646687
0.104506157551
0.0916672858617
0.152354546497
0.139298245614
0.166547162023
0.136644788442
0.197953216374
0.182910806428
0.169208599931
0.290396658312
0.211314954052
0.138947368421
0.141052631579
0.0992561403509
0.0805846577227
0.141432404541
0.160827067669
0.0920978131604
0.0889122807018
0.0978947368421
0.106075880879
0.139119391616
0.0892070175439
0.140898245614
0.0782392156863
0.0693333333333
0.0899248120301
0.0844545808967
0.0668448375842
0.0630588530149
0.115789473684
0.122255639098
0.141196324144
0.141653572306
0.170175438596
0.168270676692
0.180441788159
0.15603132862
0.169053799289
0.115028547304
0.0786195881862
