0.808270676692
0.698641358641
0.695447409733
0.577976021178
0.402528103549
0.389490233286
0.357142857143
0.338933608531
0.366516290727
0.304988353236
0.256390977444
0.345612934297
0.245393483709
0.129154331908
0.235601749472
0.218884936431
0.214442970171
0.281671580913
0.333469335102
0.45247518797
0.378503710256
0.357320300752
0.390093527937
0.311474765345
0.195605680869
0.229746739398
0.330167084378
0.253764368905
0.286627106983
0.289034922147
0.321448857438
0.392548724753
0.414515504447
0.423404345421
0.493406562625
0.492249381804
0.389093683627
0.457438569112
0.460382626897
0.379905808477
0.321381886088
0.424197827903
0.424802005013
0.327594830213
0.459722276279
0.319294466559
0.284936617724
0.179388235294
0.132030075188
0.104360902256
0.29167518797
0.264360902256
0.341741353383
0.454185778171
0.260476190476
0.219968597966
0.353383458647
0.371729323308
0.350249289891
0.400751879699
0.437197660819
0.452008688388
0.430977443609
0.440735839599
0.421052631579
0.458902992776
0.421832699396
0.304174141235
0.230036738906
0.299843450129
0.341112781955
0.204210526316
0.255789473684
0.294586466165
0.398523363029
0.327097137436
0.361219413919
0.293145442793
0.315714985015
0.288693622511
0.236029411765
0.31211503268
0.382105263158
0.370104149262
0.330927318296
0.262475140466
0.325413533835
0.322807017544
0.275396312677
0.267031578947
0.248516454535
0.316996491228
0.243859649123
0.207447402821
0.196500584795
0.18439454191
0.189324756335
0.131578947368
0.161286549708
0.163415204678
