5.76266345202e+262
2.50026895741e+262
3.26879317383e+267
2.86449258945e+301
3.17840925681e+303
3.45629271023e+304
2.8842592219e+304
3.78267960722e+303
4.58520984692
7.00438216829e+012
22.5416138525
754561.561192
42.2836006797
6.34055391994e+067
2.45719913363e+018
6.47684210306e+038
8.85952226951e+043
2.20158064408e+036
2.48338185269e+060
6.8200105583
6.70318106245e+021
3.51405116764e+290
10.4291684211
1.09025363461e+037
5.88825813643e+050
1.55526573886e+081
7.96818217428e+258
2.07422374453e+250
2.80727055925e+250
4.94411284293e+157
1.77972459546e+059
3.06050682245e+089
1.31212664882e+108
1.10516314164e+072
2.0788937272e+137
5.16273397502e+163
1.20502491083e+035
142.339219976
1431.40622042
137.444995793
67.9035578422
33.8081254452
5.47961105987
6.00920170784
6.53320684355
66.9762090701
1.59258879412
21.6947422829
1.13190215214
3.52809221332
0.286643386088
0.750001770143
0.803882195008
1.17362250196
1.21084618352
2.00486670506
0.756814395749
0.658232915496
1.38518278616
1.95949474628
1.7664230027
6.75584886233
1.97371597018
2.0440813325
2.0281490443
2.50394705317
1.82832401984
3.99369191885e+012
2.54525185653
2.874831743
25.1142786112
198.231159149
3.31009636365
51.0100691288
2948.17691144
3.14009974383
11.9755758535
4.50383059391
5.5407547449
6.01484048636e+047
2.69373724747
7.00250067596
147.346065732
2.56535494982
21.5705738776
3.65547001363
2.76764581487
5.91333270684
3.18846799625
4.11914784462
4983.64079083
2.31051759831
2.29376279925
3.73416571938
1.63350199784e+019
1.40706354442e+028
3.74668317694
4.20875516213
5.10329842992
1.92579371986
