1.16986212076e+282
2.18231968287e+303
7.60434614504e+083
9.45989637982e+252
1.63688813475e+278
2.38524768428e+253
2.08997741105e+253
2.74704906163e+288
4.7635005018e+286
6.2354070016e+268
8.52407536657e+252
9.38183628867e+032
6.95663654798e+184
4.55411009492e+275
0.499014440015
4.42674671729e+048
0.0377912751809
0.152114415099
4.76307400429e+020
2.31992207245e+013
1.62562177795
0.557699679764
0.285634972057
7.883208786
2.17209095173
1.9956865042
0.81334088512
0.804743970424
0.45751962075
0.0928809967077
0.225791784637
0.0382108288176
0.0556240773491
1.1640709502
2.47734256383
0.444449006871
0.168471315253
3.05328788296e+012
7.16888823626e+012
0.155241978998
1.70746710543e+021
1.14359226156
4.3120739523e+205
11.1486845515
5.62109126325
0.277339806159
2.22399981599e+012
0.399267441365
0.174726165806
0.171462410406
0.0780269959007
0.159757162943
0.0437226031972
0.0460943464161
1.51692587236
7.78462210789
0.969719274751
0.183641623894
2.3614199974
0.101622708185
21.2458307407
2.96432966158
8672543.10233
34929172.7613
2.36724850937
521442.556621
5.1534602718e+104
18.8823146061
1.17571983048
0.508616586708
1.21906902138
8.21286372984
2.44844366943
0.936418489062
0.42253321315
1.06222717724
0.33880669515
0.544442133589
0.205729973754
0.181538425696
3.92164005324
24.7329429237
0.933113181561
10.5299603532
0.615799087624
5.69766841232
381.694317916
1.48815010064
0.581097581851
0.296556706432
3.7294526041e+091
0.335454972064
0.309623527521
0.34561924472
9.87827995387
2.87534061546
1.21884633933
0.600534394052
206.940437055
277.890567016
