0.816309623364
0.789024501759
0.754192246408
0.724481953876
0.724693067139
0.675461386736
0.616783550098
0.529626340424
0.527135343808
0.500906906726
0.51004531044
0.434682769637
0.455183399161
0.416002916665
0.413926976817
0.409271144343
0.400798424382
0.399348742962
0.370595389076
0.270734401393
0.254827608774
0.268966958376
0.252876395245
0.266156886306
0.236618633324
0.338322242981
0.247487659103
0.201231993869
0.143240204546
0.156057289149
0.240223467809
0.295666551644
0.311243331527
0.501175836835
0.392425662344
0.344820287645
0.382041990702
0.34905603973
0.46586202378
0.449140622256
0.452528204752
0.516931703176
0.524127370085
0.489128778768
0.443588909872
0.467682619512
0.475990946709
0.4183434938
0.402079330224
0.363405109109
0.385118723058
0.337213091801
0.403195537911
0.438081357901
0.420571665106
0.372424466329
0.289538241446
0.282151041665
0.330139459003
0.3139671116
0.308247833978
0.362814224252
0.285612721407
0.323093150774
0.46043644177
0.319976619376
0.346744033308
0.374249841867
0.392918104886
0.386698999787
0.423678777651
0.356298184615
0.286574760277
0.345255133327
0.252457629038
0.176231353566
0.0604087071712
0.0696700427766
0.0308079372894
0.0
0.0
0.0
0.0
0.0
0.0
0.0
0.0
0.0
0.0
0.0
0.0
0.0
0.0
0.0
0.0
0.0
0.0
0.0
0.0
0.0
