0.81677487276
0.750391303523
0.722689308815
0.724782427287
0.681296472575
0.650012282929
0.65525345075
0.703424466518
0.610000042839
0.630323200654
0.508036080566
0.49309657445
0.508468382274
0.382569717931
0.178336435233
0.244624728543
0.173386243754
0.16323584854
0.166838356813
0.165055486668
0.163664894305
0.162174720348
0.16148208912
0.0485890341763
0.110783607645
0.317374689903
0.0595576690199
0.021113361445
0.0
0.0
0.0
0.013983237529
0.153131103993
0.0
0.00903803007029
0.106421901148
0.0236850606124
0.0621058265146
0.0
0.0
0.0
0.0
0.0
0.0252899021606
0.0995267866098
0.0
0.0
0.0103894460727
0.335004282753
0.0070700280112
0.0
0.0
0.0
0.0325901810653
0.19199256224
0.0
0.0
0.0
0.0
0.0
0.0
0.0
0.0
0.0
0.0
0.0
0.0242641873465
0.284566117638
0.38319053677
0.537132791422
0.0562443867842
0.0
0.0
0.0
0.0
0.0241034936778
0.145907633751
0.0
0.0
0.0
0.0
0.0
0.0
0.0339619369054
0.148107218781
0.0
0.0
0.0
0.0
0.0
0.0
0.0
0.0
0.0
0.0
0.051323942858
0.095491244988
0.0
0.0
0.0
