3.54396537237e+296
9.98059545779e+270
1.58402311485e+257
8.12558370258e+277
1.08301125977e+065
1.74656803145e+129
5.52350766494e+188
3.22188348099e+287
17.4443791801
178588980272.0
5.81890327523e+017
3.37289367072e+056
6.21971071854e+059
6.52333164055e+059
8.52382500585e+088
1.71955670527e+278
8.82243746488e+058
38.7005723815
78.0010947746
32.8863747456
0.210071033526
7.06497512774e-029
0.0
0.0
0.0
0.0
0.0
0.0
0.0
0.0
0.0
0.0
0.0
0.0
0.0
0.0
0.0
0.0
0.0
0.0
0.0
0.0
0.0
0.0
0.0
0.0
0.0
0.0
0.0
0.0
0.0
0.0
0.0
0.0
0.0
0.0
0.0
0.0
0.0
0.0
0.0
0.0
0.0
0.0
0.0
0.0
0.0
0.0
0.0
0.0
0.0
0.0
0.0
0.0
0.0
0.0
0.0
0.0
0.0
0.0
0.0
0.0
0.0
0.0
0.0
0.0
0.0
0.0
0.0
0.0
0.0
0.0
0.0
0.0
0.0
0.00835678581298
0.664708210187
5249.45868152
643.854542546
52.8508373156
