2.49456110353e+253
2.16029627237e+205
7.64543408717e+239
2.67970678233e+236
1.14111723644e+037
8.5957914202e+035
1.62564059295e+297
6.35008526964e+012
143.196441573
55.1646932438
2.63422946514
1.32024712593
6.58044928014
2861.40005617
2.06625933175
1.31402460751
6.09969659615e+034
6.01440071994e+014
4.50433897177
1.20037940072
1.20943580547e+097
1.40088513495e+294
6.51005518428e+138
6.43859473679
325.763009737
115.042131368
223.882097296
2.23669923614
7.84692353647e+227
14.3308829118
4.09193211175
4.54929711654
7.50990758003
2.05757253267
1.89027142039
1.83234888665
1.55571580267
1.95613260982
2.85380468627
1.75716376805
11.6274414184
2.5611278247
2.76831328473
5.27042426853
28.7168613835
6.8503750563
1.36944545737e+012
8080811.05492
2.43312831055e+013
7.68641533289e+021
138.740657416
70.8719920916
1.59396700114e+014
1.62139537389e+013
9.55703054772e+034
6.34909840468e+068
1.09475289789e+060
4.11130980172e+017
2.51403527479e+032
6.94462201328e+052
2.53156251737e+056
5.16097885796e+054
15.1297178498
9.78420383229
1.78876999316
115.075364982
8.89854264409
72.5748712906
22.0888649412
38.3112406345
12.6489745578
21241.1301485
9.36713080544
31.2013923108
11586.545579
12.5949917036
4.11485421636
3.26660667955e+245
1.08624072324
47.0263713503
173.866282041
150.452727989
89.2665062513
20.6006123433
8.31949575016
1016.22862157
25.0552204892
281.181450181
294.821142443
1366.04800995
83.3286571932
0.307928383903
238.967299926
9.20522308851
0.0
0.0
0.0
0.0
0.0
0.0
