3.37331828318e+282
3.86767595212e+060
1.37486588147e+049
1.64346991262e+047
9.51870235304e+252
1.83745284225e+253
2.97863214793e+253
2.63714372092e+253
2.59870887646e+253
1.79614753111e+252
401.655416761
584.296905084
141.17173418
116.526847125
6.45631623716e+036
8.09754188528e+050
743243768.488
8.05313885728
2.4701461329
0.579157184797
0.188356943127
0.514325590989
0.210972330904
0.371102231574
0.962633313458
0.21664900268
82.7016125539
60.0849860482
24.716637048
32.7213420641
3.4726826738
7.18841917933
4.84457385921
19.1122130545
22.8710030454
2.32403617808e+061
21.652927699
4.25416444235e+014
2.25910587129e+015
15.2703924784
0.487432452201
3.85945036851e+028
2.81067648423e+038
33324.8322783
18.2709199533
863316.804681
17303052.1148
46.061646247
0.991234738356
6297.02348011
1.00679036885
4.68361391774e+032
2.22335537398
1.89826643534
0.507859655143
1.1157560607
1.2740580545
0.374285907493
1.40303951055
1.02062324416
9.86075233349e+024
11782.670302
4.64308051292e+026
1.36757401817
12.9313187834
7.19564986478e+023
0.812319918029
0.81090540578
228248347.116
2.25935963928
6.9410137728
10.2769651042
17.8534943123
0.852723387136
5.59048871389
2.35584847032e+205
2.27114297811e+032
1.15224043968e+041
2.16830656602
15.8587605803
7.12373357292e+017
18.3003882818
3.17142393569
2.01609873423
1.24933139697
1.775083691
2.42260924919
13.4147132996
5.28304313412e+035
1.31385305234
2.07070764184
2.04266059649
0.984646014741
1.51677108027e+037
1.26545804458
3.83426871189e+061
1.03665537321e+108
4.66401249935
1.55815452943
0.791097417559
