2.27226337947e+274
52.7061214234
13.4460863251
35.733909709
283030667787.0
798006921082.0
5.40995324452e+014
1.91847647928e+030
20.5337755096
7.21358211734
6.064223648
5.95437809694e+231
3.70998914464e+149
7948906211.31
6.79538822888e+293
3.10129050041e+019
1.17767962124e+071
1.06809522642e+105
5.24536840498e+144
2.67028069611e+039
4.42723363491e+257
5.29169747732e+067
5.82993238724e+012
5.07584653644e+038
2.6594577734e+081
3.82584879387e+012
6261.44313112
94084.8929223
4.83091076903
5.88300612237e+019
4104792333.37
221530352.26
328931489348.0
5.77414947116e+062
2.11113633494e+129
1.0071074942e+130
5.41566287095e+212
8.13544217251e+211
11.279923293
752.692363766
28.6902965735
28.8637100132
3.91917585413e+014
12.8249075806
15.646008459
31.6813216368
52246758.8829
2.41362746698e+236
70.4639070868
14.8589179108
2.76417919397e+056
3835520582.02
16.6238309482
56890.1929409
11.5345647399
7.99779443676
169236227228.0
0.0
0.0
0.0
0.10093133464
0.00297796744113
0.0607652619974
0.109910866469
1.66872118402e+029
0.0906677787279
0.297784269021
0.547126202504
0.38899375061
2.07830008746e+016
2.10854538944
0.256811109112
1263878.0528
0.481845835779
0.0369515204256
0.262477071126
0.268823849562
0.0971284717475
0.0843642197251
0.506059300223
0.12175771205
0.962387004159
0.434584469032
0.52385006301
0.350120686866
0.0240425863782
0.0461563269144
0.107333714927
0.0864008053664
3051583860.27
0.0610984748668
0.452675721799
0.137816499364
0.208211648967
0.0996863230879
0.151600701129
0.283276392248
0.320395101509
0.0929790433294
0.0632411545045
