1.16507243443e+219
3.09825883909e+192
2.4104423472e+253
2.26017231866e+252
7.07922793494e+021
1.90649191678e+015
4.54953274255e+015
4.693181816e+050
5.60872020184e+049
1.18120958148e+044
47.8591612673
19.95135677
16.7418448818
5.05212648148
2.88487324221
5.99920096924
0.747505966421
0.93590010524
1.06628413312
0.53805298303
1.11870159833
39444.9144613
5.07966424628
8.15417977016e+036
6.37671227827e+017
2.66276330118
2.15731635949
5.94469452035e+304
9.07795533233
7.03310827345e+023
4.61123411971e+145
1.1861794412
2.8733060661e+252
44.8338684649
8.38813766792
0.92158292718
308973.879705
3.31217005145e+017
2.46609031786
44.3080400566
1.26856320634
13.2991578663
1.14628287079
10.7375858131
0.220394191041
0.868047311117
1.82016277648
2.32284029285
2.15122770529e+087
1.13519310439e+060
2.68123522368e+169
4.26206141392e+122
1.41843864861e+057
6.20595274716e+027
2.99506226903e+033
4.18488874878e+061
6.28986506821e+061
1.43820717218e+126
1.02090734665e+153
7.37136628258e+061
5.97128548028e+225
1.44763994969e+013
3.35828217039e+030
1.82196403491e+037
7.41392932825e+020
3.90336345724e+061
1.32620135266e+225
2.5028041131e+225
2.72747960916e+184
1.47360976995
2.38492173531e+025
17.7129284101
4.01325780676
1.54510964415e+067
1.77236906021e+026
2.42752013647
4993.5285594
1.35891253811
0.0675851164402
0.293689123424
0.0926229495501
0.0743803491837
11.0107421947
3.81860553288
1.39003417645e+251
1.58234879346e+054
8.51442423489e+012
1.80338757796e+019
9.45086651152e+016
10.8794687107
1.80775546131
8.78215055304e+057
2.28820604706
2.29128445544e+022
3.35762456767e+070
2.85233575911e+051
33.24101193
11.4442660219
2.21879204332e+056
2.36735212765e+058
