5.98810364841e+287
7.25117708041e+251
3.22201245402e+250
1.17521802564e+043
4.48663831569e+292
5.19498636422e+252
2.60234254851e+302
2.77587285234e+066
3.48454454551e+279
2.02577507081e+253
3.45618866019e+253
2.32851583442e+275
1.79678303509e+301
7259959442.98
4.86293990944e+294
1.36738308396e+299
2.08715826952e+253
1.21697311323e+253
1.26913591275e+279
2.3012730206e+156
2.63789719916e+216
6.51679255734e+214
434.89551916
5.11518441492e+037
5.83267538741e+169
2.62188427213e+296
19.1481108623
15.3307726257
2.64919040651e+252
59.3418036469
27.2666455991
6.31214155168e+281
1.04688791471e+265
0.779706626816
1.11696465955
5.60365584046e+155
5.03127362693e+156
6.66691190189e+150
7.58242081213e+132
12.6999199704
0.498110413855
3.04056426777e+244
9.73784135629
20.5284060906
0.377331451409
1.55323740032
0.19971224045
3.80224343066e+030
0.274525546194
10.9539545868
0.061845860532
35.3517680714
0.358663863786
23.1143700064
167474.271092
174774.903474
2662.65125241
991.992818593
840912621.643
1.74938660658e+166
4.73669597123e+168
4.40635190221e+179
1659.44317502
2.39333556108e+029
0.826358132159
0.555440947461
4830.62816408
1.65696145336e+168
4.40105381702e+155
3.27622813039e+301
0.242056983439
2.25047466254e+303
3.30687879593e+249
6.17657962417
1.36971694551e+078
0.00204278371302
2.56944156641e+174
1880.747116
16.4764818946
99.0884026071
1.83047542838e+261
4.55942816174e+162
1.51105763665e+230
4.42301337436e+012
0.0
0.0
0.0
361.484696928
9.06503120317
0.0
3.07872144087e+296
3.06259525626e+094
3.62882018352e+198
131.396984707
15.6825137413
1.41388394925e+162
2.66416569878e+277
8.29793793038e+025
27.4776393024
20857635764.4
