1.33821526381e+195
3.01945464229e+032
263372231.64
11.5964813522
3.26030790714e+013
9536485580.28
7.51055412781
46.6509469204
61.93033779
33.1629623633
21.153279516
272117.946898
6.10260877083
42.420912739
11.4178822426
1.67080952025
2.50455840034e+012
16.9493529988
2.46006579663
9.7504888352
0.623733432053
0.236790904048
0.590754856949
0.227866460844
0.306214249519
4.60637841336
145.430390784
0.177922494512
0.179853600619
0.269454094624
0.552519222959
0.71307194564
0.527588147681
2.51257600314
17.1182964578
925.949656333
13.7051751726
0.170902353703
46.21891032
1.97802758862e+190
1.27018155975e+012
1.19953872329e+027
4.83051435922e+038
1.55610468286
0.242712605269
0.226332793808
0.227810414685
0.219723427779
0.225491568915
0.222692103179
0.232340389107
0.224387277037
0.211298981895
0.217266019951
0.225102091094
0.222985408372
0.222203622657
0.223066887665
0.221971585774
0.219550696828
0.219086568641
0.2190215141
0.227817352774
0.227277449158
0.221111093248
2.35376332887e+013
1.32498850039e+261
0.231363211567
0.224475863115
0.220820118698
0.223169505609
0.227169046098
0.226046663986
0.228556935799
0.218254453221
0.229796023127
0.239514518329
0.229670011294
0.222450975436
0.223813922439
0.229627621038
0.226712745469
0.218102630997
0.225639936007
0.213669022669
0.22366469769
0.228388848329
0.230264717325
0.232360520982
0.227776218083
0.222006132661
0.224225921822
0.224298889441
0.231834135075
0.228188006061
0.224439886775
0.224692298061
0.221478550763
0.223413402864
0.228844119382
