0.225470196806
0.295973423386
0.308612559024
0.36393088446
0.363508713808
0.385771777878
0.323808833845
0.312991222041
0.32381898391
0.480396395532
0.429024222177
0.329267812915
0.331036818378
0.386529576966
0.510076035467
0.395239654191
0.38846989127
0.288283149856
0.367563617205
0.375105454308
0.426271725113
0.520239384922
0.490533859584
0.402235591691
0.348350966931
0.322034725582
0.410163266157
0.309502141769
0.330696611895
0.374269737614
0.461060372562
0.525503074544
0.410566388459
0.439326210389
0.424669835683
0.425020990021
0.330977547765
0.332951778466
0.369903611881
0.351679704462
0.424727374548
0.444711342065
0.365971994593
0.454622320374
0.407828117064
0.478694351831
0.421196440609
0.425145098895
0.367483360918
0.392837616834
0.409309147136
0.324233231455
0.406044759137
0.445957623758
0.403538824225
0.33337754455
0.451364427562
0.460424286133
0.383650461188
0.417004607309
0.431797467092
0.411361413809
0.387973628463
0.396615156249
0.480698808336
0.368252136359
0.413831775191
0.472957499805
0.395935621264
0.407609174362
0.451823022548
0.418786657343
0.35455696897
0.496164702113
0.430412660011
0.390412459594
0.402983466981
0.348455750914
0.352988628919
0.352516168837
0.324215203292
0.387733378134
0.402723817993
0.351824745895
0.408102727472
0.532022678283
0.482951804541
0.392934808359
0.422400748028
0.404176310479
0.431150235276
0.374990360305
0.292351792423
0.245178374877
0.267139310818
0.236692366486
0.367615531296
0.446318014709
0.474756283787
0.542682237734
