0.231456704288
0.291711260918
0.368180079273
0.318254100153
0.370742353047
0.241513587426
0.286610698109
0.36227653471
0.436214510962
0.417806790027
0.339780708515
0.312837290026
0.37887511781
0.318157438668
0.383056843116
0.374789689819
0.36814012196
0.419284960545
0.438876447259
0.446596493236
0.47040257227
0.450243136905
0.320866889913
0.389650480214
0.426171410986
0.445442588907
0.387210523625
0.493966780484
0.42345950219
0.35423275504
0.457678305416
0.526889695592
0.477465837936
0.419122093943
0.301353945619
0.267505990283
0.429014878938
0.462678108189
0.366875171661
0.49983446046
0.266597649513
0.241612140445
0.442159427741
0.516863773433
0.411755330886
0.395692049734
0.344665586174
0.335808195569
0.371077089884
0.424949801315
0.421638735839
0.486139295049
0.363082728563
0.466999232234
0.449405916388
0.33414631364
0.373510720234
0.387757677061
0.377347879675
0.330183416724
0.354858949671
0.432188566109
0.397580547057
0.420024695233
0.456467228247
0.598953138378
0.51218466121
0.496231546076
0.483862127313
0.470923402802
0.375241358477
0.365078665902
0.402822330277
0.412025174392
0.52072577627
0.475126275644
0.450504594632
0.399729105582
0.357153918194
0.401809602309
0.368508807726
0.30666412442
0.316100381593
0.354209582662
0.284204266128
0.37864439574
0.417562596709
0.406278373338
0.455432250739
0.404855117512
0.419494893605
0.361567143454
0.383615462148
0.423506903081
0.332830801017
0.368388510646
0.300190678325
0.287131863682
0.274278204098
0.278121752393
