0.247530290146
0.316080126928
0.393118034358
0.339820754122
0.361983893152
0.229558296383
0.244558694106
0.308159732797
0.344852791743
0.338281818494
0.307365198302
0.275325256562
0.324786997424
0.312546743195
0.297544359837
0.259346441526
0.378772845373
0.364620307552
0.289189428698
0.277033242619
0.2706671358
0.312217449811
0.366283083333
0.349176967998
0.358825753829
0.400985699787
0.363054536002
0.337704644864
0.434683132445
0.475902360045
0.557337581334
0.47885081317
0.451587814806
0.417324008728
0.465906607146
0.433314095792
0.402479545538
0.422946648558
0.516740237229
0.477173297597
0.370834332747
0.487440234426
0.495197846453
0.403521730166
0.443745071218
0.461084108773
0.396717432023
0.280746681059
0.351607225327
0.518752820298
0.515748855702
0.562336600735
0.424408049748
0.432469461405
0.454909792267
0.445628210532
0.475726310936
0.475224152094
0.405357581863
0.445688664601
0.454132319688
0.484823149881
0.383247022122
0.415172425687
0.386403495335
0.483388817055
0.288549422477
0.384987585087
0.297548808898
0.297610970687
0.354910152009
0.441187015495
0.355561473885
0.423028585058
0.575000511321
0.55766392071
0.408547325008
0.445461350183
0.429722069192
0.426465864431
0.454191535246
0.514499844094
0.513351971011
0.533634342045
0.508396126868
0.495101735129
0.608959396196
0.443126196171
0.421703520264
0.479522239248
0.433387367868
0.397977244642
0.474861054165
0.548254998008
0.496929406863
0.475089240052
0.506730430761
0.399355556646
0.537833025022
0.511031939745
