0.265081509317
0.377535676395
0.426651545587
0.397325625471
0.40247207576
0.375895995093
0.459228674645
0.410440207659
0.340483834064
0.349570563373
0.385257615441
0.432977567745
0.456382515016
0.394756273181
0.239587566196
0.333524213757
0.373587310242
0.317590002627
0.39093358121
0.316098264986
0.345668330214
0.392523702662
0.29386341342
0.346496457522
0.358621652627
0.295707537997
0.357190776208
0.422572969475
0.429107121257
0.448919218508
0.382396723825
0.393509078432
0.437104710993
0.447503321826
0.352502748513
0.45523546007
0.435283125368
0.415415166617
0.405445224533
0.481277041484
0.399583457138
0.354228324976
0.467803931145
0.459862659621
0.371213236319
0.482407263559
0.379577081573
0.332586940118
0.322332655709
0.490640546632
0.362282967826
0.347235350111
0.29571659607
0.325575086421
0.287051635365
0.361873134131
0.301366323553
0.317346202317
0.331052693486
0.352706060002
0.350108269107
0.407553480808
0.371658848912
0.354635082167
0.291776032317
0.241481038083
0.331609717268
0.324750065182
0.373946327819
0.295116607679
0.239121024274
0.272632091789
0.4129642174
0.44994312012
0.382582829771
0.411877279547
0.316164715485
0.323875497134
0.3658512965
0.302794500529
0.28849238644
0.314555029868
0.306515992107
0.418174036472
0.399126882069
0.335059006174
0.247535243705
0.228964073944
0.25299302633
0.420020298619
0.573165338517
0.345787363823
0.225174322197
0.242941309677
0.335447031751
0.228402571404
0.288434857712
0.31420997303
0.41369646529
0.474599869189
